,std_dev
0,0.0
1,0.0
2,0.0
3,0.0
4,0.0
5,0.0
6,0.0
7,0.0
8,0.0
9,0.0
10,0.0
11,0.0
12,0.0
13,0.0
14,0.0
15,0.0
16,0.0
17,0.0
18,0.0
19,0.0
20,0.0
21,0.0
22,0.0
23,0.0
24,0.0
25,0.0
26,0.0
27,0.0
28,0.0
29,0.0
30,0.0
31,0.0
32,0.0
33,0.0
34,0.0
35,0.0
36,0.0
37,0.0
38,0.0
39,0.0
40,0.0
41,0.0
42,0.0
43,0.0
44,0.0
45,0.0
46,0.0
47,0.0
48,0.0
49,0.0
50,0.0
51,0.0
52,0.0
53,0.0
54,0.0
55,0.0
56,0.0
57,0.0
58,0.0
59,0.0
60,0.0
61,0.0
62,0.0
63,0.0
64,0.0
65,0.0
66,0.0
67,0.0
68,0.0
69,0.0
70,0.0
71,0.0
72,0.0
73,0.0
74,0.0
75,0.0
76,0.0
77,0.0
78,0.0
79,0.0
80,0.0
81,0.0
82,0.0
83,0.0
84,0.0
85,0.0
86,0.0
87,0.0
88,0.0
89,0.0
90,0.0
91,0.0
92,0.0
93,0.0
94,0.0
95,0.0
96,0.0
97,0.0
98,0.0
99,0.0
100,0.0
101,0.0
102,0.0
103,0.0
104,0.0
105,0.0
106,0.0
107,0.0
108,0.0
109,0.0
110,0.0
111,0.0
112,0.0
113,0.0
114,0.0
115,0.0
116,0.0
117,0.0
118,0.0
119,0.0
120,0.0
121,0.0
122,0.0
123,0.0
124,0.0
125,0.0
126,0.0
127,0.0
128,0.0
129,0.0
130,0.0
131,0.0
132,0.0
133,0.0
134,0.0
135,0.0
136,0.0
137,0.0
138,0.0
139,0.0
140,0.0
141,0.0
142,0.0
143,0.0
144,0.0
145,0.0
146,0.0
147,0.0
148,0.0
149,0.0
150,0.0
151,0.0
152,0.0
153,0.0
154,0.0
155,0.0
156,0.0
157,0.0
158,0.0
159,0.0
160,0.0
161,0.0
162,0.0
163,0.0
164,0.0
165,0.0
166,0.0
167,0.0
168,0.0
169,0.0
170,0.0
171,0.0
172,0.0
173,0.0
174,0.0
175,0.0
176,0.0
177,0.0
178,0.0
179,0.0
180,0.0
181,0.0
182,0.0
183,0.0
184,0.0
185,0.0
186,0.0
187,0.0
188,0.0
189,0.0
190,0.0
191,0.0
192,0.0
193,0.0
194,0.0
195,0.0
196,0.0
197,0.0
198,0.0
199,0.0
200,0.0
201,0.0
202,0.0
203,0.0
204,0.0
205,0.0
206,0.0
207,0.0
208,0.0
209,0.0
210,0.0
211,0.0
212,0.0
213,0.0
214,0.0
215,0.0
216,0.0
217,0.0
218,0.0
219,0.0
220,0.0
221,0.0
222,0.0
223,0.0
224,0.0
225,0.0
226,0.0
227,0.0
228,0.0
229,0.0
230,0.0
231,0.0
232,0.0
233,0.0
234,0.0
235,0.0
236,0.0
237,0.0
238,0.0
239,0.0
240,0.0
241,0.0
242,0.0
243,0.0
244,0.0
245,0.0
246,0.0
247,0.0
248,0.0
249,0.0
250,0.0
251,0.0
252,0.0
253,0.0
254,0.0
255,0.0
256,0.0
257,0.0
258,0.0
259,0.0
260,0.0
261,0.0
262,0.0
263,0.0
264,0.0
265,0.0
266,0.0
267,0.0
268,0.0
269,0.0
270,0.0
271,0.0
272,0.0
273,0.0
274,0.0
275,0.0
276,0.0
277,0.0
278,0.0
279,0.0
280,0.0
281,0.0
282,0.0
283,0.0
284,0.0
285,0.0
286,0.0
287,0.0
288,0.0
289,0.0
290,0.0
291,0.0
292,0.0
293,0.0
294,0.0
295,0.0
296,0.0
297,0.0
298,0.0
299,0.0
300,0.0
301,0.0
302,0.0
303,0.0
304,0.0
305,0.0
306,0.0
307,0.0
308,0.0
309,0.0
310,0.0
311,0.0
312,0.0
313,0.0
314,0.0
315,0.0
316,0.0
317,0.0
318,0.0
319,0.0
320,0.0
321,0.0
322,0.0
323,0.0
324,0.0
325,0.0
326,0.0
327,0.0
328,0.0
329,0.0
330,0.0
331,0.0
332,0.0
333,0.0
334,0.0018542097
335,0.00202972
336,0.0024152426
337,0.0021691108
338,0.0016088618
339,0.0017827008
340,0.0015649374
341,0.002012411
342,0.0022303683
343,0.0021630377
344,0.0020517397
345,0.002514091
346,0.0025440226
347,0.0019924408
348,0.001294459
349,0.0012845962
350,0.0014418748
351,0.0008427632
352,0.0006393232
353,0.00090368884
354,0.001259428
355,0.0011569795
356,0.0008212504
357,0.0010144226
358,0.0010688506
359,0.001525154
360,0.0041599376
361,0.011771365
362,0.011448923
363,0.006116343
364,0.0059135733
365,0.005456879
366,0.005345762
367,0.0058431597
368,0.0051899403
369,0.0055948542
370,0.008367919
371,0.00806162
372,0.004424174
373,0.0034448723
374,0.0024346018
375,0.0013541477
376,0.0009858761
377,0.0011201968
378,0.0014301809
379,0.0013811733
380,0.0011505218
381,0.0013562738
382,0.0013918366
383,0.0015598334
384,0.0019111442
385,0.0024956984
386,0.0032554725
387,0.0024122403
388,0.0012090845
389,0.0013780089
390,0.0012944139
391,0.0014247779
392,0.0017028596
393,0.0019430856
394,0.001944927
395,0.0019901756
396,0.0020603887
397,0.0023701768
398,0.0020643398
399,0.0015765734
400,0.0014070391
401,0.0017323262
402,0.0019166339
403,0.0017013208
404,0.0021438191
405,0.002369661
406,0.0025846874
407,0.0026855578
408,0.0020870822
409,0.0013342282
410,0.0010551759
411,0.0010548724
412,0.001256374
413,0.00094690593
414,0.0008974516
415,0.00080366177
416,0.00078129617
417,0.0014933943
418,0.0014406632
419,0.0010245853
420,0.0013961167
421,0.0010329874
422,0.00083781034
423,0.0011694646
424,0.0020341745
425,0.0020891172
426,0.002130132
427,0.0020621817
428,0.0016897516
429,0.001457494
430,0.0014611635
431,0.001878598
432,0.0018492746
433,0.0017160203
434,0.0020324856
435,0.0017432624
436,0.0012551455
437,0.0016789176
438,0.0021740696
439,0.0021910446
440,0.0019231825
441,0.0016839891
442,0.0013497992
443,0.0011679454
444,0.0007688295
445,0.002251964
446,0.002789428
447,0.0024799171
448,0.0017907149
449,0.0019039734
450,0.0018788304
451,0.0017515402
452,0.0018922129
453,0.0017040215
454,0.001787608
455,0.0015719886
456,0.0016583363
457,0.0022577208
458,0.0020977645
459,0.0012903154
460,0.0012060236
461,0.0013559303
462,0.0013477277
463,0.0012257709
464,0.00087555405
465,0.0009972643
466,0.001265675
467,0.0010523588
468,0.0011885951
469,0.0012384789
470,0.0013880467
471,0.001151988
472,0.0010717602
473,0.0006825644
474,0.0008457279
475,0.00094459794
476,0.0010669157
477,0.0010488961
478,0.00083443394
479,0.0009498213
480,0.0013055854
481,0.0022378068
482,0.0017760601
483,0.0017460649
484,0.0017192228
485,0.0019620156
486,0.0017935407
487,0.0018195267
488,0.0020987908
489,0.0013823108
490,0.0010366716
491,0.0009628163
492,0.00070124055
493,0.00083537516
494,0.00088451634
495,0.0011050777
496,0.0021167
497,0.0022616491
498,0.0017344586
499,0.0012531731
500,0.00083230366
501,0.0012744515
502,0.0015350448
503,0.0012518254
504,0.0020713068
505,0.0029161659
506,0.0036635874
507,0.0034149445
508,0.0028927985
509,0.0022492097
510,0.002648323
511,0.0026377742
512,0.0018564686
513,0.0019208506
514,0.0014740733
515,0.0015594228
516,0.0014489423
517,0.00094905496
518,0.00077467476
519,0.0006652027
520,0.0009169885
521,0.001515064
522,0.0009663164
523,0.00093384535
524,0.0014025018
525,0.001743062
526,0.001780054
527,0.0015102925
528,0.0015507202
529,0.0012280719
530,0.00082443363
531,0.0010579305
532,0.0011689168
533,0.0010477301
534,0.0013046041
535,0.0011433406
536,0.0008135596
537,0.0010283281
538,0.0011684437
539,0.0013037116
540,0.0017270091
541,0.0018566567
542,0.001767749
543,0.0018022335
544,0.002063776
545,0.0022830127
546,0.0014391675
547,0.0011092573
548,0.00090667896
549,0.0012532196
550,0.0023927854
551,0.0026332135
552,0.0016014461
553,0.0008398574
554,0.0006999112
555,0.00080867985
556,0.00065167714
557,0.0007442082
558,0.0012808525
559,0.0012101672
560,0.0016450504
561,0.002434279
562,0.0028545356
563,0.0027260864
564,0.0025115893
565,0.002633534
566,0.0029172234
567,0.0025688638
568,0.0011322135
569,0.0012551455
570,0.0012387374
571,0.0018400765
572,0.002764095
573,0.002792546
574,0.0016313529
575,0.002925323
576,0.0046044453
577,0.008572235
578,0.008244944
579,0.0048231534
580,0.003641252
581,0.0031742316
582,0.0030425123
583,0.0028061448
584,0.0020544473
585,0.002219341
586,0.0018707269
587,0.0021115926
588,0.0033528043
589,0.002346507
590,0.0008203994
591,0.0012717769
592,0.0012609983
593,0.0007341682
594,0.0018229145
595,0.0015501007
596,0.0019991635
597,0.002323423
598,0.0021795111
599,0.0022161256
600,0.0021226313
601,0.0019037442
602,0.0015956382
603,0.0015372994
604,0.0014936476
605,0.0014181442
606,0.00118737
607,0.0012229898
608,0.0020739888
609,0.0021146638
610,0.0013238923
611,0.00090291555
612,0.00066415186
613,0.00072579563
614,0.00097477273
615,0.00070061773
616,0.0008200446
617,0.0013433802
618,0.0014530743
619,0.0012795794
620,0.00074849767
621,0.0007213309
622,0.00063489215
623,0.00096033444
624,0.0015081135
625,0.0027929523
626,0.004260428
627,0.0044839294
628,0.0038738546
629,0.0034901123
630,0.0027693966
631,0.0018289713
632,0.0016705412
633,0.0013711489
634,0.0010648952
635,0.001307412
636,0.0020008516
637,0.00224443
638,0.0019537657
639,0.0016951512
640,0.0044458294
641,0.0047132126
642,0.0044965753
643,0.0051732752
644,0.003543786
645,0.0017268911
646,0.001418021
647,0.0016111938
648,0.0010245853
649,0.0005946035
650,0.00055798993
651,0.0010684694
652,0.0018393962
653,0.0018048638
654,0.0015198014
655,0.0022372215
656,0.003153156
657,0.0034974678
658,0.0033370296
659,0.0025698151
660,0.0030616124
661,0.0045683384
662,0.0037248873
663,0.001706428
664,0.0028229584
665,0.0031434493
666,0.0
667,0.0019948934
668,0.0012146082
669,0.001349864
670,0.0016213136
671,0.0016143337
672,0.0017314524
673,0.0010980234
674,0.0014667697
675,0.0017333172
676,0.0014900776
677,0.0014134161
678,0.0017818026
679,0.0020999275
680,0.0017731737
681,0.0013077236
682,0.001512911
683,0.0013686632
684,0.0007607237
685,0.0006192042
686,0.0008288697
687,0.0013213397
688,0.0011641266
689,0.000743504
690,0.0009301606
691,0.0011206124
692,0.00148352
693,0.003190419
694,0.0117662335
695,0.011843784
696,0.0052637793
697,0.0048248307
698,0.0036573696
699,0.0039875396
700,0.004729966
701,0.0050917105
702,0.0046847155
703,0.0067228605
704,0.007037214
705,0.004569638
706,0.004178095
707,0.0031212803
708,0.0009950439
709,0.0007139907
710,0.0010948647
711,0.001836657
712,0.0018681893
713,0.001080388
714,0.0012623824
715,0.0010638287
716,0.00085401523
717,0.0014888857
718,0.0022731498
719,0.00257685
720,0.001506337
721,0.00096426613
722,0.00087458955
723,0.00073859474
724,0.0010177166
725,0.00150115
726,0.0020468258
727,0.002039647
728,0.0020684244
729,0.0019212445
730,0.0019773236
731,0.0017463149
732,0.0010813035
733,0.001248473
734,0.0018589596
735,0.0019112509
736,0.002474195
737,0.0028116156
738,0.0029592118
739,0.0024843845
740,0.0022151012
741,0.0013402569
742,0.0009393765
743,0.0011194691
744,0.0014348334
745,0.0017111459
746,0.0012063856
747,0.0007821897
748,0.0006993288
749,0.00062346674
750,0.0015114868
751,0.0016904576
752,0.00096878293
753,0.0013102583
754,0.0013695561
755,0.0009102031
756,0.0010127284
757,0.0019363037
758,0.0021776143
759,0.0022938482
760,0.0022736876
761,0.0015934297
762,0.0010935348
763,0.0014658964
764,0.0019042027
765,0.0021205326
766,0.0016329756
767,0.0017628855
768,0.0014397943
769,0.0011970858
770,0.0016585995
771,0.0018389373
772,0.001656879
773,0.0015342672
774,0.0013237604
775,0.0013798873
776,0.0014674045
777,0.0007256352
778,0.00214973
779,0.0033781938
780,0.0028375501
781,0.0013367562
782,0.0014961007
783,0.0016797148
784,0.0018204221
785,0.0017569653
786,0.0013758318
787,0.0016460938
788,0.0013235186
789,0.001534419
790,0.001663068
791,0.0011414809
792,0.0010941201
793,0.0010902295
794,0.0012447843
795,0.0014737968
796,0.001461741
797,0.001259428
798,0.0013325039
799,0.0013436401
800,0.0010078023
801,0.00094373483
802,0.0009948391
803,0.0011641766
804,0.0010095047
805,0.00089404004
806,0.0008212858
807,0.0011020184
808,0.0012256997
809,0.0011099393
810,0.0010598819
811,0.0010884395
812,0.0016452626
813,0.0016457578
814,0.0023275155
815,0.0021133285
816,0.0017382802
817,0.0017225882
818,0.0022375467
819,0.0025825473
820,0.0029672754
821,0.0025021855
822,0.0012764595
823,0.0010200874
824,0.00094527553
825,0.0005246561
826,0.0006382298
827,0.00047931788
828,0.0005583028
829,0.0018543039
830,0.0023399491
831,0.0023668099
832,0.0019191529
833,0.0013476198
834,0.0014121801
835,0.000996768
836,0.0008437641
837,0.0009102031
838,0.0013093917
839,0.0026883956
840,0.0034814207
841,0.0033486958
842,0.0025699171
843,0.002631356
844,0.0029327953
845,0.002550364
846,0.0018573307
847,0.0016112298
848,0.0019698027
849,0.0020269651
850,0.0015151601
851,0.0010197165
852,0.0006760091
853,0.00065896066
854,0.001426758
855,0.0015826903
856,0.0016923676
857,0.0015495186
858,0.001481989
859,0.0015174058
860,0.0011254585
861,0.0015389266
862,0.0013531586
863,0.00074939145
864,0.00094262394
865,0.0009330971
866,0.0008130587
867,0.0014546557
868,0.0017188502
869,0.0013251009
870,0.0013085469
871,0.001341277
872,0.0017591174
873,0.0019096361
874,0.0020078358
875,0.0018329769
876,0.0019919442
877,0.001964758
878,0.0019446427
879,0.0016704716
880,0.0014690101
881,0.0012993286
882,0.0016022455
883,0.002490118
884,0.0024132296
885,0.0016860099
886,0.0011214431
887,0.0006953221
888,0.0007586166
889,0.00084231416
890,0.00077883375
891,0.0010884663
892,0.0007972991
893,0.0016135043
894,0.0021113858
895,0.0028161148
896,0.002617405
897,0.0017701347
898,0.0019524394
899,0.0023306895
900,0.0016075227
901,0.0012930867
902,0.0015491241
903,0.001311213
904,0.002182247
905,0.0024625105
906,0.0018724063
907,0.0032917545
908,0.004944401
909,0.006473868
910,0.009021068
911,0.0076359147
912,0.0032239677
913,0.002477933
914,0.003472724
915,0.002960608
916,0.0025881983
917,0.0018814465
918,0.0021347858
919,0.0021052428
920,0.0019450916
921,0.0026534724
922,0.0022236512
923,0.0012696239
924,0.0014066667
925,0.0013310397
926,0.00053454784
927,0.000838366
928,0.0007167166
929,0.0012127138
930,0.002276016
931,0.0025639648
932,0.002265853
933,0.00212964
934,0.0019230463
935,0.0017463649
936,0.001490058
937,0.0011803637
938,0.00097381684
939,0.00093822944
940,0.0012394655
941,0.0021148704
942,0.0021789102
943,0.0014496653
944,0.0007608002
945,0.0006412777
946,0.00051025767
947,0.00077846
948,0.0006575901
949,0.00090574764
950,0.0010988183
951,0.0013747737
952,0.0014858528
953,0.0012931768
954,0.0010597996
955,0.0009825345
956,0.00089381216
957,0.001239935
958,0.0021274113
959,0.003506294
960,0.0044472497
961,0.004118163
962,0.0033191813
963,0.0032200203
964,0.0026393957
965,0.001404534
966,0.0014643072
967,0.0015572938
968,0.0015423081
969,0.0016546994
970,0.0016328687
971,0.0014951082
972,0.0016553501
973,0.0037030003
974,0.004473155
975,0.005098856
976,0.0058301655
977,0.0041185305
978,0.0014144658
979,0.0014400773
980,0.0018498254
981,0.0014260031
982,0.0008900924
983,0.00071439816
984,0.0011246048
985,0.0021250432
986,0.002177681
987,0.0013704058
988,0.0018757452
989,0.0028871386
990,0.0038665754
991,0.0045708413
992,0.0032185195
993,0.0028235666
994,0.003761067
995,0.0032595377
996,0.0017887799
997,0.0024825914
998,0.0025317983
999,0.0
1000,0.0020769758
1001,0.00148352
1002,0.0009148595
1003,0.0008338408
1004,0.00082432776
1005,0.00091552734
1006,0.000737964
1007,0.0013072117
1008,0.0017242263
1009,0.0016492732
1010,0.0011542595
1011,0.0009019803
1012,0.0010458116
1013,0.0011004327
1014,0.0011802898
1015,0.0014563153
1016,0.0012031243
1017,0.000827886
1018,0.00061962707
1019,0.0007650727
1020,0.0012050339
1021,0.0009986933
1022,0.00041234036
1023,0.0010967504
1024,0.0014583723
1025,0.0017365548
1026,0.002958366
1027,0.010559176
1028,0.01122239
1029,0.0060280086
1030,0.0043959282
1031,0.0010646218
1032,0.0010869411
1033,0.0027969822
1034,0.0046841996
1035,0.0046095815
1036,0.005308151
1037,0.006327837
1038,0.005318334
1039,0.004258815
1040,0.0029347693
1041,0.0012965034
1042,0.001105578
1043,0.0013306898
1044,0.0018078607
1045,0.0017831904
1046,0.001067352
1047,0.0013572176
1048,0.0012489858
1049,0.001037822
1050,0.0014059631
1051,0.0019606058
1052,0.0015656439
1053,0.00092520367
1054,0.0010580955
1055,0.0008878006
1056,0.00079452
1057,0.001054762
1058,0.0014994041
1059,0.0025254793
1060,0.0026059381
1061,0.0020540506
1062,0.0022372215
1063,0.0020187644
1064,0.0016098926
1065,0.00084234873
1066,0.0014130867
1067,0.001655016
1068,0.0016458109
1069,0.002423723
1070,0.0024232066
1071,0.0019683393
1072,0.0011953827
1073,0.0010432762
1074,0.00096339046
1075,0.0011407923
1076,0.0010677064
1077,0.0010861375
1078,0.0013231887
1079,0.0011476345
1080,0.00088260585
1081,0.00076480635
1082,0.0008079597
1083,0.0013401265
1084,0.0015391913
1085,0.0007806254
1086,0.0010421037
1087,0.0015577796
1088,0.0011904545
1089,0.0013480084
1090,0.0015630951
1091,0.001854147
1092,0.002156772
1093,0.002431791
1094,0.002152909
1095,0.0012662957
1096,0.0018342308
1097,0.001941767
1098,0.0020181877
1099,0.0018307685
1100,0.0013022596
1101,0.00093459303
1102,0.0013084356
1103,0.001470713
1104,0.0013254083
1105,0.0011484963
1106,0.0013657255
1107,0.0009647791
1108,0.0010796065
1109,0.001448862
1110,0.0007758385
1111,0.0014322957
1112,0.0032321091
1113,0.0032992875
1114,0.0016464473
1115,0.00073230267
1116,0.0009719022
1117,0.0010813035
1118,0.001051418
1119,0.0012053719
1120,0.0013400397
1121,0.0006896061
1122,0.0009670991
1123,0.00092536095
1124,0.00086670055
1125,0.00067905895
1126,0.0006955314
1127,0.0005458617
1128,0.0009130763
1129,0.0010358571
1130,0.0011652012
1131,0.0015897176
1132,0.0015651048
1133,0.0011131598
1134,0.00067164673
1135,0.0004857714
1136,0.00081438205
1137,0.0009531859
1138,0.000791915
1139,0.0008981972
1140,0.0012625437
1141,0.0013513077
1142,0.001033776
1143,0.0011529729
1144,0.0012608599
1145,0.0019634392
1146,0.0014495248
1147,0.0020312537
1148,0.0020299638
1149,0.0019227436
1150,0.0015868957
1151,0.0017034407
1152,0.0025064854
1153,0.0034274072
1154,0.0024775804
1155,0.0011200148
1156,0.0010441684
1157,0.0009858169
1158,0.0006483639
1159,0.00066882424
1160,0.00048397068
1161,0.00046244453
1162,0.00080759946
1163,0.0012622902
1164,0.0015524647
1165,0.001518537
1166,0.0015861619
1167,0.0016602656
1168,0.0012739261
1169,0.00085544534
1170,0.00082227745
1171,0.00092803047
1172,0.0013631232
1173,0.0021859247
1174,0.0023853055
1175,0.002010255
1176,0.0021079232
1177,0.0027051987
1178,0.0027466563
1179,0.0019232279
1180,0.0014237971
1181,0.0016776863
1182,0.0019212748
1183,0.0016756555
1184,0.0010348171
1185,0.00082890486
1186,0.0007656051
1187,0.0009001392
1188,0.0011796484
1189,0.0013720825
1190,0.001403062
1191,0.0013432069
1192,0.0016346322
1193,0.0013369086
1194,0.001511352
1195,0.001218436
1196,0.0005845829
1197,0.00080507284
1198,0.00078006595
1199,0.00071480544
1200,0.0017792364
1201,0.002100662
1202,0.001474626
1203,0.0013545775
1204,0.0014711482
1205,0.002145027
1206,0.0021001354
1207,0.0019962643
1208,0.0017027742
1209,0.0019168312
1210,0.0020467122
1211,0.0019221836
1212,0.00201163
1213,0.0015496312
1214,0.0011932871
1215,0.0017938166
1216,0.0023152165
1217,0.0019811322
1218,0.0017522877
1219,0.0015719886
1220,0.0010739033
1221,0.0010869411
1222,0.0012032695
1223,0.0011207162
1224,0.00085486675
1225,0.0005945546
1226,0.001532825
1227,0.0020914422
1228,0.0029844393
1229,0.0028575214
1230,0.0012773257
1231,0.0014033732
1232,0.0017515734
1233,0.0012786009
1234,0.001417672
1235,0.0014187597
1236,0.0014555358
1237,0.0024363704
1238,0.0025940952
1239,0.0020499234
1240,0.004199869
1241,0.005289223
1242,0.006925629
1243,0.008271108
1244,0.00613428
1245,0.0012128818
1246,0.0031943757
1247,0.0041692876
1248,0.0025743525
1249,0.0019048445
1250,0.0018094698
1251,0.0025752683
1252,0.0028954432
1253,0.00260567
1254,0.0018080217
1255,0.0011823839
1256,0.00095969776
1257,0.0014435089
1258,0.0012850718
1259,0.0007476028
1260,0.0009954533
1261,0.00097223156
1262,0.0013478573
1263,0.0032559375
1264,0.0033783747
1265,0.0021229878
1266,0.001774191
1267,0.0016326904
1268,0.0014013186
1269,0.0009820604
1270,0.00068264967
1271,0.00076347333
1272,0.0006982876
1273,0.0012254622
1274,0.001991082
1275,0.0021442806
1276,0.001413272
1277,0.000951138
1278,0.0011080235
1279,0.0012556324
1280,0.0012198684
1281,0.00030307044
1282,0.0006403694
1283,0.00083978806
1284,0.0011387239
1285,0.001446872
1286,0.0013178108
1287,0.0008839239
1288,0.00088871806
1289,0.0008877678
1290,0.0014918734
1291,0.002675656
1292,0.0022714336
1293,0.0033047963
1294,0.003897986
1295,0.003486675
1296,0.0035687059
1297,0.0029396345
1298,0.0016740046
1299,0.0016622628
1300,0.0019103828
1301,0.0018112222
1302,0.0014958478
1303,0.0011337803
1304,0.0013398008
1305,0.0016294251
1306,0.0028161458
1307,0.004140379
1308,0.0051403437
1309,0.006208977
1310,0.004570154
1311,0.0010811689
1312,0.0012369035
1313,0.0019993817
1314,0.001672004
1315,0.00085778965
1316,0.00076179416
1317,0.00075631123
1318,0.0017991142
1319,0.002397403
1320,0.0017380457
1321,0.0010695312
1322,0.0029779961
1323,0.0042280476
1324,0.0046519293
1325,0.003294017
1326,0.0023607274
1327,0.0031155874
1328,0.0027582557
1329,0.0019113118
1330,0.002821298
1331,0.0033515715
1332,0.0
1333,0.001791836
1334,0.0014287352
1335,0.0007250735
1336,0.0007402479
1337,0.000761756
1338,0.0008138458
1339,0.000896121
1340,0.0010398112
1341,0.0016190682
1342,0.0020209833
1343,0.0016275485
1344,0.0011799939
1345,0.000943087
1346,0.0012336993
1347,0.0012640413
1348,0.0014143424
1349,0.0012458827
1350,0.00082492776
1351,0.0009010764
1352,0.0012531731
1353,0.001318672
1354,0.0011776731
1355,0.0009828899
1356,0.0013866831
1357,0.0013119009
1358,0.0011419142
1359,0.0028900204
1360,0.009805304
1361,0.009685744
1362,0.006153361
1363,0.0053159255
1364,0.0014412288
1365,0.00092003035
1366,0.0027749503
1367,0.004684206
1368,0.0059696003
1369,0.0054698344
1370,0.0048129265
1371,0.0054273694
1372,0.004904627
1373,0.003326521
1374,0.0019023066
1375,0.0013858434
1376,0.0013608368
1377,0.0014106542
1378,0.0015174058
1379,0.0009782895
1380,0.0010880651
1381,0.0013867461
1382,0.0011170746
1383,0.0015186904
1384,0.0016588451
1385,0.0010365593
1386,0.0010519715
1387,0.0013565741
1388,0.0011578847
1389,0.0009781705
1390,0.001089562
1391,0.0016169098
1392,0.0029656468
1393,0.0030734814
1394,0.0021032374
1395,0.0018809513
1396,0.0013994481
1397,0.0011057359
1398,0.0009070962
1399,0.00155974
1400,0.0019490378
1401,0.0022401337
1402,0.0024560962
1403,0.0017413915
1404,0.00086878
1405,0.0008329328
1406,0.0009239131
1407,0.00097477273
1408,0.0009552904
1409,0.00094558334
1410,0.00083338696
1411,0.0012267203
1412,0.0012978719
1413,0.0008854043
1414,0.0009326603
1415,0.0013584179
1416,0.001446047
1417,0.0012672836
1418,0.0009247632
1419,0.0010285827
1420,0.001124993
1421,0.0009925839
1422,0.0012005089
1423,0.0010520545
1424,0.0013741596
1425,0.0016449973
1426,0.002227156
1427,0.0023919216
1428,0.0017463149
1429,0.0018478892
1430,0.0014240833
1431,0.0018964532
1432,0.00200582
1433,0.0011923355
1434,0.0007590385
1435,0.0012339116
1436,0.0009353401
1437,0.0008736906
1438,0.0011242424
1439,0.0016265648
1440,0.0012143686
1441,0.0009833339
1442,0.0011723229
1443,0.0009142867
1444,0.0010436944
1445,0.0030226079
1446,0.0035578918
1447,0.0022966252
1448,0.0006667759
1449,0.0007887111
1450,0.00089696504
1451,0.0009710334
1452,0.001515717
1453,0.0016544355
1454,0.0010322264
1455,0.0012828731
1456,0.0012002422
1457,0.0012821696
1458,0.0008319539
1459,0.0006492162
1460,0.00061779254
1461,0.0006690853
1462,0.00078378804
1463,0.000908667
1464,0.0012290668
1465,0.0014855785
1466,0.0012438955
1467,0.0007576953
1468,0.00061717984
1469,0.00082609116
1470,0.00067609525
1471,0.0005556379
1472,0.00065479585
1473,0.0010433319
1474,0.0009582107
1475,0.0010017485
1476,0.0010871553
1477,0.0010033161
1478,0.0017879987
1479,0.0018364192
1480,0.0020369482
1481,0.0020124256
1482,0.0015121606
1483,0.0010550104
1484,0.001204913
1485,0.0026976897
1486,0.0035965454
1487,0.0020601484
1488,0.0007649966
1489,0.0007738102
1490,0.00096785114
1491,0.0007151718
1492,0.000680258
1493,0.00074087665
1494,0.0008974516
1495,0.00097151287
1496,0.0008437986
1497,0.0008924109
1498,0.0011144662
1499,0.0014356647
1500,0.0017318558
1501,0.0015305448
1502,0.0009189858
1503,0.0010944924
1504,0.0014481789
1505,0.001537659
1506,0.0014423592
1507,0.0019393225
1508,0.0016663023
1509,0.001505564
1510,0.0020359335
1511,0.0023510547
1512,0.0014597486
1513,0.0010504487
1514,0.0011652261
1515,0.0018569075
1516,0.0017214727
1517,0.0006387312
1518,0.0006286269
1519,0.000715538
1520,0.00054968713
1521,0.00078185473
1522,0.0012000967
1523,0.0016375851
1524,0.0016911633
1525,0.0019662534
1526,0.0018450205
1527,0.0018558728
1528,0.0016893726
1529,0.0013928609
1530,0.0016394502
1531,0.0013598526
1532,0.0010978908
1533,0.0016695131
1534,0.0017478142
1535,0.0015095215
1536,0.0014142189
1537,0.0018441053
1538,0.0021655925
1539,0.0019375508
1540,0.0016050766
1541,0.0014755533
1542,0.0016299073
1543,0.0018147217
1544,0.0017963458
1545,0.0017835331
1546,0.0011874192
1547,0.0011601197
1548,0.0019616596
1549,0.0023515993
1550,0.0017456649
1551,0.0016228029
1552,0.0019550165
1553,0.0017282894
1554,0.0015450984
1555,0.0017086949
1556,0.001415926
1557,0.0010860572
1558,0.0008521047
1559,0.0015000445
1560,0.0023073463
1561,0.00330844
1562,0.002838104
1563,0.0011598436
1564,0.0009615156
1565,0.0011143879
1566,0.0009945758
1567,0.0013799084
1568,0.0011991748
1569,0.0014413096
1570,0.0025457724
1571,0.0022724585
1572,0.0018125393
1573,0.005596071
1574,0.0066835326
1575,0.0062259506
1576,0.0065877736
1577,0.0031717366
1578,0.0014021905
1579,0.0033904999
1580,0.004086971
1581,0.0022672398
1582,0.0014237971
1583,0.0017641727
1584,0.00262287
1585,0.0034157627
1586,0.003461543
1587,0.0028099797
1588,0.0013296833
1589,0.00093012926
1590,0.0014536349
1591,0.0011469495
1592,0.0008410002
1593,0.0009714829
1594,0.0010366435
1595,0.0013797185
1596,0.00413202
1597,0.004203499
1598,0.002004078
1599,0.001537375
1600,0.0011375475
1601,0.00073519815
1602,0.0005624059
1603,0.00051750697
1604,0.00048174054
1605,0.00065581733
1606,0.0015341535
1607,0.0017082519
1608,0.0017128118
1609,0.0014054455
1610,0.0015942149
1611,0.0018831008
1612,0.002025342
1613,0.0019096208
1614,0.00043834175
1615,0.0006973283
1616,0.0008237627
1617,0.00063649454
1618,0.0010176308
1619,0.0010353794
1620,0.00083009776
1621,0.0008234093
1622,0.0007580793
1623,0.0015019835
1624,0.0028187076
1625,0.00258355
1626,0.002434279
1627,0.0026723363
1628,0.0023649153
1629,0.0032993846
1630,0.0029489954
1631,0.0018117684
1632,0.0015832786
1633,0.0015087116
1634,0.0013235406
1635,0.00095857505
1636,0.0008910728
1637,0.0011812265
1638,0.001652288
1639,0.0025443202
1640,0.0040323283
1641,0.004755531
1642,0.0058430354
1643,0.004574921
1644,0.0010800647
1645,0.0013147154
1646,0.0019285927
1647,0.0017065473
1648,0.00081029773
1649,0.0009108104
1650,0.00092104205
1651,0.001564863
1652,0.002209497
1653,0.0020688325
1654,0.0015032038
1655,0.004012583
1656,0.0045759073
1657,0.00405594
1658,0.003163357
1659,0.0026832917
1660,0.0026196167
1661,0.002476664
1662,0.0026165599
1663,0.003868532
1664,0.0038373123
1665,0.0
1666,0.0020367054
1667,0.0015246768
1668,0.00088451634
1669,0.0010784736
1670,0.0010337196
1671,0.0008780767
1672,0.001038607
1673,0.0007656051
1674,0.0012960767
1675,0.0018393488
1676,0.0019522754
1677,0.0014690101
1678,0.00066804053
1679,0.0010254087
1680,0.0012630278
1681,0.0013294425
1682,0.0013273173
1683,0.0009958918
1684,0.0009997418
1685,0.0011922623
1686,0.0008622566
1687,0.00069108163
1688,0.001034592
1689,0.0013638916
1690,0.0013593389
1691,0.001218651
1692,0.0027195448
1693,0.008900535
1694,0.009156653
1695,0.0059333495
1696,0.005814685
1697,0.0030060299
1698,0.0010137912
1699,0.0023626129
1700,0.0043343827
1701,0.0064943223
1702,0.0065810815
1703,0.005165162
1704,0.0063485503
1705,0.005739095
1706,0.0028507914
1707,0.0024228464
1708,0.0017298212
1709,0.0012867919
1710,0.0011946765
1711,0.0012633963
1712,0.0010602113
1713,0.0009696537
1714,0.0016275485
1715,0.001732259
1716,0.001995506
1717,0.0013383011
1718,0.001053934
1719,0.00091797183
1720,0.0011890113
1721,0.0009899415
1722,0.0007139499
1723,0.0006655089
1724,0.0013636142
1725,0.0032326854
1726,0.0035831523
1727,0.002497179
1728,0.0017159354
1729,0.0009912049
1730,0.000687408
1731,0.0010089857
1732,0.0013769103
1733,0.001796767
1734,0.0025506837
1735,0.0021203405
1736,0.00096465845
1737,0.0013911673
1738,0.0014603068
1739,0.0011754716
1740,0.0010021261
1741,0.000989618
1742,0.00078497536
1743,0.0007606855
1744,0.0009614248
1745,0.0011673223
1746,0.0006361744
1747,0.0008530946
1748,0.0011253292
1749,0.00096526166
1750,0.00092554966
1751,0.0010582606
1752,0.00090757734
1753,0.0006666013
1754,0.0007507107
1755,0.0007403658
1756,0.0005776716
1757,0.0010652777
1758,0.0015202801
1759,0.0019076538
1760,0.0018254034
1761,0.0015060857
1762,0.001393592
1763,0.0015545441
1764,0.001970039
1765,0.002339775
1766,0.0014043475
1767,0.0012015994
1768,0.0014939203
1769,0.00092296756
1770,0.00066821475
1771,0.0008771481
1772,0.0014133543
1773,0.0013396704
1774,0.0008821771
1775,0.0011871494
1776,0.0010293747
1777,0.0009030445
1778,0.0020454463
1779,0.0031735806
1780,0.0029264472
1781,0.0022236772
1782,0.0017609859
1783,0.0019356572
1784,0.0020690153
1785,0.0020760086
1786,0.0016271014
1787,0.0009188275
1788,0.00097253086
1789,0.00087412354
1790,0.0010316905
1791,0.0010795257
1792,0.00092388154
1793,0.00075684977
1794,0.0005200875
1795,0.00082156924
1796,0.0012498243
1797,0.0014081763
1798,0.001663103
1799,0.001466472
1800,0.00095009705
1801,0.000839892
1802,0.00075005135
1803,0.00039547944
1804,0.00030046643
1805,0.0006711266
1806,0.001203342
1807,0.0013619912
1808,0.0014580529
1809,0.0012575084
1810,0.0009209156
1811,0.0015243904
1812,0.0020969734
1813,0.0023706187
1814,0.0019100475
1815,0.0013154235
1816,0.0012111048
1817,0.0018860659
1818,0.0028646523
1819,0.0031181644
1820,0.0014980254
1821,0.0008152036
1822,0.00080293714
1823,0.00074087665
1824,0.00042560807
1825,0.00059489714
1826,0.000996914
1827,0.0013430119
1828,0.0014007161
1829,0.0013860114
1830,0.0010796874
1831,0.0010310132
1832,0.0010599643
1833,0.0016084458
1834,0.0016461115
1835,0.0010659331
1836,0.0015616795
1837,0.0019537807
1838,0.0017209316
1839,0.0017542631
1840,0.0019286228
1841,0.0013756414
1842,0.0011061307
1843,0.0013811733
1844,0.0019100475
1845,0.0013989281
1846,0.0010979439
1847,0.00125143
1848,0.0014676028
1849,0.0014231224
1850,0.0008018853
1851,0.0007468628
1852,0.00071092695
1853,0.0005460216
1854,0.0009850786
1855,0.0012612522
1856,0.001796362
1857,0.0019061886
1858,0.0020327005
1859,0.0022008521
1860,0.0019401627
1861,0.0016108686
1862,0.0014245941
1863,0.0018481883
1864,0.0016050948
1865,0.0009958625
1866,0.0014021905
1867,0.0015675018
1868,0.0018694819
1869,0.003054989
1870,0.003589855
1871,0.0043896344
1872,0.00239597
1873,0.0009094034
1874,0.0009186057
1875,0.0011878357
1876,0.0017363871
1877,0.001755623
1878,0.0013553721
1879,0.00095471134
1880,0.0012524297
1881,0.0015415342
1882,0.0021683862
1883,0.0020898972
1884,0.0018135667
1885,0.0017082179
1886,0.001453655
1887,0.0012756841
1888,0.001691886
1889,0.0012864525
1890,0.0012656979
1891,0.0013038231
1892,0.0016934335
1893,0.0025773467
1894,0.0032487607
1895,0.0025769628
1896,0.0012142487
1897,0.0008014133
1898,0.0009476433
1899,0.0012326845
1900,0.0012717769
1901,0.0013331807
1902,0.0015798743
1903,0.0022530882
1904,0.0017411743
1905,0.0012054926
1906,0.0053812657
1907,0.006620745
1908,0.0052869776
1909,0.0045753093
1910,0.002595699
1911,0.0032203277
1912,0.0038065938
1913,0.0036741614
1914,0.0016756033
1915,0.00097611535
1916,0.001412345
1917,0.0016145321
1918,0.0021254814
1919,0.0026874102
1920,0.0028848294
1921,0.0021498653
1922,0.0009943709
1923,0.0014460873
1924,0.0014396933
1925,0.0011577088
1926,0.00094834936
1927,0.0008239393
1928,0.0017801521
1929,0.0051144836
1930,0.0045501967
1931,0.001561083
1932,0.0012810569
1933,0.00090455794
1934,0.00082890486
1935,0.00075857824
1936,0.00066182524
1937,0.0007028987
1938,0.0011087586
1939,0.0018631194
1940,0.0016163697
1941,0.0012042607
1942,0.0012611138
1943,0.0014108812
1944,0.0012696927
1945,0.0018247337
1946,0.0022463354
1947,0.0010518054
1948,0.0007938971
1949,0.0011083911
1950,0.0010777448
1951,0.0008284483
1952,0.00085343566
1953,0.0008229143
1954,0.0008369415
1955,0.0009094034
1956,0.0015164657
1957,0.00257037
1958,0.0025774485
1959,0.0024509719
1960,0.0023336345
1961,0.0023114674
1962,0.00273874
1963,0.0021808194
1964,0.0013635075
1965,0.0012708841
1966,0.0011165795
1967,0.0010407345
1968,0.00093275396
1969,0.0013263522
1970,0.0014770515
1971,0.0016602832
1972,0.0023002971
1973,0.003918138
1974,0.004290739
1975,0.0048083346
1976,0.004005243
1977,0.0020934173
1978,0.0018976192
1979,0.0021398785
1980,0.001956088
1981,0.001377185
1982,0.0014642873
1983,0.0012793746
1984,0.0013434235
1985,0.0023321377
1986,0.003707501
1987,0.0045857737
1988,0.00518548
1989,0.0044293418
1990,0.0018310865
1991,0.0020324714
1992,0.0026089407
1993,0.0027990625
1994,0.0028581833
1995,0.0031688449
1996,0.004063324
1997,0.0033994326
1998,0.0
1999,0.0014782137
2000,0.0010728459
2001,0.0009170202
2002,0.0010590303
2003,0.00097321894
2004,0.00079316355
2005,0.0009979645
2006,0.0010298269
2007,0.0011037074
2008,0.001290834
2009,0.0018616504
2010,0.0018013774
2011,0.0011695143
2012,0.00087694905
2013,0.0010634457
2014,0.0012998885
2015,0.0013410818
2016,0.0012501037
2017,0.0008373934
2018,0.0008143463
2019,0.0005329666
2020,0.0005833868
2021,0.0010579305
2022,0.0011505724
2023,0.0013866831
2024,0.0012063856
2025,0.0021053674
2026,0.0077286446
2027,0.008863354
2028,0.006388897
2029,0.006098087
2030,0.004518631
2031,0.0019086452
2032,0.0026491582
2033,0.0034625349
2034,0.0061094114
2035,0.0071154116
2036,0.0052237846
2037,0.0066118026
2038,0.0069314884
2039,0.004654881
2040,0.003098267
2041,0.0023977791
2042,0.001361927
2043,0.0014569347
2044,0.0015616982
2045,0.0014552157
2046,0.0012387139
2047,0.0017413581
2048,0.0021212325
2049,0.002128396
2050,0.0014495046
2051,0.0012150395
2052,0.0008660623
2053,0.0009084748
2054,0.00072943553
2055,0.00077846
2056,0.00073027296
2057,0.0014307505
2058,0.0028087676
2059,0.003444906
2060,0.0030811988
2061,0.0023154302
2062,0.0015383781
2063,0.000805109
2064,0.00095778535
2065,0.0012287116
2066,0.0017052337
2067,0.0023682113
2068,0.0017575118
2069,0.0014611834
2070,0.0017215235
2071,0.0013786001
2072,0.0009964176
2073,0.0010813035
2074,0.0009959502
2075,0.00042416964
2076,0.00065909314
2077,0.0009799243
2078,0.0009290021
2079,0.0005946035
2080,0.0008835616
2081,0.0010460621
2082,0.0011938723
2083,0.0010712985
2084,0.0011145185
2085,0.0011405371
2086,0.00092063117
2087,0.0008274288
2088,0.00065657136
2089,0.0005810875
2090,0.0008192279
2091,0.0013097917
2092,0.0015085958
2093,0.0010314083
2094,0.00071223575
2095,0.0006599316
2096,0.0015189011
2097,0.0020200326
2098,0.0020474799
2099,0.0010920432
2100,0.0011015694
2101,0.0013702358
2102,0.00077935675
2103,0.0005923968
2104,0.00072947546
2105,0.0012018415
2106,0.0014787648
2107,0.0015181345
2108,0.0014744286
2109,0.0011116685
2110,0.0006857548
2111,0.001266985
2112,0.0026159813
2113,0.0030505464
2114,0.0029374952
2115,0.0022921981
2116,0.0023559763
2117,0.002277716
2118,0.002014897
2119,0.0018066689
2120,0.0015303736
2121,0.0017094611
2122,0.0016395212
2123,0.0014616614
2124,0.0015805189
2125,0.0015010724
2126,0.0015099071
2127,0.0012947961
2128,0.001449846
2129,0.0017715645
2130,0.0017283399
2131,0.0015148335
2132,0.0011789822
2133,0.0010327337
2134,0.0010339448
2135,0.00068897277
2136,0.00018656951
2137,0.0003805531
2138,0.00062108145
2139,0.0010940669
2140,0.0012450415
2141,0.001503436
2142,0.0013486344
2143,0.0008698514
2144,0.0010360819
2145,0.0022124324
2146,0.0026125412
2147,0.0018192066
2148,0.0011364213
2149,0.0014923025
2150,0.00198003
2151,0.0024460035
2152,0.0023239867
2153,0.001383994
2154,0.000855071
2155,0.00070682133
2156,0.0006033496
2157,0.0006395963
2158,0.00081420335
2159,0.0009517192
2160,0.0013423183
2161,0.0012895482
2162,0.0014505083
2163,0.0012661117
2164,0.0011116685
2165,0.0011221177
2166,0.0014028131
2167,0.0013987408
2168,0.003144227
2169,0.0033858956
2170,0.0031874985
2171,0.001928985
2172,0.0018030569
2173,0.0021084615
2174,0.0015903217
2175,0.001265675
2176,0.0017515069
2177,0.0019910673
2178,0.0013657042
2179,0.001259451
2180,0.0012793292
2181,0.0011911876
2182,0.0010856551
2183,0.0008390253
2184,0.0009384155
2185,0.00068939506
2186,0.00065261434
2187,0.0015924248
2188,0.0018958086
2189,0.0020404032
2190,0.0021291752
2191,0.003687879
2192,0.0046264464
2193,0.004249737
2194,0.0033913495
2195,0.0020035552
2196,0.0017406058
2197,0.0017239562
2198,0.0012806024
2199,0.0011698129
2200,0.0014384596
2201,0.0014872232
2202,0.0023305146
2203,0.003170663
2204,0.0048602237
2205,0.0035705403
2206,0.0016998489
2207,0.0009098833
2208,0.0011404605
2209,0.0019914326
2210,0.0020440514
2211,0.0013084356
2212,0.0007313084
2213,0.0008415191
2214,0.0011287637
2215,0.0020231567
2216,0.0022070454
2217,0.0020693108
2218,0.001732511
2219,0.00095419295
2220,0.0013765509
2221,0.0014951861
2222,0.0012673065
2223,0.0015667217
2224,0.0019563856
2225,0.0019936091
2226,0.0026512668
2227,0.003021375
2228,0.0022713311
2229,0.0013083689
2230,0.0011292793
2231,0.0015544317
2232,0.0015881424
2233,0.0013629524
2234,0.0018404244
2235,0.00223821
2236,0.0019435948
2237,0.0014033732
2238,0.0034649717
2239,0.005924386
2240,0.0058828075
2241,0.0029275806
2242,0.002396978
2243,0.0027422553
2244,0.0035707685
2245,0.0032071783
2246,0.0027137168
2247,0.0013594674
2248,0.0011367542
2249,0.0018506433
2250,0.0022406403
2251,0.002274673
2252,0.0026265625
2253,0.0032201468
2254,0.0031555272
2255,0.0024812664
2256,0.0027810687
2257,0.0031164559
2258,0.0028764133
2259,0.0018576126
2260,0.0014727103
2261,0.0019505753
2262,0.0051640803
2263,0.005365472
2264,0.002809441
2265,0.0009613945
2266,0.0007698509
2267,0.00078741857
2268,0.00074048375
2269,0.00079220894
2270,0.0010243581
2271,0.0016245774
2272,0.0018106115
2273,0.0012134096
2274,0.0009850195
2275,0.0008760857
2276,0.0010902563
2277,0.0012358912
2278,0.0017903248
2279,0.0021878944
2280,0.0012911496
2281,0.00079762755
2282,0.00092388154
2283,0.0011080235
2284,0.0008921173
2285,0.00052951515
2286,0.00060243235
2287,0.0011466957
2288,0.0016053305
2289,0.001744731
2290,0.0020898972
2291,0.0024096933
2292,0.0026230253
2293,0.0026777326
2294,0.0022130373
2295,0.0021492697
2296,0.0015542258
2297,0.00079220894
2298,0.0008920195
2299,0.0011370614
2300,0.0016693213
2301,0.0018117202
2302,0.0017840716
2303,0.001758654
2304,0.0017232976
2305,0.0021933282
2306,0.0033348396
2307,0.0037571804
2308,0.00367531
2309,0.00306583
2310,0.002492326
2311,0.0023841218
2312,0.0023574089
2313,0.0019768819
2314,0.0016968672
2315,0.0013711489
2316,0.0015834441
2317,0.0017553577
2318,0.0022405754
2319,0.0034924548
2320,0.004455005
2321,0.004525382
2322,0.0035649524
2323,0.0010338604
2324,0.0013292455
2325,0.002526689
2326,0.0032884902
2327,0.0031575004
2328,0.002992921
2329,0.003238514
2330,0.0026747312
2331,0.0
2332,0.0005595005
2333,0.00081223494
2334,0.0009473668
2335,0.0011208202
2336,0.0012819426
2337,0.0012016962
2338,0.00067609525
2339,0.0009393145
2340,0.0007832308
2341,0.0007334543
2342,0.001251523
2343,0.0015727475
2344,0.0013362117
2345,0.0011704346
2346,0.0010350139
2347,0.001016343
2348,0.0010060971
2349,0.0012441295
2350,0.00092837535
2351,0.0010072245
2352,0.0009307236
2353,0.00049432355
2354,0.0006156217
2355,0.0006310298
2356,0.001207085
2357,0.0010510305
2358,0.0017215403
2359,0.0062505417
2360,0.008540663
2361,0.006874724
2362,0.0061166575
2363,0.0053578345
2364,0.0025149938
2365,0.0024230266
2366,0.0029596447
2367,0.0045702555
2368,0.0066839242
2369,0.006361268
2370,0.007501891
2371,0.0077253827
2372,0.0054671094
2373,0.0043892297
2374,0.0030645295
2375,0.001756286
2376,0.0022132345
2377,0.0022604777
2378,0.0016919203
2379,0.0010384949
2380,0.0011184287
2381,0.0016657609
2382,0.0017600436
2383,0.0014671467
2384,0.0010753928
2385,0.00053269346
2386,0.0005809873
2387,0.0005564753
2388,0.0010078889
2389,0.0007625197
2390,0.001263857
2391,0.002254005
2392,0.00272773
2393,0.0027241106
2394,0.0026601544
2395,0.0021778548
2396,0.0014285112
2397,0.00093446847
2398,0.0011786612
2399,0.001432133
2400,0.0018595544
2401,0.0015262985
2402,0.0016558423
2403,0.0014448792
2404,0.0011001682
2405,0.0010665064
2406,0.001070918
2407,0.00083735865
2408,0.0004849319
2409,0.0007470186
2410,0.0007706444
2411,0.00072735787
2412,0.0008983268
2413,0.00098126
2414,0.00081334496
2415,0.0012854567
2416,0.0012163083
2417,0.0010694223
2418,0.0011657255
2419,0.0010944924
2420,0.0007999594
2421,0.0005300645
2422,0.0011206383
2423,0.0014724731
2424,0.0016657434
2425,0.0017851642
2426,0.0014244715
2427,0.000953308
2428,0.00083540997
2429,0.0015684855
2430,0.0018847693
2431,0.0015640631
2432,0.0010981824
2433,0.0013378443
2434,0.0012309597
2435,0.00068030076
2436,0.0008111593
2437,0.0009869087
2438,0.0014969953
2439,0.0019666383
2440,0.0021192008
2441,0.0019634985
2442,0.0013851081
2443,0.0011517354
2444,0.0011393116
2445,0.0014211782
2446,0.0019171956
2447,0.002051073
2448,0.0017898533
2449,0.0016297287
2450,0.0016483377
2451,0.0017201197
2452,0.0019313975
2453,0.0021069287
2454,0.0023015116
2455,0.0025041853
2456,0.0025748387
2457,0.0024484296
2458,0.0021060999
2459,0.0017197306
2460,0.0014940372
2461,0.0017008246
2462,0.002151868
2463,0.0022301988
2464,0.0021746987
2465,0.0013024384
2466,0.0011404605
2467,0.0010152543
2468,0.000851182
2469,0.00066458987
2470,0.00064602547
2471,0.00062561035
2472,0.00084772153
2473,0.001046952
2474,0.0010633635
2475,0.0009537964
2476,0.0006000605
2477,0.0009779622
2478,0.001662928
2479,0.002194774
2480,0.001913412
2481,0.0015724883
2482,0.0016685714
2483,0.0018174461
2484,0.0017099888
2485,0.0012974682
2486,0.0012976701
2487,0.0012594742
2488,0.0013562524
2489,0.0011200409
2490,0.000908667
2491,0.0010374574
2492,0.0011726456
2493,0.0012650079
2494,0.0010757988
2495,0.0008943004
2496,0.0008111952
2497,0.00057428615
2498,0.00076087675
2499,0.0012687754
2500,0.0028620705
2501,0.0042591705
2502,0.0044573364
2503,0.003639669
2504,0.0030168057
2505,0.002461423
2506,0.0029708042
2507,0.0027886769
2508,0.0023335349
2509,0.0018149622
2510,0.0016677515
2511,0.0014107161
2512,0.0010567744
2513,0.0010358571
2514,0.00066743034
2515,0.0010024165
2516,0.0011580606
2517,0.0010912168
2518,0.00076829933
2519,0.0008264786
2520,0.0021887722
2521,0.002342957
2522,0.0018510993
2523,0.0021465733
2524,0.0043341275
2525,0.004863187
2526,0.004214134
2527,0.0036978882
2528,0.0030948645
2529,0.0021752072
2530,0.001968857
2531,0.0018528751
2532,0.0010824603
2533,0.0012202023
2534,0.0011204046
2535,0.0012228946
2536,0.0022847839
2537,0.0046018786
2538,0.0038940792
2539,0.0020839004
2540,0.00081481074
2541,0.0009888532
2542,0.001920199
2543,0.001979545
2544,0.0014264723
2545,0.0010160853
2546,0.00067540613
2547,0.0007372143
2548,0.0012315034
2549,0.0016879766
2550,0.0023605672
2551,0.002232416
2552,0.0011458071
2553,0.0020970984
2554,0.0021096207
2555,0.0013269664
2556,0.0018472906
2557,0.0023610357
2558,0.0024030171
2559,0.002466207
2560,0.0025973467
2561,0.0021445928
2562,0.0013288732
2563,0.001337692
2564,0.0018053637
2565,0.0014552558
2566,0.0015421949
2567,0.0022689593
2568,0.002303458
2569,0.0015476956
2570,0.001690492
2571,0.00381501
2572,0.004754515
2573,0.004436813
2574,0.0029749747
2575,0.0018414995
2576,0.0018972204
2577,0.0025099202
2578,0.002173601
2579,0.0017981594
2580,0.0015245813
2581,0.002186151
2582,0.00250963
2583,0.0028020244
2584,0.0028358574
2585,0.0027997694
2586,0.00399282
2587,0.0044430858
2588,0.003787124
2589,0.0033713982
2590,0.0034614084
2591,0.0032286944
2592,0.002191244
2593,0.0015082678
2594,0.0019777063
2595,0.0048042233
2596,0.005352965
2597,0.0030552843
2598,0.0009867023
2599,0.00093103625
2600,0.0008167729
2601,0.00086888054
2602,0.00096248375
2603,0.0013490659
2604,0.0019507543
2605,0.001391502
2606,0.001040175
2607,0.0009837482
2608,0.00089322584
2609,0.001346626
2610,0.0017402045
2611,0.001738933
2612,0.0020837607
2613,0.0015293083
2614,0.0007330574
2615,0.0006535056
2616,0.0009437965
2617,0.0009967097
2618,0.0005621471
2619,0.00068333145
2620,0.0013837207
2621,0.0017456481
2622,0.001626332
2623,0.0016458463
2624,0.0016971244
2625,0.0023612576
2626,0.0030545983
2627,0.0024167846
2628,0.0016376917
2629,0.0012067233
2630,0.0011209759
2631,0.0014543956
2632,0.0018087137
2633,0.0021369387
2634,0.0020872774
2635,0.001920199
2636,0.0020009386
2637,0.0019554035
2638,0.0020175674
2639,0.0027077366
2640,0.003257412
2641,0.0025786676
2642,0.0019104894
2643,0.0019900294
2644,0.002262022
2645,0.0026138443
2646,0.0021597522
2647,0.001758654
2648,0.0014415922
2649,0.0020138277
2650,0.0024130968
2651,0.0018114953
2652,0.0015483724
2653,0.0014780759
2654,0.0010618846
2655,0.0006808567
2656,0.0011501675
2657,0.0014912685
2658,0.0018175261
2659,0.0029031625
2660,0.0028388423
2661,0.0025591927
2662,0.0023953505
2663,0.0022126164
2664,0.0
2665,0.00049982726
2666,0.00087641785
2667,0.0011487497
2668,0.0015563965
2669,0.0020166873
2670,0.0022100238
2671,0.00179078
2672,0.0013037785
2673,0.0010299966
2674,0.000958909
2675,0.0012053719
2676,0.0017572634
2677,0.0021090412
2678,0.0024410964
2679,0.0024755476
2680,0.0025902665
2681,0.002208825
2682,0.0019712206
2683,0.0012491255
2684,0.0012602365
2685,0.0014265132
2686,0.0013926937
2687,0.0009920266
2688,0.0007747499
2689,0.0006259824
2690,0.00044493173
2691,0.0009261155
2692,0.004373001
2693,0.008153343
2694,0.008772991
2695,0.006944195
2696,0.0054102414
2697,0.0031374905
2698,0.0023227215
2699,0.0030180789
2700,0.0040076114
2701,0.0057391915
2702,0.0067414325
2703,0.0077123633
2704,0.008301524
2705,0.0066424645
2706,0.005488627
2707,0.0036040149
2708,0.002393199
2709,0.0028348719
2710,0.0030568368
2711,0.0023234482
2712,0.0011086799
2713,0.0015109669
2714,0.0016547873
2715,0.0014168507
2716,0.0015462282
2717,0.0012326845
2718,0.0011991991
2719,0.001330121
2720,0.001240897
2721,0.0014978311
2722,0.0011852602
2723,0.0016001734
2724,0.001830387
2725,0.0018032991
2726,0.0018397443
2727,0.0022213857
2728,0.002347375
2729,0.0021178545
2730,0.0015924065
2731,0.001107314
2732,0.00122691
2733,0.0010700481
2734,0.0010510028
2735,0.0012078803
2736,0.0008525486
2737,0.0009686327
2738,0.0011042609
2739,0.0010095047
2740,0.0009764433
2741,0.00092331436
2742,0.00071870355
2743,0.0006165193
2744,0.00060609286
2745,0.00093844655
2746,0.000945768
2747,0.0009363353
2748,0.0015871892
2749,0.001507573
2750,0.0010354075
2751,0.0008821441
2752,0.0013611148
2753,0.0012757981
2754,0.001340843
2755,0.0016765062
2756,0.0017422771
2757,0.0015817153
2758,0.0017032869
2759,0.0015050999
2760,0.0011939697
2761,0.0015492556
2762,0.0017072805
2763,0.0016311388
2764,0.0009852264
2765,0.0008744897
2766,0.0011231547
2767,0.00096974376
2768,0.00080126803
2769,0.001088787
2770,0.0012836669
2771,0.0015900471
2772,0.0017453647
2773,0.001651178
2774,0.0012977822
2775,0.0010159421
2776,0.0011814235
2777,0.00096968375
2778,0.0008555134
2779,0.0009102031
2780,0.0010428855
2781,0.0012138173
2782,0.0014396933
2783,0.001708269
2784,0.001928819
2785,0.0022565217
2786,0.0024103695
2787,0.0023394143
2788,0.0026146236
2789,0.0027322927
2790,0.0026200723
2791,0.0021987883
2792,0.0014783711
2793,0.0010442241
2794,0.0015903949
2795,0.0021409255
2796,0.0019865455
2797,0.002177213
2798,0.0014356647
2799,0.0009257069
2800,0.0011517354
2801,0.0011866591
2802,0.001110647
2803,0.00088464795
2804,0.0007823385
2805,0.0008465878
2806,0.00078575354
2807,0.00063713436
2808,0.00093144254
2809,0.0011345759
2810,0.0013160208
2811,0.0013420797
2812,0.0015598148
2813,0.0013562738
2814,0.0015596842
2815,0.0015359545
2816,0.0015263938
2817,0.001132162
2818,0.00098499
2819,0.001224702
2820,0.0012495448
2821,0.001281761
2822,0.0009419445
2823,0.00059655815
2824,0.00096465845
2825,0.0011046826
2826,0.0010384108
2827,0.0007158226
2828,0.00050968694
2829,0.00081123103
2830,0.0006387312
2831,0.0007045117
2832,0.0013147596
2833,0.0033117812
2834,0.0042938245
2835,0.0038844708
2836,0.0033627807
2837,0.0035189213
2838,0.0031336665
2839,0.0034849718
2840,0.0037292836
2841,0.003310533
2842,0.0024593647
2843,0.0023827297
2844,0.0018408356
2845,0.0014261255
2846,0.0010537682
2847,0.0005250997
2848,0.0010921232
2849,0.0012491022
2850,0.0011243719
2851,0.00080086844
2852,0.0009598494
2853,0.0025713888
2854,0.0029211317
2855,0.0018490542
2856,0.00240378
2857,0.004087298
2858,0.003470578
2859,0.0012861132
2860,0.002373453
2861,0.0028525265
2862,0.0024886448
2863,0.0025960354
2864,0.0021045792
2865,0.0009921147
2866,0.00088201213
2867,0.00086222286
2868,0.0009932874
2869,0.0014168917
2870,0.0029600577
2871,0.0036311029
2872,0.0024753124
2873,0.0011792784
2874,0.0012769838
2875,0.0016199308
2876,0.0012639262
2877,0.0012838709
2878,0.0014596888
2879,0.0015213327
2880,0.0011435951
2881,0.00095562544
2882,0.0013163083
2883,0.002426987
2884,0.002534234
2885,0.0012363857
2886,0.0022251296
2887,0.0022178586
2888,0.0007816686
2889,0.0016423413
2890,0.002473995
2891,0.0027223472
2892,0.0023016885
2893,0.0023718707
2894,0.0020966264
2895,0.0008197606
2896,0.0006548403
2897,0.0015067233
2898,0.0013268787
2899,0.0016379405
2900,0.0025211656
2901,0.002712376
2902,0.001893074
2903,0.001966446
2904,0.0031784556
2905,0.0034319302
2906,0.0027675359
2907,0.0023823387
2908,0.0016391483
2909,0.0014098494
2910,0.002120011
2911,0.0018775287
2912,0.001076583
2913,0.0017275314
2914,0.002925741
2915,0.002892406
2916,0.002430031
2917,0.001731923
2918,0.0021399602
2919,0.0049929186
2920,0.0057782074
2921,0.004148546
2922,0.0024039857
2923,0.0019301312
2924,0.002445099
2925,0.0023366134
2926,0.0018967295
2927,0.0022190392
2928,0.0047588223
2929,0.0055245035
2930,0.0030022613
2931,0.0007921722
2932,0.0007267574
2933,0.0007301534
2934,0.00083829655
2935,0.000977069
2936,0.0027463594
2937,0.0027270042
2938,0.0014843633
2939,0.0011474062
2940,0.0011371381
2941,0.00091980887
2942,0.001134499
2943,0.0015711738
2944,0.0018966068
2945,0.0019863257
2946,0.0014354823
2947,0.00096541236
2948,0.00081280805
2949,0.0006393232
2950,0.0010022423
2951,0.0008173072
2952,0.00079003844
2953,0.001618421
2954,0.002031741
2955,0.0017118941
2956,0.0016769923
2957,0.0016731177
2958,0.0019779857
2959,0.0031027445
2960,0.0028849505
2961,0.002056175
2962,0.0015262222
2963,0.0014072459
2964,0.0015992274
2965,0.0021696072
2966,0.002788447
2967,0.0025490513
2968,0.0020109932
2969,0.0019876587
2970,0.001894027
2971,0.0015983718
2972,0.0016503494
2973,0.0023897428
2974,0.0027447059
2975,0.0022941781
2976,0.002193461
2977,0.0022130506
2978,0.0024784848
2979,0.0020688183
2980,0.0019750262
2981,0.0021781889
2982,0.002777194
2983,0.002511601
2984,0.0018414204
2985,0.0013735453
2986,0.0013513723
2987,0.0010310415
2988,0.00041396057
2989,0.0013096139
2990,0.0016190324
2991,0.0009121515
2992,0.0018989071
2993,0.0020177693
2994,0.0015757609
2995,0.0019142483
2996,0.0013458909
2997,0.0
2998,0.0008015586
2999,0.00095556455
3000,0.00133353
3001,0.0016260815
3002,0.0019863257
3003,0.0023381822
3004,0.002119805
3005,0.0016458463
3006,0.0012597514
3007,0.0014839711
3008,0.0019362585
3009,0.0019857248
3010,0.0024221735
3011,0.0023173399
3012,0.0023992474
3013,0.0023889996
3014,0.0025159193
3015,0.0022872665
3016,0.0016834878
3017,0.0011588144
3018,0.0012826462
3019,0.0013374527
3020,0.0010373171
3021,0.00088445056
3022,0.00081727165
3023,0.0007596134
3024,0.0012531034
3025,0.003771399
3026,0.0072358684
3027,0.009809227
3028,0.00830042
3029,0.005335271
3030,0.003958994
3031,0.0019349805
3032,0.0024500932
3033,0.0027359119
3034,0.0041758376
3035,0.0058627515
3036,0.008439093
3037,0.009639437
3038,0.009226957
3039,0.006475428
3040,0.0038090397
3041,0.0024721592
3042,0.0028013906
3043,0.0032008106
3044,0.0026019367
3045,0.0016623328
3046,0.0017663325
3047,0.0018897966
3048,0.0018542097
3049,0.0019940324
3050,0.0018113668
3051,0.0015795795
3052,0.0014409259
3053,0.0012670768
3054,0.0011146752
3055,0.0009887648
3056,0.0013985743
3057,0.0016204158
3058,0.0013519106
3059,0.00094049115
3060,0.0010727103
3061,0.0015333375
3062,0.0017148836
3063,0.0018679867
3064,0.0015264129
3065,0.0013203924
3066,0.0008080678
3067,0.0008992658
3068,0.0007032299
3069,0.0007525693
3070,0.00097614515
3071,0.0008168798
3072,0.00074892526
3073,0.0009812006
3074,0.0011095196
3075,0.0011503447
3076,0.0013172587
3077,0.0014273901
3078,0.0014339406
3079,0.0012488692
3080,0.0017248507
3081,0.0019323165
3082,0.0019925286
3083,0.0016588451
3084,0.0015429684
3085,0.0016850774
3086,0.0014603665
3087,0.0016983073
3088,0.0016954602
3089,0.0014616017
3090,0.0009978478
3091,0.0010967238
3092,0.0010233632
3093,0.001197572
3094,0.0018944264
3095,0.0018007634
3096,0.0014366172
3097,0.000702153
3098,0.0006395508
3099,0.00079580105
3100,0.0007425639
3101,0.0010093029
3102,0.0012123297
3103,0.0012322831
3104,0.0012153748
3105,0.0011547637
3106,0.001452393
3107,0.0014580529
3108,0.0013822686
3109,0.001711843
3110,0.0016846283
3111,0.0017192566
3112,0.0013159324
3113,0.0011467465
3114,0.0012615522
3115,0.0016414018
3116,0.0017284915
3117,0.0018038477
3118,0.0021203952
3119,0.0024136275
3120,0.0022064256
3121,0.0019722243
3122,0.0015804084
3123,0.0017018851
3124,0.002034661
3125,0.0021634682
3126,0.0019630094
3127,0.0022543666
3128,0.0021010637
3129,0.0015564712
3130,0.0021062933
3131,0.0015143531
3132,0.0012438253
3133,0.0019315481
3134,0.0015459458
3135,0.0013910208
3136,0.0011013051
3137,0.0011103062
3138,0.0011121135
3139,0.0011480148
3140,0.0011203006
3141,0.0014014639
3142,0.0014901557
3143,0.001589443
3144,0.0012883515
3145,0.00091259804
3146,0.0009926719
3147,0.0013437268
3148,0.0011494842
3149,0.0010197165
3150,0.00088825944
3151,0.0009890003
3152,0.0008052897
3153,0.0007848641
3154,0.0010048813
3155,0.00093328423
3156,0.00072362705
3157,0.0011499905
3158,0.0012148718
3159,0.0007319051
3160,0.00051750697
3161,0.0006718201
3162,0.0009012056
3163,0.0011405881
3164,0.0011094934
3165,0.0015872074
3166,0.0029694226
3167,0.0035367408
3168,0.0025379178
3169,0.002571536
3170,0.0026478176
3171,0.0028562583
3172,0.003052435
3173,0.0037851718
3174,0.0037721011
3175,0.003297664
3176,0.0029479293
3177,0.0022113533
3178,0.0013950323
3179,0.0012972439
3180,0.0009146368
3181,0.0011153799
3182,0.0013169493
3183,0.0015381889
3184,0.0012603982
3185,0.00078006595
3186,0.002702874
3187,0.0033918386
3188,0.0019524543
3189,0.0020204217
3190,0.0032924882
3191,0.0025358873
3192,0.0013065658
3193,0.0018869453
3194,0.0026922252
3195,0.0028056263
3196,0.0029667262
3197,0.0021059064
3198,0.00077087095
3199,0.00083478267
3200,0.0012457191
3201,0.0014492436
3202,0.0016087714
3203,0.002465369
3204,0.0030179825
3205,0.0024156282
3206,0.0016546114
3207,0.0013882144
3208,0.0010854942
3209,0.0006303376
3210,0.0010824603
3211,0.0012029308
3212,0.001419785
3213,0.0011004856
3214,0.000863336
3215,0.0011926284
3216,0.00208545
3217,0.0024266753
3218,0.0015051193
3219,0.0020823914
3220,0.0021538688
3221,0.0009297224
3222,0.0019785007
3223,0.003019843
3224,0.0027375603
3225,0.0017682593
3226,0.0019627127
3227,0.0021490394
3228,0.0013840782
3229,0.0007162697
3230,0.0016050586
3231,0.0013903303
3232,0.0011191571
3233,0.0020591735
3234,0.002222355
3235,0.0014027716
3236,0.0014917174
3237,0.0019856957
3238,0.0018914129
3239,0.00197063
3240,0.002046257
3241,0.0016481611
3242,0.0019311262
3243,0.0022347225
3244,0.0017394183
3245,0.00089560123
3246,0.0019616152
3247,0.0031680183
3248,0.003049325
3249,0.0022008654
3250,0.0010684694
3251,0.0017818026
3252,0.0053186784
3253,0.006699612
3254,0.004150769
3255,0.0016524289
3256,0.0012257709
3257,0.0024478352
3258,0.0028025333
3259,0.0022596407
3260,0.0031795267
3261,0.0048868638
3262,0.0046442086
3263,0.0026378846
3264,0.0011401032
3265,0.00082538626
3266,0.0006474655
3267,0.00068324624
3268,0.0013307116
3269,0.0036051453
3270,0.003134168
3271,0.0015830948
3272,0.0011035491
3273,0.0010603486
3274,0.00080003217
3275,0.0006801296
3276,0.0020546457
3277,0.0026706804
3278,0.0018336596
3279,0.001436597
3280,0.0015049259
3281,0.0011239577
3282,0.0005776213
3283,0.0008992982
3284,0.0008025383
3285,0.0009205047
3286,0.0015206246
3287,0.0016935022
3288,0.001546774
3289,0.00201598
3290,0.0023198253
3291,0.0021808194
3292,0.002750119
3293,0.0028748345
3294,0.0021362032
3295,0.0016213136
3296,0.0015960577
3297,0.0015286611
3298,0.0034310906
3299,0.0038501087
3300,0.0031093692
3301,0.0022621895
3302,0.0019231825
3303,0.0017085245
3304,0.0015041714
3305,0.00138111
3306,0.0014606057
3307,0.002270293
3308,0.0021712163
3309,0.0021494727
3310,0.0020748025
3311,0.0021794443
3312,0.0018019106
3313,0.0017411575
3314,0.0024601575
3315,0.003120693
3316,0.0025354626
3317,0.001812202
3318,0.0014413096
3319,0.0014613826
3320,0.0011598436
3321,0.00043440677
3322,0.0011788834
3323,0.0015274612
3324,0.0008614124
3325,0.001156753
3326,0.0012933792
3327,0.0010887603
3328,0.002122124
3329,0.0023051505
3330,0.0
3331,0.0011038919
3332,0.0011411748
3333,0.0012281666
3334,0.0012338645
3335,0.0007369379
3336,0.0012468634
3337,0.0013988657
3338,0.0009699838
3339,0.0012867466
3340,0.002231112
3341,0.0021759027
3342,0.0012764367
3343,0.0013049387
3344,0.00085391296
3345,0.0009448444
3346,0.0013053624
3347,0.0016531333
3348,0.0017180204
3349,0.0016120425
3350,0.0009261155
3351,0.00088504265
3352,0.0008943004
3353,0.00063690596
3354,0.0008166304
3355,0.000961788
3356,0.0009568429
3357,0.0011044191
3358,0.0025431646
3359,0.0060551297
3360,0.010229618
3361,0.008994264
3362,0.00563301
3363,0.0045263725
3364,0.0015695428
3365,0.0016625954
3366,0.00202863
3367,0.0026332575
3368,0.0044699917
3369,0.007191209
3370,0.010243774
3371,0.011636057
3372,0.009520485
3373,0.0059207594
3374,0.0028583768
3375,0.0025725884
3376,0.0029084207
3377,0.0022001115
3378,0.00164832
3379,0.001956475
3380,0.0018955015
3381,0.0014978116
3382,0.0013665777
3383,0.0014158643
3384,0.00097025384
3385,0.0010609797
3386,0.001205734
3387,0.0011331384
3388,0.00092249445
3389,0.0013980748
3390,0.0013908744
3391,0.0012279771
3392,0.00067953026
3393,0.0008370458
3394,0.0010131595
3395,0.0014263295
3396,0.0015873725
3397,0.0016182052
3398,0.0013356671
3399,0.0012587807
3400,0.0010147381
3401,0.00051225006
3402,0.0007514857
3403,0.0006269116
3404,0.00067536306
3405,0.00089605607
3406,0.0010353794
3407,0.00096420577
3408,0.0010111467
3409,0.0012621749
3410,0.0017045508
3411,0.001889581
3412,0.0017463983
3413,0.0020087343
3414,0.0018286848
3415,0.0020620688
3416,0.0017155962
3417,0.001649185
3418,0.0014189443
3419,0.0012856831
3420,0.001607939
3421,0.0015869325
3422,0.0011464927
3423,0.0008597891
3424,0.00087118865
3425,0.0009883821
3426,0.0013591248
3427,0.0021647995
3428,0.0016887696
3429,0.00092765404
3430,0.0004351431
3431,0.00065829785
3432,0.00083237357
3433,0.00091262994
3434,0.0011142574
3435,0.0012170738
3436,0.0013580965
3437,0.0012093975
3438,0.000922873
3439,0.0020977783
3440,0.0025658596
3441,0.0019133055
3442,0.0019497992
3443,0.0017903086
3444,0.0016909052
3445,0.001527385
3446,0.0017275483
3447,0.0015354239
3448,0.0014339203
3449,0.0013565955
3450,0.0020503919
3451,0.0024605477
3452,0.0023656292
3453,0.0015655138
3454,0.0010769344
3455,0.0008683779
3456,0.0012528247
3457,0.0017434962
3458,0.0023200135
3459,0.002354679
3460,0.0029398326
3461,0.002527242
3462,0.0016354155
3463,0.0017848545
3464,0.0013720613
3465,0.0017104483
3466,0.0021779349
3467,0.0017474311
3468,0.0016734829
3469,0.0017871358
3470,0.0018266307
3471,0.0014386214
3472,0.0013996352
3473,0.0013476845
3474,0.0013513723
3475,0.0011187148
3476,0.00095510756
3477,0.0008121633
3478,0.00094816525
3479,0.0010990566
3480,0.0011120873
3481,0.0008160956
3482,0.00083279307
3483,0.0007470186
3484,0.00080720294
3485,0.0008162026
3486,0.0010099659
3487,0.0014106542
3488,0.0012098305
3489,0.0010354638
3490,0.001461741
3491,0.0015088466
3492,0.0011904056
3493,0.0011838845
3494,0.0010764478
3495,0.0013858853
3496,0.0015071676
3497,0.0016990269
3498,0.0020741993
3499,0.0030286582
3500,0.0034495748
3501,0.002307914
3502,0.0009979645
3503,0.0011663995
3504,0.0022583522
3505,0.0037286906
3506,0.0043800035
3507,0.0037047134
3508,0.0036558653
3509,0.0035422416
3510,0.0022824516
3511,0.0012248209
3512,0.0011712549
3513,0.0009532775
3514,0.0010583155
3515,0.0016063636
3516,0.002837817
3517,0.0031755334
3518,0.0029623378
3519,0.0025508548
3520,0.0030976376
3521,0.002075616
3522,0.0018441211
3523,0.002522193
3524,0.0020198165
3525,0.0014898822
3526,0.001532825
3527,0.0025880297
3528,0.0032783945
3529,0.0031299586
3530,0.0016333142
3531,0.00058686855
3532,0.0015899007
3533,0.0017739121
3534,0.0016403198
3535,0.00186201
3536,0.0020455315
3537,0.0022580302
3538,0.0021003156
3539,0.0018421789
3540,0.0017656733
3541,0.001458033
3542,0.00070119905
3543,0.00066612085
3544,0.00037771283
3545,0.00072775787
3546,0.00076587114
3547,0.00054846803
3548,0.00095162744
3549,0.0015994821
3550,0.0019748346
3551,0.0011082073
3552,0.0009792708
3553,0.001219033
3554,0.0011957479
3555,0.002882518
3556,0.0034597854
3557,0.0025765223
3558,0.0014250434
3559,0.0015865839
3560,0.0022346443
3561,0.0016713947
3562,0.0006800012
3563,0.001507322
3564,0.0017007561
3565,0.0016578623
3566,0.002025342
3567,0.0018846921
3568,0.0008821111
3569,0.001221299
3570,0.0013653846
3571,0.0012313615
3572,0.0019119512
3573,0.0019026584
3574,0.0013792966
3575,0.0018617598
3576,0.0020105878
3577,0.001504423
3578,0.0009337207
3579,0.001827666
3580,0.0027129874
3581,0.0031265814
3582,0.0027727785
3583,0.0014789223
3584,0.001184941
3585,0.0055120513
3586,0.0072024395
3587,0.004216095
3588,0.0019373855
3589,0.001143086
3590,0.002074943
3591,0.0033293806
3592,0.002862518
3593,0.0032333874
3594,0.0047145956
3595,0.0043575466
3596,0.002937733
3597,0.0015571443
3598,0.0009080582
3599,0.0007639306
3600,0.0013099472
3601,0.0017012352
3602,0.0035038362
3603,0.0029252137
3604,0.0011113805
3605,0.0012971093
3606,0.0013987408
3607,0.0014512104
3608,0.0010599643
3609,0.0023482305
3610,0.0029294193
3611,0.0014424399
3612,0.001154915
3613,0.0015113328
3614,0.0012816021
3615,0.0008090756
3616,0.0008541856
3617,0.0012144166
3618,0.0015762041
3619,0.0017029451
3620,0.00134548
3621,0.00097220164
3622,0.001824303
3623,0.0024880134
3624,0.0026700918
3625,0.0027906068
3626,0.0026710073
3627,0.001976455
3628,0.001900531
3629,0.0021356582
3630,0.0022723689
3631,0.0036131768
3632,0.0040975036
3633,0.0032581892
3634,0.0022190392
3635,0.0018609781
3636,0.0016263679
3637,0.0013365383
3638,0.001339062
3639,0.0009774264
3640,0.0010808189
3641,0.0012838936
3642,0.0018235211
3643,0.0021229468
3644,0.00207361
3645,0.001741943
3646,0.0017191042
3647,0.0028109325
3648,0.0037724096
3649,0.0031140735
3650,0.00172426
3651,0.0015161586
3652,0.0015811817
3653,0.0011455022
3654,0.000372983
3655,0.0012067233
3656,0.0014194365
3657,0.00081366696
3658,0.0013614782
3659,0.0016958893
3660,0.0017792527
3661,0.0026598263
3662,0.003106616
3663,0.0
3664,0.0030717007
3665,0.0020440514
3666,0.0013935294
3667,0.0010431088
3668,0.0004697502
3669,0.0009917333
3670,0.0011660251
3671,0.0009912635
3672,0.0019618229
3673,0.002717532
3674,0.0020165285
3675,0.0010299966
3676,0.0008878006
3677,0.00040900955
3678,0.0006683454
3679,0.0015587695
3680,0.0014458257
3681,0.0017873801
3682,0.0020868033
3683,0.0014564352
3684,0.0011720498
3685,0.00086272904
3686,0.0007726057
3687,0.00075133075
3688,0.00072775787
3689,0.0005359616
3690,0.0009021416
3691,0.0023483173
3692,0.0048116567
3693,0.009724788
3694,0.009037178
3695,0.0063387183
3696,0.005993937
3697,0.0022915252
3698,0.00072891667
3699,0.0012007998
3700,0.0016621052
3701,0.003127726
3702,0.0044455742
3703,0.00855879
3704,0.01180255
3705,0.011529338
3706,0.008376527
3707,0.004849229
3708,0.0026106802
3709,0.0025854644
3710,0.001668554
3711,0.0016435812
3712,0.0019122404
3713,0.0015859234
3714,0.0010766101
3715,0.00086367305
3716,0.0012993511
3717,0.0011837861
3718,0.0013674932
3719,0.0015229578
3720,0.00097193214
3721,0.0010906833
3722,0.0014201129
3723,0.0015205098
3724,0.0015220403
3725,0.0009524834
3726,0.0011675716
3727,0.0013980541
3728,0.001783272
3729,0.0019369047
3730,0.0019806325
3731,0.0018684698
3732,0.0019286228
3733,0.0015507014
3734,0.0007915106
3735,0.0006586956
3736,0.0006539063
3737,0.00097563816
3738,0.0015014214
3739,0.0012365269
3740,0.0012342181
3741,0.000891432
3742,0.0009843989
3743,0.0014608647
3744,0.0019812789
3745,0.002116301
3746,0.0021211775
3747,0.001759349
3748,0.0017213713
3749,0.0012705633
3750,0.0012910144
3751,0.0013620766
3752,0.0015090202
3753,0.0016662849
3754,0.0013682804
3755,0.0009881465
3756,0.0006181222
3757,0.00046131032
3758,0.0003817748
3759,0.001136959
3760,0.002025615
3761,0.0018370055
3762,0.001016343
3763,0.00065546227
3764,0.0005133851
3765,0.0005391019
3766,0.00075253064
3767,0.0009057798
3768,0.00080867985
3769,0.0013556728
3770,0.0012452285
3771,0.00064422097
3772,0.0024041915
3773,0.0033579825
3774,0.002314525
3775,0.001849432
3776,0.0015805926
3777,0.0011592412
3778,0.0012601442
3779,0.0019503216
3780,0.0021240842
3781,0.0016481081
3782,0.0013741808
3783,0.0017740434
3784,0.0020930837
3785,0.0018301803
3786,0.0015457951
3787,0.0014113142
3788,0.0012954253
3789,0.0011591408
3790,0.0012183643
3791,0.0014806726
3792,0.0020237751
3793,0.0032524315
3794,0.0027840391
3795,0.0019232279
3796,0.001806975
3797,0.00096682826
3798,0.0017524539
3799,0.0019371753
3800,0.0014747246
3801,0.0015751143
3802,0.0018221
3803,0.0017425944
3804,0.0013368868
3805,0.0012273133
3806,0.0011228437
3807,0.0013657894
3808,0.0013422098
3809,0.0012227994
3810,0.0009006887
3811,0.0008673719
3812,0.00089273695
3813,0.00082943134
3814,0.0007601879
3815,0.00071991736
3816,0.00034289862
3817,0.00060388
3818,0.0009958918
3819,0.0010102252
3820,0.0015466422
3821,0.0016014824
3822,0.0016658133
3823,0.0016638204
3824,0.0012800114
3825,0.0012828731
3826,0.0014629152
3827,0.001521677
3828,0.0012634885
3829,0.00093187985
3830,0.001561344
3831,0.0026354562
3832,0.003304303
3833,0.002948423
3834,0.0021768922
3835,0.0013006271
3836,0.00085687306
3837,0.0021893173
3838,0.005284544
3839,0.005467418
3840,0.0037865785
3841,0.003437421
3842,0.0031214016
3843,0.001927989
3844,0.0009453371
3845,0.0006303376
3846,0.0012814204
3847,0.0017652117
3848,0.00183813
3849,0.002991287
3850,0.003539447
3851,0.0035618488
3852,0.0025644074
3853,0.002411649
3854,0.0016717603
3855,0.0014857549
3856,0.0018013774
3857,0.001820614
3858,0.0017385313
3859,0.002148335
3860,0.0032573761
3861,0.0035468233
3862,0.0027545602
3863,0.00131759
3864,0.001459609
3865,0.002297284
3866,0.0020824333
3867,0.0015886921
3868,0.0018816165
3869,0.0022552314
3870,0.001959418
3871,0.001744464
3872,0.0017815576
3873,0.0017144931
3874,0.0016227671
3875,0.0010384949
3876,0.0009876752
3877,0.0008034444
3878,0.00086340343
3879,0.000901141
3880,0.00087979855
3881,0.00096848246
3882,0.0012728748
3883,0.001607414
3884,0.0012343597
3885,0.000664108
3886,0.0009808446
3887,0.0013990945
3888,0.0030147694
3889,0.0031494156
3890,0.0018435686
3891,0.0011450956
3892,0.0012659738
3893,0.0018346116
3894,0.0018202942
3895,0.001184941
3896,0.0013365166
3897,0.0018726395
3898,0.0022922491
3899,0.0028559628
3900,0.0027290953
3901,0.0021768922
3902,0.002176839
3903,0.0018579416
3904,0.0008219588
3905,0.0014431459
3906,0.0015672419
3907,0.0013968045
3908,0.002083104
3909,0.0024041794
3910,0.0019346345
3911,0.0021507181
3912,0.0026316766
3913,0.0030244463
3914,0.0030888969
3915,0.002894297
3916,0.0019081724
3917,0.001971073
3918,0.005016099
3919,0.0067382585
3920,0.004418335
3921,0.002122083
3922,0.0011591659
3923,0.0018989991
3924,0.004112399
3925,0.0034641568
3926,0.0029644591
3927,0.0035553141
3928,0.0033282354
3929,0.0032655413
3930,0.0022546893
3931,0.0011483696
3932,0.0008339455
3933,0.0014727695
3934,0.0015002968
3935,0.0025605343
3936,0.0024492021
3937,0.0011174915
3938,0.0011418887
3939,0.0013058083
3940,0.0015955105
3941,0.0016054212
3942,0.0024221856
3943,0.002602496
3944,0.0009450292
3945,0.0010941466
3946,0.0012530802
3947,0.0011105422
3948,0.0009140957
3949,0.0009255182
3950,0.0012547513
3951,0.0013243979
3952,0.0010929757
3953,0.0007953255
3954,0.00078745553
3955,0.0008944957
3956,0.0018032667
3957,0.0025634537
3958,0.0027509548
3959,0.002469898
3960,0.0020000658
3961,0.0021841265
3962,0.0025512655
3963,0.003226738
3964,0.004115038
3965,0.0036267962
3966,0.0025726336
3967,0.002044322
3968,0.0014543555
3969,0.0010873426
3970,0.0006662082
3971,0.0012597514
3972,0.0010869143
3973,0.00080304587
3974,0.00092715194
3975,0.0014074113
3976,0.0017369402
3977,0.0016637678
3978,0.0014701984
3979,0.0022133135
3980,0.0031573712
3981,0.0036189877
3982,0.0032771425
3983,0.0020770316
3984,0.0014961397
3985,0.0014804368
3986,0.001119807
3987,0.0010086683
3988,0.0014438718
3989,0.0012534981
3990,0.0006061889
3991,0.0011205345
3992,0.0015739313
3993,0.0019208658
3994,0.0021019778
3995,0.0029138294
3996,0.0
3997,0.003077333
3998,0.0020140735
3999,0.0014880449
4000,0.0010018357
4001,0.00079316355
4002,0.001415412
4003,0.0016681702
4004,0.0017053531
4005,0.0022749288
4006,0.0023788789
4007,0.0011520891
4008,0.001481164
4009,0.001852388
4010,0.0015980987
4011,0.001638136
4012,0.0020107182
4013,0.0015531019
4014,0.002160951
4015,0.0024383527
4016,0.0016339911
4017,0.0011232584
4018,0.00085135293
4019,0.0008308337
4020,0.000536233
4021,0.00044896896
4022,0.0006395053
4023,0.0012438019
4024,0.0026853518
4025,0.0042575235
4026,0.008797817
4027,0.0085161375
4028,0.006612049
4029,0.00703486
4030,0.003442286
4031,0.000846244
4032,0.0010413774
4033,0.0032881186
4034,0.003346879
4035,0.0039478783
4036,0.005712124
4037,0.009836018
4038,0.012315119
4039,0.011802481
4040,0.0068662516
4041,0.00412679
4042,0.0032010651
4043,0.0023856228
4044,0.0018900275
4045,0.0018984933
4046,0.0012980737
4047,0.0012574854
4048,0.0006941491
4049,0.0010875567
4050,0.0011577088
4051,0.0011990777
4052,0.0013032873
4053,0.0008192634
4054,0.0010144226
4055,0.0013943019
4056,0.0012204886
4057,0.0012469335
4058,0.0011945546
4059,0.0014067495
4060,0.0014067495
4061,0.0018713025
4062,0.0022475657
4063,0.0023223332
4064,0.0022514858
4065,0.0024286653
4066,0.0019982024
4067,0.00088075735
4068,0.00044741048
4069,0.00082439836
4070,0.0014563553
4071,0.0017657722
4072,0.001134781
4073,0.0012478434
4074,0.0010037802
4075,0.001328216
4076,0.0012475168
4077,0.0013418845
4078,0.0016440593
4079,0.0015029907
4080,0.0011991748
4081,0.0010672975
4082,0.0010469798
4083,0.0011687924
4084,0.0009483187
4085,0.0009677008
4086,0.0010521099
4087,0.0008182681
4088,0.000888456
4089,0.00063631166
4090,0.00058681896
4091,0.00048738637
4092,0.0013432069
4093,0.0018548531
4094,0.0015521084
4095,0.0008633697
4096,0.0007667067
4097,0.001089081
4098,0.0010168297
4099,0.0012111529
4100,0.0010033161
4101,0.00092567544
4102,0.0013001572
4103,0.0011596178
4104,0.000896121
4105,0.0023516486
4106,0.0034918964
4107,0.0024834
4108,0.001497287
4109,0.001115119
4110,0.00069171307
4111,0.00107542
4112,0.001996104
4113,0.002481454
4114,0.001896131
4115,0.0014765983
4116,0.0016577921
4117,0.0018485978
4118,0.0013444197
4119,0.0015260505
4120,0.0014662339
4121,0.001573025
4122,0.0012157818
4123,0.0013154014
4124,0.0011946277
4125,0.0018403137
4126,0.0033620622
4127,0.0029825273
4128,0.0022221454
4129,0.001564863
4130,0.0004787103
4131,0.0013702996
4132,0.0019267506
4133,0.0011858003
4134,0.000625145
4135,0.0012761174
4136,0.0014264112
4137,0.0012004605
4138,0.001085387
4139,0.0008978407
4140,0.0014146921
4141,0.0015746154
4142,0.0018836109
4143,0.001686821
4144,0.0011500916
4145,0.0007703044
4146,0.0008134881
4147,0.0006445371
4148,0.00057988416
4149,0.000542975
4150,0.0008619528
4151,0.0008510794
4152,0.0005747421
4153,0.0011136302
4154,0.001332067
4155,0.0014272067
4156,0.0012450415
4157,0.0009189225
4158,0.0007524533
4159,0.0007514082
4160,0.0006938136
4161,0.0007128076
4162,0.0010282148
4163,0.001461263
4164,0.0025654966
4165,0.0033347176
4166,0.0024962
4167,0.0018139036
4168,0.0012960319
4169,0.0011252
4170,0.0021022963
4171,0.0061033247
4172,0.006447628
4173,0.003064102
4174,0.0027024108
4175,0.0027769844
4176,0.0018322782
4177,0.000734921
4178,0.0007447946
4179,0.0016314065
4180,0.002800019
4181,0.0026057146
4182,0.0018855258
4183,0.0019619563
4184,0.002182527
4185,0.0017005166
4186,0.0014956143
4187,0.0017014063
4188,0.0013881725
4189,0.0011078133
4190,0.0014571943
4191,0.0017330652
4192,0.0022585713
4193,0.0029902556
4194,0.0030353966
4195,0.0016480199
4196,0.00067294546
4197,0.0017337705
4198,0.0024551363
4199,0.0015630207
4200,0.000915273
4201,0.0023007148
4202,0.0025033136
4203,0.0019896636
4204,0.0018562177
4205,0.0019380014
4206,0.001993799
4207,0.0018032829
4208,0.001019431
4209,0.00069087103
4210,0.0011829991
4211,0.0014011108
4212,0.001473856
4213,0.001485598
4214,0.0012176236
4215,0.0009949561
4216,0.0012941441
4217,0.001446872
4218,0.0009342504
4219,0.001009274
4220,0.0013423183
4221,0.002791879
4222,0.0026027644
4223,0.0015853544
4224,0.0016375141
4225,0.0014221404
4226,0.0016130713
4227,0.0015298981
4228,0.0015643422
4229,0.0014615419
4230,0.0018779007
4231,0.0025048477
4232,0.0034878268
4233,0.0033292845
4234,0.0030162847
4235,0.0030714828
4236,0.0026530994
4237,0.0017541138
4238,0.0015598334
4239,0.0018420524
4240,0.0020145793
4241,0.0023932476
4242,0.0023899619
4243,0.0021189123
4244,0.0024303305
4245,0.0031696255
4246,0.0039246394
4247,0.004156578
4248,0.0032970286
4249,0.0028527917
4250,0.003264017
4251,0.004771947
4252,0.0056827776
4253,0.0039619044
4254,0.0022913981
4255,0.001346626
4256,0.0017062575
4257,0.004482644
4258,0.003822814
4259,0.0022901911
4260,0.0028095965
4261,0.0032170273
4262,0.003098342
4263,0.0023802
4264,0.00150392
4265,0.0011392349
4266,0.0019632317
4267,0.0024173986
4268,0.0024036467
4269,0.0023338092
4270,0.0010442241
4271,0.0007175688
4272,0.00061514875
4273,0.0010236476
4274,0.0013895765
4275,0.0018737582
4276,0.0016924192
4277,0.0006360829
4278,0.00044695492
4279,0.0005430286
4280,0.0011436715
4281,0.0010550104
4282,0.00093328423
4283,0.00088438473
4284,0.00048324853
4285,0.0005950928
4286,0.0006808567
4287,0.0007372143
4288,0.0009891768
4289,0.0014466507
4290,0.002045859
4291,0.0024665492
4292,0.0020669464
4293,0.001888487
4294,0.002099803
4295,0.0026759715
4296,0.0037905194
4297,0.003882335
4298,0.0031876354
4299,0.0029785922
4300,0.0026165487
4301,0.0017107035
4302,0.0009481959
4303,0.0006717334
4304,0.0008913667
4305,0.0009875278
4306,0.00089058274
4307,0.001194311
4308,0.0012711817
4309,0.0011447906
4310,0.0008319889
4311,0.0008498817
4312,0.003370742
4313,0.0038398828
4314,0.0032592877
4315,0.003193036
4316,0.0021274248
4317,0.0014983168
4318,0.0015983718
4319,0.0015845097
4320,0.0019047987
4321,0.001969596
4322,0.0017048582
4323,0.0013792756
4324,0.0017566505
4325,0.0018661006
4326,0.0024802221
4327,0.0025241652
4328,0.0026701463
4329,0.0
4330,0.0012091086
4331,0.00097408576
4332,0.0011919205
4333,0.0010838037
4334,0.0012924564
4335,0.00169685
4336,0.0023447203
4337,0.0022710236
4338,0.0020605722
4339,0.001691886
4340,0.0006464308
4341,0.0022982466
4342,0.0026656082
4343,0.002028343
4344,0.002317566
4345,0.002571038
4346,0.0021168923
4347,0.0020672844
4348,0.0021122403
4349,0.0013516308
4350,0.00075823284
4351,0.00089090946
4352,0.0007681478
4353,0.0009403055
4354,0.0011001418
4355,0.0013218243
4356,0.0018429845
4357,0.0031721403
4358,0.004032855
4359,0.008144732
4360,0.0077715637
4361,0.005978194
4362,0.007231974
4363,0.0051684575
4364,0.0022626654
4365,0.0032853382
4366,0.004828834
4367,0.0049908897
4368,0.005322223
4369,0.006631682
4370,0.00978862
4371,0.012433177
4372,0.012484
4373,0.009504104
4374,0.0069046444
4375,0.0041516386
4376,0.0021794846
4377,0.0016151088
4378,0.0018224514
4379,0.0015975158
4380,0.0018735252
4381,0.0014497858
4382,0.000948963
4383,0.00074483367
4384,0.0007900753
4385,0.0009389736
4386,0.0009309112
4387,0.0015838116
4388,0.0017885196
4389,0.0013699385
4390,0.0010457837
4391,0.0009172741
4392,0.0010575728
4393,0.0010493122
4394,0.0013085913
4395,0.0013285447
4396,0.0014198261
4397,0.0017355154
4398,0.0024817588
4399,0.0023140344
4400,0.0011287637
4401,0.0008869807
4402,0.0012849813
4403,0.0014964509
4404,0.0013829843
4405,0.00090323784
4406,0.0009632394
4407,0.0010885999
4408,0.0014217516
4409,0.0010465905
4410,0.0007368984
4411,0.00086313376
4412,0.0007533037
4413,0.0008052897
4414,0.001205396
4415,0.0014630147
4416,0.0013210094
4417,0.0011268283
4418,0.001158965
4419,0.0012757296
4420,0.0010881721
4421,0.00086073636
4422,0.0008264786
4423,0.00072378793
4424,0.00081734284
4425,0.0015197056
4426,0.0016506138
4427,0.0013458261
4428,0.000977337
4429,0.0015014214
4430,0.001861541
4431,0.0017095803
4432,0.0019247406
4433,0.0016761764
4434,0.0012769838
4435,0.0016403908
4436,0.0013191353
4437,0.0010636098
4438,0.0018206299
4439,0.002979149
4440,0.0027009242
4441,0.0017792364
4442,0.0010143939
4443,0.0008665326
4444,0.0009139365
4445,0.0017428115
4446,0.0025890078
4447,0.0021128189
4448,0.001477997
4449,0.0014046998
4450,0.001452353
4451,0.00096336025
4452,0.0009845763
4453,0.0013252107
4454,0.0016670707
4455,0.0014655191
4456,0.0014836574
4457,0.0014273494
4458,0.001844342
4459,0.0036211987
4460,0.0033950978
4461,0.0023220447
4462,0.0015738574
4463,0.000579834
4464,0.0011523922
4465,0.0018085688
4466,0.0012809433
4467,0.00070169696
4468,0.0012892323
4469,0.0012088197
4470,0.00081162556
4471,0.0006088238
4472,0.00055195915
4473,0.0011536794
4474,0.001269899
4475,0.0018613377
4476,0.0022401856
4477,0.0016983073
4478,0.00092944066
4479,0.0010782848
4480,0.0012756841
4481,0.0013004929
4482,0.0013018126
4483,0.0015303927
4484,0.0013489581
4485,0.0010382426
4486,0.0009842215
4487,0.0008378451
4488,0.0010239034
4489,0.0009251093
4490,0.00091736927
4491,0.00092120003
4492,0.00066498393
4493,0.0007162697
4494,0.0012361738
4495,0.0014460671
4496,0.0016193917
4497,0.002325589
4498,0.0027799278
4499,0.0022283841
4500,0.0021193656
4501,0.0020422281
4502,0.001905868
4503,0.004518251
4504,0.006816684
4505,0.006137529
4506,0.0026437587
4507,0.002386501
4508,0.0025545715
4509,0.0020894932
4510,0.001134858
4511,0.00090735283
4512,0.0020837747
4513,0.0034601386
4514,0.00278291
4515,0.0013322199
4516,0.0010723575
4517,0.0015440055
4518,0.0014369818
4519,0.0016360738
4520,0.0016364118
4521,0.0012052512
4522,0.0009111938
4523,0.001214009
4524,0.0016471012
4525,0.002125454
4526,0.0025209927
4527,0.0022783421
4528,0.0012112249
4529,0.0007094517
4530,0.0019255419
4531,0.0023493085
4532,0.001111171
4533,0.0015505137
4534,0.003050804
4535,0.0027886976
4536,0.0018450205
4537,0.0018245262
4538,0.002026161
4539,0.0019997894
4540,0.0015931008
4541,0.0009582107
4542,0.0008378451
4543,0.0013970752
4544,0.0015521084
4545,0.0012196775
4546,0.0012485196
4547,0.0011309532
4548,0.000884944
4549,0.00086421205
4550,0.0014766575
4551,0.0011319563
4552,0.00075357413
4553,0.001391272
4554,0.0026789715
4555,0.0024930732
4556,0.002229755
4557,0.0019781624
4558,0.0013109467
4559,0.001143086
4560,0.0014411279
4561,0.002225862
4562,0.002165149
4563,0.0019113728
4564,0.0027076183
4565,0.0031613507
4566,0.002681534
4567,0.0022753766
4568,0.0031140829
4569,0.0035874383
4570,0.003350677
4571,0.0022001513
4572,0.0014264928
4573,0.0018068784
4574,0.002137715
4575,0.0019433552
4576,0.0013383881
4577,0.0016385268
4578,0.0028681755
4579,0.0045273434
4580,0.0053965496
4581,0.0043975436
4582,0.0033987218
4583,0.0032079676
4584,0.0039711935
4585,0.0043014428
4586,0.0035471353
4587,0.0024529186
4588,0.001801329
4589,0.0016845765
4590,0.0046183746
4591,0.004085981
4592,0.0021192145
4593,0.0022129847
4594,0.0026839317
4595,0.0029878991
4596,0.002592726
4597,0.002083649
4598,0.0017794817
4599,0.0024172182
4600,0.0035008946
4601,0.002947159
4602,0.0017936868
4603,0.0009991885
4604,0.0009948391
4605,0.00067463005
4606,0.0006289972
4607,0.0008817481
4608,0.0011714785
4609,0.0008194055
4610,0.00042093245
4611,0.00038215576
4612,0.00038169854
4613,0.0008076715
4614,0.0007256352
4615,0.0006115425
4616,0.0005107137
4617,0.00047166692
4618,0.00056858186
4619,0.0007425639
4620,0.0011654509
4621,0.0016759159
4622,0.0018056377
4623,0.0018039767
4624,0.0018562805
4625,0.0015200695
4626,0.0015616235
4627,0.0019923095
4628,0.0026455633
4629,0.0038421862
4630,0.004245962
4631,0.0037229725
4632,0.003588128
4633,0.0036788003
4634,0.0026551827
4635,0.0013412337
4636,0.0010536577
4637,0.0009076094
4638,0.0013256279
4639,0.0013721037
4640,0.0017545783
4641,0.0016130352
4642,0.0010735239
4643,0.0008461408
4644,0.0015292893
4645,0.0035524233
4646,0.0039046628
4647,0.0025445032
4648,0.001994047
4649,0.0019371603
4650,0.0018297827
4651,0.0020432395
4652,0.0021662912
4653,0.00229042
4654,0.0018972511
4655,0.001461741
4656,0.0016538374
4657,0.0018540842
4658,0.0017000373
4659,0.0034567136
4660,0.0037052317
4661,0.002417555
4662,0.0
4663,0.0016821733
4664,0.0014665315
4665,0.0014852062
4666,0.0013626534
4667,0.001427064
4668,0.0015710256
4669,0.0023667114
4670,0.0019167706
4671,0.0012905183
4672,0.0009845763
4673,0.0006244929
4674,0.0027565986
4675,0.002857603
4676,0.0010334098
4677,0.0016762458
4678,0.0017316205
4679,0.0012825554
4680,0.00090381765
4681,0.0012561422
4682,0.0014892375
4683,0.0008495049
4684,0.001041573
4685,0.0010066176
4686,0.0012778724
4687,0.0016832284
4688,0.0015813105
4689,0.0018626507
4690,0.0033804676
4691,0.004661198
4692,0.008194943
4693,0.007825792
4694,0.0052554347
4695,0.006503861
4696,0.006208879
4697,0.0033779526
4698,0.004245852
4699,0.0050499216
4700,0.00418317
4701,0.0040181275
4702,0.005847004
4703,0.007850922
4704,0.011666429
4705,0.01292271
4706,0.010454592
4707,0.007957565
4708,0.005570336
4709,0.0035777306
4710,0.0020368912
4711,0.0016259204
4712,0.0018814619
4713,0.0023277157
4714,0.0023607027
4715,0.0017835331
4716,0.00094472116
4717,0.0004284705
4718,0.00044773563
4719,0.000791106
4720,0.0014440934
4721,0.0016022455
4722,0.0010551759
4723,0.0009849013
4724,0.0008299575
4725,0.0007798047
4726,0.00091800356
4727,0.0011256137
4728,0.0009596371
4729,0.00084279774
4730,0.0015548063
4731,0.0025064505
4732,0.0025287732
4733,0.0015146029
4734,0.0010253805
4735,0.0014370224
4736,0.0014561554
4737,0.0010232495
4738,0.0013852762
4739,0.0017607214
4740,0.00153711
4741,0.0012591275
4742,0.0009877341
4743,0.0009764731
4744,0.0009090192
4745,0.00100201
4746,0.001067352
4747,0.0013304929
4748,0.00137822
4749,0.0011892315
4750,0.0014120565
4751,0.0015748742
4752,0.001464009
4753,0.0012452285
4754,0.00090165756
4755,0.00070891815
4756,0.00067225314
4757,0.0008812859
4758,0.0017394685
4759,0.0014950694
4760,0.0009237555
4761,0.0013191133
4762,0.002012223
4763,0.0021035972
4764,0.001835801
4765,0.002061942
4766,0.0019442086
4767,0.0016161356
4768,0.0017001914
4769,0.0011652261
4770,0.0010633088
4771,0.0011820884
4772,0.0021663047
4773,0.0023418886
4774,0.001880518
4775,0.0012230136
4776,0.0015288705
4777,0.0016083914
4778,0.00255358
4779,0.0027755797
4780,0.0018832091
4781,0.0014137662
4782,0.0012741545
4783,0.0013451772
4784,0.0010162571
4785,0.0011049986
4786,0.0012482165
4787,0.0014262275
4788,0.0017374596
4789,0.0019865602
4790,0.0021876416
4791,0.0021571768
4792,0.0033561792
4793,0.0033623131
4794,0.0024880602
4795,0.0015494435
4796,0.00073713536
4797,0.0006876197
4798,0.0015408545
4799,0.0014912685
4800,0.0015201843
4801,0.001698907
4802,0.0017447142
4803,0.0013943436
4804,0.0011398223
4805,0.0010362504
4806,0.0011316478
4807,0.0010389151
4808,0.0012467001
4809,0.0024940653
4810,0.0024839274
4811,0.0014985887
4812,0.0017329813
4813,0.0018394279
4814,0.0018871613
4815,0.0021311154
4816,0.0023468295
4817,0.0019420818
4818,0.0014442144
4819,0.0011587893
4820,0.0009790033
4821,0.0012267203
4822,0.001056802
4823,0.0008665662
4824,0.0008700186
4825,0.0008574163
4826,0.0011994175
4827,0.0014395921
4828,0.0012394891
4829,0.0012443166
4830,0.0016788829
4831,0.0017848545
4832,0.0020767373
4833,0.0025071125
4834,0.0027983347
4835,0.0028976337
4836,0.0051781056
4837,0.0061595677
4838,0.0050196256
4839,0.0026366264
4840,0.0022748138
4841,0.0022822348
4842,0.001638882
4843,0.0010285827
4844,0.0014964703
4845,0.0021480776
4846,0.0031772193
4847,0.00283215
4848,0.0018448312
4849,0.0011567782
4850,0.0009860826
4851,0.001267605
4852,0.0016073778
4853,0.0014044718
4854,0.001119183
4855,0.0015058152
4856,0.0018454148
4857,0.0020502924
4858,0.0020116733
4859,0.0022514472
4860,0.002038648
4861,0.0010190313
4862,0.00086272904
4863,0.001667542
4864,0.0020157201
4865,0.0010715701
4866,0.0025425693
4867,0.0037979982
4868,0.0026465752
4869,0.0017546612
4870,0.0019594328
4871,0.0021041366
4872,0.0019356722
4873,0.0013750489
4874,0.0008506347
4875,0.0011020977
4876,0.0015767026
4877,0.0014453626
4878,0.000871723
4879,0.00048684864
4880,0.0007545776
4881,0.0008930955
4882,0.0010082354
4883,0.0014107367
4884,0.0011534272
4885,0.0006535947
4886,0.0015107935
4887,0.0028024605
4888,0.002750267
4889,0.002265532
4890,0.0014816552
4891,0.0013014772
4892,0.001656352
4893,0.0019292415
4894,0.0028443115
4895,0.002898447
4896,0.0022791468
4897,0.002513593
4898,0.002087626
4899,0.0015032617
4900,0.0016583363
4901,0.0024415373
4902,0.0031485283
4903,0.003518822
4904,0.002337286
4905,0.0006636258
4906,0.0012493118
4907,0.0012963462
4908,0.0010233632
4909,0.0008229143
4910,0.0012613906
4911,0.0016392727
4912,0.0030996006
4913,0.004694242
4914,0.0043856744
4915,0.003481571
4916,0.002973135
4917,0.0030840216
4918,0.0031838717
4919,0.0026884712
4920,0.0024438726
4921,0.002039804
4922,0.0020024653
4923,0.0044542924
4924,0.0039207367
4925,0.0018644155
4926,0.0017527527
4927,0.002439832
4928,0.002553603
4929,0.0022960296
4930,0.002033087
4931,0.0016801825
4932,0.0025591927
4933,0.003954934
4934,0.003006543
4935,0.0012081213
4936,0.0010031421
4937,0.0010488129
4938,0.0005495283
4939,0.00063886784
4940,0.0010332972
4941,0.0010873962
4942,0.0007574648
4943,0.0007158226
4944,0.0006485434
4945,0.0005916102
4946,0.00046838517
4947,0.0003488728
4948,0.00028931405
4949,0.00035202855
4950,0.00046307346
4951,0.00075708044
4952,0.0013219784
4953,0.0016976389
4954,0.001758025
4955,0.0015710626
4956,0.0013064544
4957,0.0011720498
4958,0.0011808322
4959,0.0014723347
4960,0.0018818331
4961,0.002898939
4962,0.0035919624
4963,0.003827881
4964,0.003694715
4965,0.0034999468
4966,0.0041697975
4967,0.0036107516
4968,0.0012117774
4969,0.0010994008
4970,0.0012902928
4971,0.0018287804
4972,0.0021334086
4973,0.002072599
4974,0.0020400607
4975,0.0013699597
4976,0.0012648469
4977,0.0016603358
4978,0.0033014216
4979,0.0035888173
4980,0.0026124744
4981,0.002417134
4982,0.0028394265
4983,0.0035902036
4984,0.0033972915
4985,0.003077494
4986,0.002138831
4987,0.001961986
4988,0.001648267
4989,0.0025769742
4990,0.0028079075
4991,0.002180646
4992,0.004400369
4993,0.004485247
4994,0.0024602874
4995,0.0
4996,0.0016483024
4997,0.00149201
4998,0.0014317875
4999,0.0011113805
5000,0.0011425257
5001,0.0013515016
5002,0.0026768849
5003,0.002517885
5004,0.0014121183
5005,0.00078267325
5006,0.0009024642
5007,0.0025962146
5008,0.002718988
5009,0.0011429841
5010,0.0011830975
5011,0.0014101797
5012,0.0009594855
5013,0.0004479306
5014,0.00067355065
5015,0.0012718684
5016,0.00072727783
5017,0.0012760491
5018,0.0013526209
5019,0.001459948
5020,0.001518767
5021,0.0010094182
5022,0.0011530234
5023,0.0018254832
5024,0.0039486964
5025,0.007824333
5026,0.008667271
5027,0.0060955426
5028,0.0064740977
5029,0.007812444
5030,0.0047839712
5031,0.0046442966
5032,0.004843728
5033,0.002073273
5034,0.0015537576
5035,0.002896177
5036,0.0062593217
5037,0.00954754
5038,0.011026521
5039,0.0101402635
5040,0.009917418
5041,0.0074833315
5042,0.004750657
5043,0.0033040564
5044,0.0022071113
5045,0.0022039444
5046,0.0023933812
5047,0.0028839414
5048,0.002603301
5049,0.0013988864
5050,0.00078478997
5051,0.0006628798
5052,0.0012342181
5053,0.001586107
5054,0.0012338172
5055,0.0008135596
5056,0.00095162744
5057,0.0010173161
5058,0.0010481466
5059,0.0011698129
5060,0.0013067663
5061,0.0009824752
5062,0.00072979456
5063,0.0014026264
5064,0.002359112
5065,0.0023631796
5066,0.0014265744
5067,0.0009974394
5068,0.0011630511
5069,0.0008189081
5070,0.0003095316
5071,0.0016048953
5072,0.0021101588
5073,0.0014420969
5074,0.0012524297
5075,0.0007742238
5076,0.0010456725
5077,0.0009986642
5078,0.0010172303
5079,0.001464963
5080,0.001376001
5081,0.001285253
5082,0.0011626256
5083,0.0012982083
5084,0.0013568959
5085,0.0013837838
5086,0.0015448158
5087,0.0012275978
5088,0.00077354687
5089,0.00089706236
5090,0.001153957
5091,0.0015457198
5092,0.0012602595
5093,0.0013834682
5094,0.0018081826
5095,0.0023495066
5096,0.0017850826
5097,0.0013285008
5098,0.0019083859
5099,0.0021473595
5100,0.0017358842
5101,0.0019886247
5102,0.0014210964
5103,0.0013397356
5104,0.0016333854
5105,0.0020738065
5106,0.0024785788
5107,0.0025304414
5108,0.002239809
5109,0.0029080606
5110,0.0034642576
5111,0.0033824213
5112,0.0027292874
5113,0.0015182687
5114,0.0012277401
5115,0.0010999566
5116,0.00097444427
5117,0.001339627
5118,0.001740472
5119,0.001368727
5120,0.0013115016
5121,0.0016145861
5122,0.0020302362
5123,0.0023105857
5124,0.002214707
5125,0.0033324126
5126,0.0036314074
5127,0.002836514
5128,0.0017193074
5129,0.0010393632
5130,0.0007738478
5131,0.0010875567
5132,0.0011739603
5133,0.0016223904
5134,0.0018115435
5135,0.0017899021
5136,0.0013885708
5137,0.0015060857
5138,0.0014475356
5139,0.0011497374
5140,0.00096797146
5141,0.00071975566
5142,0.0023335847
5143,0.0032942733
5144,0.0026685328
5145,0.0019957977
5146,0.0018438844
5147,0.0015563777
5148,0.0016201644
5149,0.0019152364
5150,0.0017127949
5151,0.0019693593
5152,0.0018037347
5153,0.0017282389
5154,0.0018771257
5155,0.0017268069
5156,0.0016734481
5157,0.001580169
5158,0.0015116023
5159,0.0016610894
5160,0.0013282379
5161,0.00094515237
5162,0.0011457562
5163,0.0016580905
5164,0.001637443
5165,0.0016353443
5166,0.0018606497
5167,0.00210386
5168,0.002805263
5169,0.0047860206
5170,0.004917445
5171,0.0025811382
5172,0.0028476352
5173,0.002445825
5174,0.0016885455
5175,0.0015395695
5176,0.0019232279
5177,0.0021812064
5178,0.0019681177
5179,0.0021666272
5180,0.0023983861
5181,0.0026845823
5182,0.002331863
5183,0.0014623383
5184,0.0009764433
5185,0.0009236295
5186,0.00078981736
5187,0.0013684506
5188,0.0020601768
5189,0.0021235088
5190,0.0023570014
5191,0.0021817933
5192,0.0018450046
5193,0.0012502201
5194,0.0010962992
5195,0.0015197056
5196,0.001737828
5197,0.0017514073
5198,0.0016131434
5199,0.002914119
5200,0.0035263405
5201,0.0020144924
5202,0.0017023297
5203,0.0016498555
5204,0.0015550496
5205,0.0011712301
5206,0.0008382618
5207,0.00085323106
5208,0.001201236
5209,0.0016292643
5210,0.0014559955
5211,0.0010907099
5212,0.00082946644
5213,0.0012785099
5214,0.001610218
5215,0.0015208352
5216,0.0013836996
5217,0.0009908818
5218,0.00064728566
5219,0.0020477641
5220,0.0031995373
5221,0.0026570456
5222,0.0019503216
5223,0.001477229
5224,0.0017533005
5225,0.0016347213
5226,0.001069776
5227,0.0024487386
5228,0.0032152988
5229,0.0031979633
5230,0.003108723
5231,0.0020090675
5232,0.001278692
5233,0.0011030743
5234,0.0012712504
5235,0.0018792021
5236,0.0038238948
5237,0.0029194276
5238,0.00066786626
5239,0.001047091
5240,0.0009723214
5241,0.00066533394
5242,0.00086367305
5243,0.0010508642
5244,0.0009842215
5245,0.0011142835
5246,0.0030077721
5247,0.0029774879
5248,0.0020242783
5249,0.0018018298
5250,0.0019155403
5251,0.0022306424
5252,0.0016413131
5253,0.0024993925
5254,0.0026013216
5255,0.0026017802
5256,0.0046958784
5257,0.004294495
5258,0.0020122374
5259,0.0018938119
5260,0.0019465574
5261,0.0017998419
5262,0.0015984811
5263,0.001820646
5264,0.0018421157
5265,0.002737422
5266,0.003788899
5267,0.0027569998
5268,0.0013822686
5269,0.0010189456
5270,0.0016551039
5271,0.0017555235
5272,0.0020097191
5273,0.0021098
5274,0.0020035696
5275,0.0011482936
5276,0.0009375467
5277,0.0010279317
5278,0.0010626517
5279,0.0009680616
5280,0.0005323656
5281,0.0004355442
5282,0.00030990748
5283,0.00049125246
5284,0.0007085075
5285,0.0012375857
5286,0.0015153906
5287,0.0011467465
5288,0.00096012227
5289,0.0010431645
5290,0.0011886685
5291,0.0012506391
5292,0.0014165837
5293,0.00182991
5294,0.0026513436
5295,0.0027049512
5296,0.0031906015
5297,0.0035573437
5298,0.0035168198
5299,0.0044208374
5300,0.0040817047
5301,0.002127685
5302,0.0013544271
5303,0.0016999517
5304,0.001851398
5305,0.0023999389
5306,0.0023448444
5307,0.0020837607
5308,0.0016084276
5309,0.0017871032
5310,0.0023328862
5311,0.002468896
5312,0.0029706475
5313,0.0031530175
5314,0.0034077952
5315,0.0037225347
5316,0.0043385974
5317,0.004894713
5318,0.004612125
5319,0.0037267073
5320,0.0021123781
5321,0.0017797434
5322,0.003098483
5323,0.0041374466
5324,0.0035709478
5325,0.00478416
5326,0.004421805
5327,0.0020099508
5328,0.0
5329,0.001510466
5330,0.0017435963
5331,0.0016871833
5332,0.0012836215
5333,0.0011451464
5334,0.0012125698
5335,0.0025567352
5336,0.002874794
5337,0.0024534287
5338,0.0016666866
5339,0.0013995104
5340,0.0019881125
5341,0.001847196
5342,0.0011312619
5343,0.0014616614
5344,0.0013326786
5345,0.0010850383
5346,0.0006535947
5347,0.0008434536
5348,0.0011716028
5349,0.0007006593
5350,0.0013075233
5351,0.0014390462
5352,0.0012586189
5353,0.0010986594
5354,0.0007019043
5355,0.001029007
5356,0.001518882
5357,0.0029226358
5358,0.006873746
5359,0.008597211
5360,0.0065643615
5361,0.006705973
5362,0.008739444
5363,0.0077962372
5364,0.0059810854
5365,0.0044257655
5366,0.001645068
5367,0.0012473768
5368,0.0030716439
5369,0.004018171
5370,0.0065550087
5371,0.009232772
5372,0.009730658
5373,0.009764314
5374,0.007993166
5375,0.00573096
5376,0.004445987
5377,0.0032792022
5378,0.0023641891
5379,0.002301739
5380,0.0032310283
5381,0.0029048463
5382,0.0017299053
5383,0.0011928235
5384,0.0007275179
5385,0.0014101589
5386,0.0016782241
5387,0.0013461504
5388,0.0011461372
5389,0.0010473133
5390,0.0011736875
5391,0.0014713659
5392,0.0015926259
5393,0.0015393426
5394,0.001303265
5395,0.0006672995
5396,0.0012725089
5397,0.0018283188
5398,0.0021617725
5399,0.0016493439
5400,0.00094908563
5401,0.00089508115
5402,0.0008061205
5403,0.00061500684
5404,0.0017395187
5405,0.002365826
5406,0.0012595897
5407,0.0013553078
5408,0.0011438241
5409,0.0010480356
5410,0.0005875129
5411,0.00081755646
5412,0.0013677698
5413,0.0014520724
5414,0.001491171
5415,0.0011286605
5416,0.0010418245
5417,0.000785346
5418,0.0011674968
5419,0.0014492035
5420,0.0010253236
5421,0.00032359787
5422,0.0006899858
5423,0.0010236476
5424,0.0012146082
5425,0.0010204868
5426,0.0014328036
5427,0.001444577
5428,0.0018078607
5429,0.0010356886
5430,0.0009397482
5431,0.001754628
5432,0.002220901
5433,0.001986311
5434,0.0021485111
5435,0.0015863271
5436,0.0018599925
5437,0.0023218316
5438,0.002676265
5439,0.0026884063
5440,0.002888721
5441,0.0029936114
5442,0.00303555
5443,0.0034925882
5444,0.002938149
5445,0.0026310352
5446,0.0017563025
5447,0.001331608
5448,0.00093850854
5449,0.0010172876
5450,0.0021458003
5451,0.0021791107
5452,0.0011619495
5453,0.0009850195
5454,0.0010205439
5455,0.0020193409
5456,0.0028838
5457,0.0035528494
5458,0.0036414757
5459,0.003249361
5460,0.002665663
5461,0.0018496837
5462,0.0013533307
5463,0.0010260614
5464,0.00096163666
5465,0.0010702113
5466,0.0016042967
5467,0.0018862974
5468,0.0018101291
5469,0.0014782727
5470,0.0019291962
5471,0.0017892191
5472,0.0014148774
5473,0.0009462295
5474,0.0010457559
5475,0.002314613
5476,0.0037492479
5477,0.0032014926
5478,0.0016605987
5479,0.0012610676
5480,0.0006468809
5481,0.0010031131
5482,0.0011999755
5483,0.0012463265
5484,0.0017384476
5485,0.00149921
5486,0.0016210803
5487,0.001669914
5488,0.0017693782
5489,0.0018795738
5490,0.0016667565
5491,0.0014586516
5492,0.0013067663
5493,0.0008365589
5494,0.00093565125
5495,0.0011202747
5496,0.0014380751
5497,0.0014722162
5498,0.0014693865
5499,0.0017200859
5500,0.002239445
5501,0.0034129752
5502,0.0041734185
5503,0.0041880095
5504,0.0032691576
5505,0.0029914912
5506,0.0021774939
5507,0.001021057
5508,0.0014374881
5509,0.0018525923
5510,0.0016324052
5511,0.001170559
5512,0.000746473
5513,0.0012613215
5514,0.0020123965
5515,0.0025636468
5516,0.0020046588
5517,0.0011415064
5518,0.0006187811
5519,0.0008619528
5520,0.0018423685
5521,0.0023911062
5522,0.0021644365
5523,0.0016485143
5524,0.001316043
5525,0.0011117732
5526,0.0011880808
5527,0.0016201644
5528,0.0020438093
5529,0.002091498
5530,0.0020228976
5531,0.0020934592
5532,0.0027397282
5533,0.0028448128
5534,0.0016333854
5535,0.0019363187
5536,0.0017086949
5537,0.0012192479
5538,0.0013140511
5539,0.0011294854
5540,0.0012591043
5541,0.0011845726
5542,0.0016165857
5543,0.0014902729
5544,0.0011226104
5545,0.0013319795
5546,0.0018400607
5547,0.0020985967
5548,0.002231086
5549,0.0018318492
5550,0.0015627041
5551,0.0010211141
5552,0.00178891
5553,0.003019583
5554,0.0026724234
5555,0.0015651606
5556,0.0013344245
5557,0.0014557956
5558,0.0012029308
5559,0.0006129211
5560,0.0018176702
5561,0.0028382784
5562,0.0033306305
5563,0.0032718363
5564,0.0025939718
5565,0.0018459982
5566,0.0013663222
5567,0.0016112659
5568,0.0022960168
5569,0.0039192
5570,0.0027956709
5571,0.0008969326
5572,0.000920884
5573,0.0009406149
5574,0.0009807853
5575,0.0012293273
5576,0.0011838845
5577,0.0014262887
5578,0.0020075748
5579,0.0025117863
5580,0.0020467122
5581,0.0010237328
5582,0.00096953363
5583,0.0015574807
5584,0.0021618532
5585,0.0024254036
5586,0.0026302275
5587,0.0025505351
5588,0.002124235
5589,0.004318251
5590,0.0041824183
5591,0.0022511885
5592,0.001902536
5593,0.0015573686
5594,0.0010828903
5595,0.0012770749
5596,0.0020739608
5597,0.0021865105
5598,0.0030466132
5599,0.0031263672
5600,0.0018005209
5601,0.0012328733
5602,0.0013705544
5603,0.0018139677
5604,0.0022072564
5605,0.0022563797
5606,0.0026305483
5607,0.0025786113
5608,0.0019656613
5609,0.0012498942
5610,0.0012933118
5611,0.0012624054
5612,0.0015537202
5613,0.0016642576
5614,0.0017609363
5615,0.0016117716
5616,0.0014537551
5617,0.0011389795
5618,0.001273172
5619,0.0014092713
5620,0.0011147796
5621,0.0008555134
5622,0.0009778134
5623,0.00095242227
5624,0.0011072877
5625,0.0011191571
5626,0.0014391473
5627,0.001990351
5628,0.0022068082
5629,0.0028405641
5630,0.0034549367
5631,0.0035434
5632,0.0042585623
5633,0.0039053485
5634,0.0024877558
5635,0.0014939593
5636,0.0013617561
5637,0.0013381488
5638,0.0022040368
5639,0.0022265548
5640,0.0018115917
5641,0.0019135184
5642,0.002234957
5643,0.0025357036
5644,0.002408171
5645,0.0022685872
5646,0.0024286653
5647,0.002448917
5648,0.0029032829
5649,0.0032785188
5650,0.0045278575
5651,0.005065717
5652,0.0051280768
5653,0.0039247507
5654,0.0026769065
5655,0.0028535465
5656,0.0051248525
5657,0.0045437254
5658,0.004702932
5659,0.004102628
5660,0.0017624232
5661,0.0
5662,0.0015227859
5663,0.0017127949
5664,0.0013747737
5665,0.0012274556
5666,0.0011905034
5667,0.0007477974
5668,0.0011974261
5669,0.0021335995
5670,0.0026137664
5671,0.002491088
5672,0.002106625
5673,0.0017140687
5674,0.0010760963
5675,0.0012235846
5676,0.0016308355
5677,0.0016308534
5678,0.0012718454
5679,0.000951138
5680,0.0011546629
5681,0.0012494517
5682,0.00083048333
5683,0.0012349018
5684,0.0013929862
5685,0.0010842333
5686,0.00092296756
5687,0.0003445075
5688,0.001068769
5689,0.0016637678
5690,0.0018518224
5691,0.0045590596
5692,0.007476472
5693,0.0071905497
5694,0.0071219327
5695,0.008899939
5696,0.008931972
5697,0.008472291
5698,0.0066491915
5699,0.001928834
5700,0.0023807012
5701,0.004036851
5702,0.004340106
5703,0.004779668
5704,0.006133554
5705,0.0070057786
5706,0.008555113
5707,0.007938344
5708,0.00597743
5709,0.00430404
5710,0.0035036036
5711,0.0024355939
5712,0.0024165437
5713,0.003752305
5714,0.0033416748
5715,0.0021101863
5716,0.0013889899
5717,0.00089738675
5718,0.0015663687
5719,0.0016697745
5720,0.0011019392
5721,0.0013166178
5722,0.00106087
5723,0.0010324237
5724,0.0014807906
5725,0.0016295144
5726,0.0017418427
5727,0.0016266005
5728,0.0009896475
5729,0.0015258407
5730,0.0018112382
5731,0.0018256266
5732,0.0013391924
5733,0.00078952254
5734,0.000821144
5735,0.0009892063
5736,0.0008784081
5737,0.0015662201
5738,0.002295104
5739,0.0014042439
5740,0.0011630761
5741,0.0011624754
5742,0.0010719774
5743,0.0007963495
5744,0.0009261155
5745,0.0013267032
5746,0.0011936284
5747,0.0010201444
5748,0.00096887304
5749,0.0011125583
5750,0.0011886685
5751,0.0015988997
5752,0.0015682257
5753,0.0011684188
5754,0.0005396415
5755,0.0009236295
5756,0.000955595
5757,0.00042772267
5758,0.00034577237
5759,0.00083041325
5760,0.0010159707
5761,0.00094206806
5762,0.0007843077
5763,0.0008418649
5764,0.0014688318
5765,0.0021517328
5766,0.002219223
5767,0.0025114617
5768,0.0018467548
5769,0.0012217517
5770,0.001830053
5771,0.0019685465
5772,0.001523512
5773,0.0022750185
5774,0.0028615214
5775,0.0029834541
5776,0.0027152929
5777,0.0022789936
5778,0.0025790965
5779,0.0026065635
5780,0.0021009806
5781,0.001222728
5782,0.0011799445
5783,0.002508157
5784,0.0021840334
5785,0.0007846787
5786,0.00039141098
5787,0.00091971393
5788,0.0018160683
5789,0.0027017
5790,0.0040225363
5791,0.004188621
5792,0.0031674395
5793,0.002772747
5794,0.0015096565
5795,0.00078267325
5796,0.0005169443
5797,0.0010143652
5798,0.0012468167
5799,0.0014348739
5800,0.001421465
5801,0.0011474062
5802,0.0012348547
5803,0.0019430856
5804,0.0019444332
5805,0.0017473812
5806,0.0013541261
5807,0.0018517752
5808,0.0021315115
5809,0.0034228188
5810,0.0032984319
5811,0.0013415808
5812,0.001089375
5813,0.0011188189
5814,0.0014175695
5815,0.0011551921
5816,0.0008061205
5817,0.0010420759
5818,0.0008830674
5819,0.00092138955
5820,0.00088121986
5821,0.00076453993
5822,0.0011266733
5823,0.0012503132
5824,0.0008179124
5825,0.0007385159
5826,0.00069473585
5827,0.0010532986
5828,0.0008907134
5829,0.0008854043
5830,0.0013124554
5831,0.001400529
5832,0.0025885468
5833,0.0033892463
5834,0.004419422
5835,0.0045276904
5836,0.0038394886
5837,0.0031922886
5838,0.0022993227
5839,0.0013769103
5840,0.0012806479
5841,0.0015877942
5842,0.0013984495
5843,0.00078159414
5844,0.00064661086
5845,0.00068783126
5846,0.00083954545
5847,0.0014865773
5848,0.0023124241
5849,0.002086371
5850,0.0013535243
5851,0.0006902389
5852,0.0009736375
5853,0.0018952559
5854,0.0024770754
5855,0.0019082944
5856,0.0010074268
5857,0.0007660991
5858,0.00095474184
5859,0.0015858867
5860,0.0020195572
5861,0.002070815
5862,0.0020133075
5863,0.0020261034
5864,0.0020888245
5865,0.0020185192
5866,0.001794514
5867,0.0013441598
5868,0.0019042945
5869,0.0019543762
5870,0.0018799144
5871,0.0016785535
5872,0.001750626
5873,0.0017118941
5874,0.0014063149
5875,0.0015021772
5876,0.0015641934
5877,0.0011853831
5878,0.0012959645
5879,0.0013175017
5880,0.0013406477
5881,0.002099179
5882,0.0020727958
5883,0.0023870254
5884,0.002084445
5885,0.0028239067
5886,0.0031545954
5887,0.0020768074
5888,0.0009404293
5889,0.0006729022
5890,0.0008168798
5891,0.0008087158
5892,0.00072217773
5893,0.0010785006
5894,0.002239432
5895,0.003550678
5896,0.0039900346
5897,0.0035095713
5898,0.0024651682
5899,0.0015939227
5900,0.0020232284
5901,0.002613655
5902,0.0034845793
5903,0.0023932962
5904,0.00092454284
5905,0.0009957456
5906,0.0011947252
5907,0.0013086803
5908,0.0016940864
5909,0.0014104479
5910,0.0017454315
5911,0.0021329992
5912,0.0022115244
5913,0.0019147805
5914,0.0015124108
5915,0.0019737289
5916,0.0026557965
5917,0.0033619842
5918,0.0038006639
5919,0.0036185535
5920,0.0028982663
5921,0.0018568605
5922,0.0044069444
5923,0.0046110144
5924,0.0020657633
5925,0.0016263142
5926,0.0011024409
5927,0.00075731106
5928,0.0011351657
5929,0.0021967224
5930,0.0026410932
5931,0.0030265723
5932,0.0027547502
5933,0.0016355044
5934,0.0009369257
5935,0.0013208771
5936,0.0018085045
5937,0.0018369422
5938,0.00087355735
5939,0.0015864004
5940,0.00223925
5941,0.0018525766
5942,0.0010617475
5943,0.0009899121
5944,0.0011169965
5945,0.0014429644
5946,0.001667577
5947,0.00169534
5948,0.001665324
5949,0.0016042967
5950,0.0012636498
5951,0.0011587641
5952,0.0013085913
5953,0.0010516949
5954,0.00068723864
5955,0.001110647
5956,0.0014092505
5957,0.0017479974
5958,0.001914902
5959,0.0018621506
5960,0.0015319893
5961,0.0014716032
5962,0.0021821535
5963,0.0023821555
5964,0.004027706
5965,0.0040859664
5966,0.0027259581
5967,0.0018588813
5968,0.001079175
5969,0.0007947764
5970,0.00087038655
5971,0.0021174285
5972,0.0022773328
5973,0.0011769809
5974,0.0011741586
5975,0.001833104
5976,0.0024458964
5977,0.002563942
5978,0.002175488
5979,0.002333036
5980,0.0024365615
5981,0.002779174
5982,0.0029370196
5983,0.0028873303
5984,0.003506933
5985,0.004058042
5986,0.0045245653
5987,0.0038132246
5988,0.003235637
5989,0.00564886
5990,0.0052788244
5991,0.0046610166
5992,0.004077146
5993,0.001979339
5994,0.0
5995,0.0010272803
5996,0.0011598436
5997,0.0008978407
5998,0.0013622903
5999,0.0015691163
6000,0.0010245853
6001,0.00094816525
6002,0.0014423592
6003,0.0021573117
6004,0.0024554564
6005,0.0020896883
6006,0.0014334534
6007,0.001034367
6008,0.001424308
6009,0.0016135583
6010,0.0013638063
6011,0.0009920853
6012,0.00086222286
6013,0.0008778115
6014,0.0008924109
6015,0.00082142756
6016,0.0010559754
6017,0.0015211414
6018,0.0016132336
6019,0.0012741545
6020,0.0006938556
6021,0.0012302975
6022,0.0018245103
6023,0.0020332874
6024,0.0036609967
6025,0.0059980336
6026,0.00709724
6027,0.007558786
6028,0.008240343
6029,0.008593235
6030,0.009550835
6031,0.008125588
6032,0.0025109982
6033,0.0026869013
6034,0.003804506
6035,0.0040290426
6036,0.003064748
6037,0.004621014
6038,0.0056334697
6039,0.00644608
6040,0.0070934254
6041,0.0053769317
6042,0.004160406
6043,0.0032923468
6044,0.0026985419
6045,0.0028853237
6046,0.003936908
6047,0.0032737127
6048,0.002302877
6049,0.0014592102
6050,0.0015938863
6051,0.0019714863
6052,0.0020986244
6053,0.0019017557
6054,0.0018860968
6055,0.0013977834
6056,0.0008894055
6057,0.0011973532
6058,0.0013356671
6059,0.0016836261
6060,0.0016022273
6061,0.0015440998
6062,0.0020344607
6063,0.0019656022
6064,0.0017366554
6065,0.0014900385
6066,0.0007305519
6067,0.00047191366
6068,0.00096923346
6069,0.0011260015
6070,0.0013813629
6071,0.0018457144
6072,0.0013819948
6073,0.00073890993
6074,0.00037149747
6075,0.00037963426
6076,0.0007000775
6077,0.0008415191
6078,0.001140486
6079,0.0014625969
6080,0.0012744287
6081,0.0008978731
6082,0.00135966
6083,0.0012835308
6084,0.0014803385
6085,0.0012434041
6086,0.0009199671
6087,0.0009857579
6088,0.001163001
6089,0.00095851434
6090,0.0009405221
6091,0.0010742556
6092,0.0014945826
6093,0.001522155
6094,0.0013846668
6095,0.00088717754
6096,0.0010596347
6097,0.001211297
6098,0.0021021578
6099,0.0022609541
6100,0.0022900642
6101,0.0019762635
6102,0.0011775743
6103,0.0013153793
6104,0.0014229588
6105,0.0013208771
6106,0.0019647283
6107,0.0022768087
6108,0.002264748
6109,0.002394281
6110,0.002402811
6111,0.0021921734
6112,0.0021717525
6113,0.002223494
6114,0.0017481472
6115,0.0012319996
6116,0.0022844654
6117,0.0018703068
6118,0.0009957749
6119,0.0009786761
6120,0.0011397457
6121,0.00070973876
6122,0.0013257596
6123,0.0043789535
6124,0.004769043
6125,0.0036090503
6126,0.0031707454
6127,0.0015300884
6128,0.0009910287
6129,0.0009054584
6130,0.0013461936
6131,0.0017253906
6132,0.0017155453
6133,0.0016086809
6134,0.0010807113
6135,0.0009842215
6136,0.0014633727
6137,0.0016794548
6138,0.0015918398
6139,0.0013415808
6140,0.0016769576
6141,0.0016124757
6142,0.0025877147
6143,0.0026405202
6144,0.0014095397
6145,0.0018077963
6146,0.0019303123
6147,0.001833977
6148,0.001268523
6149,0.00075696514
6150,0.0007963495
6151,0.000533676
6152,0.0006126361
6153,0.0006299681
6154,0.0006772565
6155,0.00085001864
6156,0.00084772153
6157,0.00048318828
6158,0.0004737602
6159,0.0006102085
6160,0.0009018835
6161,0.0008415537
6162,0.000790149
6163,0.001136037
6164,0.0017967994
6165,0.0027004178
6166,0.003331347
6167,0.0034326
6168,0.0036888577
6169,0.0028785777
6170,0.0024955817
6171,0.001089562
6172,0.00135966
6173,0.001945346
6174,0.0017640408
6175,0.0012352553
6176,0.0007786469
6177,0.00079934066
6178,0.001020886
6179,0.0014563553
6180,0.0016565276
6181,0.0017644531
6182,0.0016785188
6183,0.0013251009
6184,0.00069778727
6185,0.00088026153
6186,0.0016773046
6187,0.0023592846
6188,0.002080182
6189,0.0011287637
6190,0.0006517218
6191,0.00082595024
6192,0.0021428687
6193,0.0024305938
6194,0.0022098657
6195,0.0021683862
6196,0.001984024
6197,0.0019871606
6198,0.0019084774
6199,0.0015774961
6200,0.0010391392
6201,0.0013328532
6202,0.0015461717
6203,0.0017189011
6204,0.0013510708
6205,0.0015475639
6206,0.0016485848
6207,0.0018495106
6208,0.0017583561
6209,0.0017104483
6210,0.0012449012
6211,0.0011732412
6212,0.0011716028
6213,0.0011901367
6214,0.001381679
6215,0.0012482165
6216,0.0015782892
6217,0.0020478922
6218,0.002705984
6219,0.0027012797
6220,0.0021242623
6221,0.0012913526
6222,0.0011550913
6223,0.0010259196
6224,0.0008854043
6225,0.00056832586
6226,0.0009296598
6227,0.0019872487
6228,0.0034555178
6229,0.004386716
6230,0.0048429593
6231,0.0041023446
6232,0.0033942917
6233,0.0027842377
6234,0.0021825535
6235,0.0020890196
6236,0.0010535473
6237,0.00095080136
6238,0.001023875
6239,0.000831429
6240,0.00094877894
6241,0.0013321762
6242,0.0011213912
6243,0.001495984
6244,0.0019758658
6245,0.0018648837
6246,0.0036192853
6247,0.00398212
6248,0.0038539846
6249,0.0030820582
6250,0.0030601292
6251,0.003461829
6252,0.0041459985
6253,0.00375208
6254,0.002598915
6255,0.0043380805
6256,0.004315392
6257,0.0015523708
6258,0.00091939745
6259,0.0008153464
6260,0.0006976621
6261,0.0010194881
6262,0.002277946
6263,0.0031842922
6264,0.003330753
6265,0.0025826374
6266,0.001750626
6267,0.0005297899
6268,0.0004942058
6269,0.0011680202
6270,0.0010665337
6271,0.0007472524
6272,0.0007937504
6273,0.0015952551
6274,0.0013287637
6275,0.00096767076
6276,0.0010187741
6277,0.0010301943
6278,0.0007693593
6279,0.000579834
6280,0.0010019809
6281,0.0013027065
6282,0.0014579132
6283,0.0013147596
6284,0.001028611
6285,0.0012476568
6286,0.0015669818
6287,0.0015587321
6288,0.0018636192
6289,0.0019592547
6290,0.0019795154
6291,0.0019886247
6292,0.00155692
6293,0.001119183
6294,0.0011477612
6295,0.0026778197
6296,0.0025539221
6297,0.004432987
6298,0.00458868
6299,0.0020496962
6300,0.0014354418
6301,0.0012253672
6302,0.0012695092
6303,0.0013956788
6304,0.0026034575
6305,0.0025041737
6306,0.0011911633
6307,0.0008540834
6308,0.0013732275
6309,0.0017805934
6310,0.0018526395
6311,0.0017431622
6312,0.0022891744
6313,0.002731515
6314,0.0027552256
6315,0.002362502
6316,0.0015071676
6317,0.0017282052
6318,0.0019806032
6319,0.0046135765
6320,0.004532008
6321,0.0035830142
6322,0.005357264
6323,0.0055918205
6324,0.0054272995
6325,0.0040453207
6326,0.001795195
6327,0.0
6328,0.00069473585
6329,0.00072679744
6330,0.0007622143
6331,0.0013478141
6332,0.0014039329
6333,0.0010719503
6334,0.0013996768
6335,0.0015718034
6336,0.001695649
6337,0.0019934047
6338,0.0015983718
6339,0.0013027512
6340,0.0012260558
6341,0.0016249894
6342,0.0015383213
6343,0.0009098513
6344,0.000872624
6345,0.001004186
6346,0.0007110907
6347,0.00082890486
6348,0.00087178976
6349,0.00091816206
6350,0.0011786612
6351,0.0016094407
6352,0.0015003161
6353,0.0010438339
6354,0.00097381684
6355,0.0014732438
6356,0.0019126665
6357,0.0024593172
6358,0.004127305
6359,0.0059974077
6360,0.007885454
6361,0.008940107
6362,0.0071360455
6363,0.008507346
6364,0.008773598
6365,0.0048625404
6366,0.0031991645
6367,0.0037670827
6368,0.003212265
6369,0.0023193986
6370,0.0038924944
6371,0.004089626
6372,0.0047267904
6373,0.0063778637
6374,0.0060268063
6375,0.0041403086
6376,0.0022187768
6377,0.0019022301
6378,0.0028738927
6379,0.0038609335
6380,0.0033509894
6381,0.0023544193
6382,0.0014557956
6383,0.001667542
6384,0.0017271776
6385,0.0016065991
6386,0.0015424779
6387,0.0012782823
6388,0.0008967379
6389,0.0007999594
6390,0.0009995671
6391,0.0012067474
6392,0.0017099037
6393,0.0016431385
6394,0.0017183422
6395,0.002049412
6396,0.0018473694
6397,0.0013081464
6398,0.00091364986
6399,0.00045706378
6400,0.0003636589
6401,0.0007112953
6402,0.0011501929
6403,0.0014245941
6404,0.0014109636
6405,0.0010398391
6406,0.00065909314
6407,0.0006413685
6408,0.0006453494
6409,0.0007352773
6410,0.00056043605
6411,0.000951138
6412,0.0014080936
6413,0.0011315707
6414,0.0006823938
6415,0.0011292793
6416,0.0012083622
6417,0.0012103115
6418,0.0013772273
6419,0.0014382774
6420,0.0013362553
6421,0.0015362198
6422,0.0014360296
6423,0.001534419
6424,0.0017425611
6425,0.0022970687
6426,0.002531465
6427,0.0022697544
6428,0.0011218842
6429,0.0013478573
6430,0.0014104067
6431,0.0020869428
6432,0.002169956
6433,0.002164033
6434,0.002056373
6435,0.0010199163
6436,0.0010409581
6437,0.0010876638
6438,0.0013759799
6439,0.0017359345
6440,0.0018779472
6441,0.0019458546
6442,0.002656684
6443,0.0025935117
6444,0.0021074675
6445,0.0017741091
6446,0.0020655943
6447,0.0016747694
6448,0.0007944468
6449,0.0016217803
6450,0.0015381889
6451,0.000927905
6452,0.0011147273
6453,0.0011766347
6454,0.00075322646
6455,0.0017544953
6456,0.0048966096
6457,0.005107257
6458,0.0040204376
6459,0.0036811652
6460,0.0015853727
6461,0.0012114892
6462,0.0016017004
6463,0.0020951545
6464,0.0024514112
6465,0.0026496085
6466,0.0021048558
6467,0.0015865288
6468,0.0006536392
6469,0.0011760656
6470,0.0014761449
6471,0.00109199
6472,0.0008116614
6473,0.0009905881
6474,0.0008573145
6475,0.0016548577
6476,0.0018889493
6477,0.0015574433
6478,0.0016281207
6479,0.0013994689
6480,0.0010144513
6481,0.0012281904
6482,0.0013159987
6483,0.0015413832
6484,0.001265583
6485,0.0011572562
6486,0.0008334568
6487,0.00075195025
6488,0.0008405502
6489,0.0013163304
6490,0.00096682826
6491,0.0006711266
6492,0.000542975
6493,0.0009477354
6494,0.00090291555
6495,0.00051457423
6496,0.00070364366
6497,0.0015894612
6498,0.0022018834
6499,0.0026481033
6500,0.002108434
6501,0.0021321666
6502,0.0014383584
6503,0.0009299728
6504,0.0013136524
6505,0.0018799918
6506,0.0021973583
6507,0.0017688518
6508,0.0016141534
6509,0.0016232511
6510,0.0014525735
6511,0.0014004044
6512,0.0014938035
6513,0.001364425
6514,0.001020829
6515,0.0011591408
6516,0.0012551919
6517,0.0006551958
6518,0.0006455297
6519,0.0013548568
6520,0.002327528
6521,0.0023565816
6522,0.0013140953
6523,0.000689015
6524,0.0010800647
6525,0.0028390063
6526,0.0029848197
6527,0.0021188299
6528,0.0021192145
6529,0.0021684533
6530,0.0020630988
6531,0.0020359193
6532,0.0017538151
6533,0.0013770793
6534,0.0010473689
6535,0.00088812836
6536,0.001221847
6537,0.00084868225
6538,0.00084521156
6539,0.001189623
6540,0.001626851
6541,0.0017727962
6542,0.0018265669
6543,0.0014122007
6544,0.0010952102
6545,0.0012580407
6546,0.0011728938
6547,0.0010664245
6548,0.00084724074
6549,0.00094690593
6550,0.0016168917
6551,0.0019516045
6552,0.0019186524
6553,0.0017687365
6554,0.0015396262
6555,0.0012027856
6556,0.000861919
6557,0.001034592
6558,0.00093853957
6559,0.001424165
6560,0.0010254087
6561,0.0022103793
6562,0.003693289
6563,0.0050528715
6564,0.004850999
6565,0.0045500174
6566,0.003375315
6567,0.0024279822
6568,0.0010217408
6569,0.00061467546
6570,0.0009349978
6571,0.0010831053
6572,0.0007670862
6573,0.0006249587
6574,0.00084179576
6575,0.0006144387
6576,0.0017091547
6577,0.0025978622
6578,0.0038923149
6579,0.005015774
6580,0.004933193
6581,0.003979108
6582,0.003035847
6583,0.0021452305
6584,0.0022976515
6585,0.0038066169
6586,0.0037353502
6587,0.0025556763
6588,0.0033109463
6589,0.003322678
6590,0.0007713993
6591,0.0007638544
6592,0.00092589547
6593,0.00068876153
6594,0.00067047577
6595,0.0017162408
6596,0.0032161134
6597,0.0035918977
6598,0.003267742
6599,0.002359038
6600,0.0012267914
6601,0.0007665169
6602,0.0011250706
6603,0.0012461863
6604,0.0014353809
6605,0.0010997978
6606,0.0011494589
6607,0.0011859721
6608,0.0014289389
6609,0.0014165837
6610,0.0012430061
6611,0.0007379246
6612,0.0010940137
6613,0.0019395176
6614,0.002045944
6615,0.0018382883
6616,0.001412448
6617,0.00091885915
6618,0.001218006
6619,0.0019838333
6620,0.0018988305
6621,0.0019660315
6622,0.0018796357
6623,0.001562462
6624,0.0013278215
6625,0.00070124055
6626,0.0006781154
6627,0.0009341258
6628,0.0029490546
6629,0.003267537
6630,0.004580465
6631,0.0046713706
6632,0.0018187907
6633,0.0014966453
6634,0.00147099
6635,0.001236574
6636,0.0013437051
6637,0.002440178
6638,0.0025593976
6639,0.0018857882
6640,0.0013723794
6641,0.0015869141
6642,0.0015497063
6643,0.0012082659
6644,0.0007402479
6645,0.0012243693
6646,0.0017275652
6647,0.0018528122
6648,0.001724125
6649,0.0024186505
6650,0.0028439534
6651,0.0023707906
6652,0.0047400156
6653,0.004928748
6654,0.0034914713
6655,0.00519313
6656,0.005793745
6657,0.0052109603
6658,0.0036740743
6659,0.0015304497
6660,0.0
6661,0.0006941072
6662,0.00070941064
6663,0.00075090455
6664,0.001194652
6665,0.0016035165
6666,0.0014305471
6667,0.0018004725
6668,0.0019133055
6669,0.0017166646
6670,0.0021847927
6671,0.0022792106
6672,0.0019562517
6673,0.0013195765
6674,0.0017443139
6675,0.0017260314
6676,0.0012302266
6677,0.0015317423
6678,0.0016891831
6679,0.0012992391
6680,0.0011243977
6681,0.0008377756
6682,0.00062239217
6683,0.00079481304
6684,0.0014249005
6685,0.0014850298
6686,0.0011953583
6687,0.001332198
6688,0.0013303836
6689,0.001499967
6690,0.0020699576
6691,0.00280941
6692,0.0044599148
6693,0.007018707
6694,0.0093465
6695,0.0077776094
6696,0.0076430696
6697,0.008436203
6698,0.006601807
6699,0.0047979793
6700,0.003859139
6701,0.0029078403
6702,0.0023344702
6703,0.003230794
6704,0.0031692581
6705,0.0034424637
6706,0.005058254
6707,0.006270657
6708,0.005654308
6709,0.0036172746
6710,0.0018517752
6711,0.0033700082
6712,0.0037804632
6713,0.0028775665
6714,0.0019952871
6715,0.0010487296
6716,0.0011061833
6717,0.0011907723
6718,0.0012456725
6719,0.001088787
6720,0.0009648394
6721,0.00063594565
6722,0.0007859017
6723,0.0009454602
6724,0.0012712504
6725,0.0015360493
6726,0.0014067702
6727,0.0016438115
6728,0.001797609
6729,0.0014131279
6730,0.0010849579
6731,0.0008934865
6732,0.00052769826
6733,0.0005298998
6734,0.00039658177
6735,0.0009957749
6736,0.00107309
6737,0.0009600616
6738,0.00082700665
6739,0.000731388
6740,0.0005966557
6741,0.00054825575
6742,0.00061358546
6743,0.00052692555
6744,0.0006586514
6745,0.0012435679
6746,0.0011074718
6747,0.0005833369
6748,0.0010233916
6749,0.0012725089
6750,0.0012254622
6751,0.001831007
6752,0.0020505337
6753,0.0020505479
6754,0.0018486135
6755,0.0018119612
6756,0.0017392677
6757,0.001823122
6758,0.0025040342
6759,0.0034400364
6760,0.00404481
6761,0.0034894035
6762,0.0028102903
6763,0.0023665146
6764,0.0022295853
6765,0.0023738209
6766,0.002009835
6767,0.0017114349
6768,0.0006021424
6769,0.0005359073
6770,0.00074740814
6771,0.0010856551
6772,0.0012838256
6773,0.0016100553
6774,0.0021382866
6775,0.0025752003
6776,0.0023728644
6777,0.0018197026
6778,0.0020561183
6779,0.0025234388
6780,0.0019093617
6781,0.0010761503
6782,0.0010115207
6783,0.0010906566
6784,0.0009351534
6785,0.0013420146
6786,0.0013421664
6787,0.00115431
6788,0.002776041
6789,0.0051888074
6790,0.0051860358
6791,0.00402399
6792,0.0034440358
6793,0.0013014995
6794,0.0015290799
6795,0.0022966505
6796,0.0019960457
6797,0.0019687829
6798,0.0024514587
6799,0.0024987054
6800,0.001859617
6801,0.00047724898
6802,0.00093673926
6803,0.0013424916
6804,0.0008960236
6805,0.0009188275
6806,0.0012081213
6807,0.0012882837
6808,0.0017358842
6809,0.0017339383
6810,0.0014547356
6811,0.0010524418
6812,0.0008231618
6813,0.00077759963
6814,0.0015269276
6815,0.0018393013
6816,0.0023226964
6817,0.0022017777
6818,0.0021946414
6819,0.0013106803
6820,0.0008359672
6821,0.0007771129
6822,0.0014426619
6823,0.0012700135
6824,0.00094678294
6825,0.0009076415
6826,0.0011324191
6827,0.0010970422
6828,0.00071068126
6829,0.00081280805
6830,0.00125922
6831,0.0019005922
6832,0.0025133847
6833,0.0020922911
6834,0.0014389451
6835,0.0014102828
6836,0.0014122007
6837,0.0018151226
6838,0.0019243777
6839,0.0017181559
6840,0.0013414073
6841,0.0012365269
6842,0.0014837947
6843,0.001149003
6844,0.0011530739
6845,0.0011229992
6846,0.000772681
6847,0.00062009663
6848,0.0008942028
6849,0.001364105
6850,0.0009158134
6851,0.00062248565
6852,0.00074549764
6853,0.0018822042
6854,0.0023300275
6855,0.0017743879
6856,0.001160546
6857,0.0011754221
6858,0.0029536204
6859,0.0035594539
6860,0.0026939325
6861,0.002010226
6862,0.0018272997
6863,0.0018664437
6864,0.0019588238
6865,0.0017982242
6866,0.0015939227
6867,0.0016416145
6868,0.00088296854
6869,0.00092410203
6870,0.00051389507
6871,0.0006296909
6872,0.0009830676
6873,0.0012462564
6874,0.0013651074
6875,0.0011885705
6876,0.0010710539
6877,0.0008836275
6878,0.0011564512
6879,0.0010771506
6880,0.00062519155
6881,0.00062000274
6882,0.0010767722
6883,0.0016973132
6884,0.0017656898
6885,0.001689028
6886,0.0018422105
6887,0.0015025259
6888,0.0010004693
6889,0.001012671
6890,0.0010562786
6891,0.0012064339
6892,0.0018689525
6893,0.0016341514
6894,0.00090381765
6895,0.0017298716
6896,0.002741215
6897,0.0029933294
6898,0.0033020915
6899,0.0028747837
6900,0.0023458372
6901,0.0011646015
6902,0.00059111806
6903,0.0007900753
6904,0.001035548
6905,0.00084217597
6906,0.00059616775
6907,0.0010383266
6908,0.0009879698
6909,0.002519191
6910,0.0037844565
6911,0.004592674
6912,0.004710266
6913,0.0036783493
6914,0.0024199858
6915,0.0024755944
6916,0.0021533147
6917,0.001806089
6918,0.003080377
6919,0.0032426005
6920,0.002099581
6921,0.0020483895
6922,0.002313217
6923,0.0012806479
6924,0.00092435395
6925,0.0006821805
6926,0.0006512751
6927,0.00088316627
6928,0.0012111769
6929,0.00275493
6930,0.0038241155
6931,0.004079508
6932,0.0029991963
6933,0.0021684533
6934,0.0011827284
6935,0.0009833339
6936,0.0011570046
6937,0.0011936284
6938,0.001040231
6939,0.00078782503
6940,0.0012175759
6941,0.0016939146
6942,0.0018050412
6943,0.0018945647
6944,0.0016967815
6945,0.0015513019
6946,0.0020557644
6947,0.0018378291
6948,0.00097531
6949,0.0007755384
6950,0.0006458903
6951,0.0013011417
6952,0.0023612576
6953,0.0021897026
6954,0.001756783
6955,0.0013340318
6956,0.00078627194
6957,0.0007884897
6958,0.0008248219
6959,0.00093337777
6960,0.0011557463
6961,0.0035756393
6962,0.0039830995
6963,0.003940972
6964,0.0043576937
6965,0.002262434
6966,0.0014601473
6967,0.0014113142
6968,0.0009928771
6969,0.0012889161
6970,0.0022645812
6971,0.002403562
6972,0.0018143367
6973,0.0013908953
6974,0.0018069267
6975,0.0018657575
6976,0.0014863032
6977,0.0011546629
6978,0.0014513106
6979,0.0015448158
6980,0.0012388079
6981,0.0009524834
6982,0.0033989102
6983,0.0038343533
6984,0.0038050262
6985,0.0052739703
6986,0.0045392783
6987,0.0023759531
6988,0.0049551553
6989,0.005678479
6990,0.0048950873
6991,0.0039614267
6992,0.001999571
6993,0.0
6994,0.0005797336
6995,0.0006598875
6996,0.00071590394
6997,0.0011365494
6998,0.0015553863
6999,0.0018278412
7000,0.0021218085
7001,0.0018532834
7002,0.0013519106
7003,0.0017092568
7004,0.0024215006
7005,0.0026530994
7006,0.0025396375
7007,0.002705973
7008,0.0018457144
7009,0.0011942866
7010,0.0024987287
7011,0.0027733557
7012,0.0026705388
7013,0.0020667494
7014,0.0013418194
7015,0.0006142966
7016,0.0006752337
7017,0.0011897698
7018,0.0009459834
7019,0.0009945758
7020,0.0012523367
7021,0.0012195105
7022,0.0009828899
7023,0.0010315494
7024,0.002178162
7025,0.0039409646
7026,0.006188102
7027,0.008894955
7028,0.00784606
7029,0.0062004686
7030,0.007209467
7031,0.0070251687
7032,0.0055553573
7033,0.00453396
7034,0.0028290243
7035,0.0033909462
7036,0.0034640476
7037,0.0029358105
7038,0.00206379
7039,0.003491063
7040,0.0057370206
7041,0.006637731
7042,0.005464005
7043,0.0034440274
7044,0.003184082
7045,0.0037844027
7046,0.0031446158
7047,0.0022646198
7048,0.001204913
7049,0.000773923
7050,0.001159191
7051,0.001430954
7052,0.0013129654
7053,0.0010813574
7054,0.0007187845
7055,0.0004795607
7056,0.0006598875
7057,0.0008947885
7058,0.0010317751
7059,0.0008501556
7060,0.0013089693
7061,0.0013359939
7062,0.00093487324
7063,0.0011760656
7064,0.0010233348
7065,0.00060388
7066,0.0005064217
7067,0.00049614534
7068,0.0011350119
7069,0.0012388079
7070,0.0010237612
7071,0.000819441
7072,0.00067755725
7073,0.00033080266
7074,0.00032134156
7075,0.0004366787
7076,0.00044643367
7077,0.00079740863
7078,0.0012315271
7079,0.0009787059
7080,0.0005728146
7081,0.0008560915
7082,0.0009565082
7083,0.0012148957
7084,0.0017332836
7085,0.0020192976
7086,0.0023020552
7087,0.002249533
7088,0.0020098062
7089,0.0016514247
7090,0.0017536989
7091,0.0020666788
7092,0.003068544
7093,0.0039532264
7094,0.0043082037
7095,0.0036127097
7096,0.002948709
7097,0.0022511885
7098,0.0023258145
7099,0.0022300682
7100,0.0017347103
7101,0.001005113
7102,0.0007665169
7103,0.0007125626
7104,0.0012731262
7105,0.0016680656
7106,0.001772008
7107,0.0016488497
7108,0.0015785289
7109,0.0014487616
7110,0.001596003
7111,0.002581296
7112,0.002590154
7113,0.0015356893
7114,0.00092520367
7115,0.0011853094
7116,0.0011699372
7117,0.0013078126
7118,0.0014953224
7119,0.0012795565
7120,0.0015335083
7121,0.004086273
7122,0.005630772
7123,0.0045590913
7124,0.003093181
7125,0.0026029767
7126,0.001497967
7127,0.0021055886
7128,0.0024590688
7129,0.0013188485
7130,0.0012635347
7131,0.0020011715
7132,0.0024051599
7133,0.0019333253
7134,0.0011210538
7135,0.0011472539
7136,0.0013786001
7137,0.0012213228
7138,0.0014659163
7139,0.0020000222
7140,0.002085157
7141,0.0023180055
7142,0.001885356
7143,0.0015446086
7144,0.0010900693
7145,0.001017545
7146,0.0013317829
7147,0.0024090048
7148,0.0032117849
7149,0.0033535159
7150,0.003782972
7151,0.0037867015
7152,0.0031389093
7153,0.0014048448
7154,0.00081180484
7155,0.0016583011
7156,0.0014785483
7157,0.0007066154
7158,0.0006605928
7159,0.0011153799
7160,0.0011833435
7161,0.0008749555
7162,0.0009772179
7163,0.0011322135
7164,0.0018533148
7165,0.0025372412
7166,0.0018942575
7167,0.0010565816
7168,0.0013040017
7169,0.0014314216
7170,0.001339062
7171,0.0013204364
7172,0.0011004327
7173,0.0011266733
7174,0.0010325647
7175,0.0010768262
7176,0.00074643403
7177,0.00077253033
7178,0.0010200018
7179,0.0009855807
7180,0.0010684694
7181,0.0010501163
7182,0.001337518
7183,0.0012027614
7184,0.0009349978
7185,0.0008296068
7186,0.0017353644
7187,0.002108986
7188,0.0020428977
7189,0.0018094537
7190,0.0017068202
7191,0.0027949628
7192,0.0037485491
7193,0.0031354863
7194,0.0018005209
7195,0.0014974813
7196,0.0013882563
7197,0.0012848227
7198,0.0011588144
7199,0.0013513939
7200,0.0017335522
7201,0.0011468987
7202,0.0010571874
7203,0.00068753504
7204,0.00079055404
7205,0.0008545603
7206,0.0012411316
7207,0.0016974332
7208,0.0011642516
7209,0.00066024024
7210,0.0006586072
7211,0.000993844
7212,0.0009550466
7213,0.0006550625
7214,0.0007262366
7215,0.001011981
7216,0.0015097915
7217,0.0017344418
7218,0.0014772092
7219,0.0011634014
7220,0.0006880005
7221,0.00076792046
7222,0.0008532993
7223,0.0006437238
7224,0.0009120557
7225,0.0017239562
7226,0.0021213559
7227,0.0018782262
7228,0.0013799928
7229,0.0012225376
7230,0.0016799574
7231,0.0020010842
7232,0.0024975752
7233,0.00254297
7234,0.0018820651
7235,0.001226032
7236,0.000989824
7237,0.0012843922
7238,0.0012459294
7239,0.0010343388
7240,0.0013022373
7241,0.0010645671
7242,0.003019313
7243,0.004269408
7244,0.004486201
7245,0.0036377334
7246,0.0014446173
7247,0.0013885917
7248,0.0017284746
7249,0.0014827547
7250,0.0014336564
7251,0.0020004006
7252,0.002531258
7253,0.0018591004
7254,0.0012452519
7255,0.0013931743
7256,0.0013911464
7257,0.0015048485
7258,0.0015421949
7259,0.0011356528
7260,0.00084086176
7261,0.0009793005
7262,0.0017351799
7263,0.0033627893
7264,0.0041965274
7265,0.0037944561
7266,0.003246601
7267,0.002365703
7268,0.0018009088
7269,0.0011305672
7270,0.00066699414
7271,0.0006808567
7272,0.00077011547
7273,0.001470515
7274,0.0015005877
7275,0.0013623544
7276,0.0017332667
7277,0.0019398326
7278,0.0021705057
7279,0.0022979174
7280,0.0017707922
7281,0.0012983652
7282,0.0008854372
7283,0.0009877341
7284,0.0011100704
7285,0.0022349048
7286,0.002322145
7287,0.0018524195
7288,0.0013759799
7289,0.0010353231
7290,0.000910299
7291,0.00084068865
7292,0.000858061
7293,0.0014077835
7294,0.00374858
7295,0.004060028
7296,0.0031164652
7297,0.003774361
7298,0.0027310888
7299,0.0011999512
7300,0.0008881939
7301,0.0007275179
7302,0.0010026487
7303,0.0016292643
7304,0.0018000036
7305,0.0012969971
7306,0.0010558928
7307,0.0015226138
7308,0.0016101638
7309,0.0012400055
7310,0.0013762548
7311,0.0018882867
7312,0.0022047893
7313,0.0016949967
7314,0.001192848
7315,0.004410608
7316,0.0044629546
7317,0.004410958
7318,0.0050361287
7319,0.003607397
7320,0.0020095455
7321,0.0047162804
7322,0.0049620224
7323,0.003703802
7324,0.004033468
7325,0.002511902
7326,0.0
7327,0.0006109711
7328,0.00079686096
7329,0.0007256352
7330,0.0008429359
7331,0.0012958297
7332,0.0020017966
7333,0.0023939041
7334,0.0021039015
7335,0.0011877377
7336,0.0008672377
7337,0.0020960434
7338,0.002414146
7339,0.002542409
7340,0.0030253797
7341,0.002985463
7342,0.0031486023
7343,0.0034264985
7344,0.0029614142
7345,0.00240183
7346,0.002104026
7347,0.0014340217
7348,0.00062519155
7349,0.00072104845
7350,0.0009794788
7351,0.0010871821
7352,0.001394761
7353,0.0012001694
7354,0.0010815995
7355,0.0010680063
7356,0.0008167017
7357,0.0015095215
7358,0.0028578984
7359,0.005940325
7360,0.007898314
7361,0.0066199806
7362,0.005812803
7363,0.005916555
7364,0.0058823624
7365,0.0056323074
7366,0.00505689
7367,0.004320218
7368,0.0037639986
7369,0.003190346
7370,0.0022550507
7371,0.001647702
7372,0.0015991546
7373,0.003366941
7374,0.0057946444
7375,0.0061171334
7376,0.0044473154
7377,0.0034281374
7378,0.0039307675
7379,0.0033942147
7380,0.0023950345
7381,0.0017813452
7382,0.0010651137
7383,0.0009446904
7384,0.001100565
7385,0.0012540785
7386,0.001134037
7387,0.0005653479
7388,0.00071975566
7389,0.0009098513
7390,0.0009813786
7391,0.0008921826
7392,0.0006597552
7393,0.0011045772
7394,0.00085401523
7395,0.0006599757
7396,0.0012080731
7397,0.001158538
7398,0.00080655364
7399,0.0009581195
7400,0.0009721118
7401,0.0014270843
7402,0.0014833631
7403,0.0012680641
7404,0.0006699112
7405,0.0006970779
7406,0.0009220211
7407,0.0009677008
7408,0.0010418245
7409,0.0006999112
7410,0.0011305156
7411,0.0013322417
7412,0.0008646834
7413,0.0005541168
7414,0.0008483393
7415,0.0006989125
7416,0.0014284909
7417,0.00210451
7418,0.0020754056
7419,0.002062196
7420,0.0018104507
7421,0.0014765983
7422,0.0013152245
7423,0.0015387374
7424,0.0019779857
7425,0.0019996439
7426,0.0021096345
7427,0.0030422634
7428,0.0027246447
7429,0.0021783758
7430,0.001521371
7431,0.0017127949
7432,0.0017422771
7433,0.0010959009
7434,0.00080203044
7435,0.0009095633
7436,0.000868914
7437,0.001485265
7438,0.0016992667
7439,0.002029634
7440,0.0016597222
7441,0.0010772316
7442,0.0009011733
7443,0.0008834628
7444,0.0026865003
7445,0.0028568797
7446,0.0011966481
7447,0.0007890432
7448,0.0010457559
7449,0.0010317187
7450,0.001717529
7451,0.0018031538
7452,0.0011132644
7453,0.0017423606
7454,0.0051236427
7455,0.0063443957
7456,0.004134604
7457,0.0022617006
7458,0.0021207796
7459,0.002463515
7460,0.002632119
7461,0.0022286584
7462,0.0010962992
7463,0.0013950113
7464,0.0017801848
7465,0.0019492469
7466,0.0016220136
7467,0.0014637108
7468,0.0016197152
7469,0.0014366983
7470,0.0017831904
7471,0.0016326726
7472,0.0016883214
7473,0.0017114349
7474,0.0021112065
7475,0.0020111813
7476,0.0016806847
7477,0.0015811081
7478,0.001374689
7479,0.0024066598
7480,0.0033663618
7481,0.0036936593
7482,0.0031853796
7483,0.0034207264
7484,0.0041420027
7485,0.0041607837
7486,0.0025130953
7487,0.00082538626
7488,0.0014704952
7489,0.001543685
7490,0.00066182524
7491,0.00045495763
7492,0.0009795679
7493,0.0013316517
7494,0.000974504
7495,0.00083237357
7496,0.0007431124
7497,0.001601228
7498,0.0023285532
7499,0.001771433
7500,0.0015311152
7501,0.0013332899
7502,0.0009336272
7503,0.0006902389
7504,0.00097339833
7505,0.001179155
7506,0.0012918707
7507,0.0014047619
7508,0.0012834854
7509,0.00079165766
7510,0.0009106506
7511,0.001248473
7512,0.0015002385
7513,0.0013099917
7514,0.0013261328
7515,0.0016402843
7516,0.0016622803
7517,0.001136959
7518,0.00094527553
7519,0.0013873755
7520,0.0017337872
7521,0.0017582568
7522,0.0015491992
7523,0.0015670004
7524,0.0022164278
7525,0.0033262672
7526,0.0035611787
7527,0.0022920077
7528,0.0011191571
7529,0.00089289993
7530,0.00097061374
7531,0.000989118
7532,0.00094659853
7533,0.0012439189
7534,0.0013065658
7535,0.0013014772
7536,0.0011972559
7537,0.00088963454
7538,0.00077309523
7539,0.001418493
7540,0.0021898488
7541,0.0017179527
7542,0.0009670991
7543,0.00076396874
7544,0.0007588084
7545,0.0009875572
7546,0.000684863
7547,0.000684608
7548,0.0008139888
7549,0.0015746339
7550,0.0021386133
7551,0.0018720799
7552,0.0011214172
7553,0.00077478745
7554,0.0012454621
7555,0.0012169064
7556,0.00095468084
7557,0.00089289993
7558,0.0009663164
7559,0.0016199488
7560,0.0018391273
7561,0.0021199835
7562,0.0022421076
7563,0.0018837653
7564,0.0013769103
7565,0.0016271014
7566,0.0021684398
7567,0.0020546599
7568,0.001842716
7569,0.001613396
7570,0.0017655744
7571,0.0015816233
7572,0.0014177336
7573,0.001639894
7574,0.0013622903
7575,0.002981239
7576,0.0043867957
7577,0.004461996
7578,0.0031923614
7579,0.0011934334
7580,0.000542975
7581,0.0010172876
7582,0.0012653529
7583,0.0018549473
7584,0.0026151356
7585,0.0027558382
7586,0.0016324052
7587,0.00082390395
7588,0.0011225067
7589,0.00218158
7590,0.0024305938
7591,0.0025160697
7592,0.0016214213
7593,0.00091984053
7594,0.0005275328
7595,0.0007765884
7596,0.0025077276
7597,0.0034021968
7598,0.0036015348
7599,0.0032828567
7600,0.0030937642
7601,0.0025584763
7602,0.0017269923
7603,0.0010857623
7604,0.0006174156
7605,0.0012014783
7606,0.0019419469
7607,0.0015437981
7608,0.0008147036
7609,0.0013688334
7610,0.0018989837
7611,0.0023144998
7612,0.002187402
7613,0.001771088
7614,0.0016660055
7615,0.0011348836
7616,0.0011690911
7617,0.0013944271
7618,0.0019697435
7619,0.0020470961
7620,0.0016272266
7621,0.0011460102
7622,0.0010626517
7623,0.0011555448
7624,0.0010607328
7625,0.0009972643
7626,0.0015861803
7627,0.003919586
7628,0.003912496
7629,0.0024804333
7630,0.0033585979
7631,0.0026639919
7632,0.0012030033
7633,0.0008571108
7634,0.0006748026
7635,0.0009858465
7636,0.0015142955
7637,0.0016400537
7638,0.0013752182
7639,0.001023221
7640,0.0010559754
7641,0.0011760656
7642,0.001025948
7643,0.00085884077
7644,0.0014181852
7645,0.002349482
7646,0.0024805977
7647,0.0037605872
7648,0.0050958586
7649,0.0056220875
7650,0.0051118424
7651,0.004282993
7652,0.0015708032
7653,0.001637443
7654,0.0038726975
7655,0.004043644
7656,0.0031224363
7657,0.0035859046
7658,0.002829508
7659,0.0
7660,0.0011611979
7661,0.0008733574
7662,0.0007073152
7663,0.0006109711
7664,0.0009372052
7665,0.0019609027
7666,0.0021603585
7667,0.001954004
7668,0.0013959707
7669,0.0006021908
7670,0.0010001493
7671,0.0014984139
7672,0.002080182
7673,0.0025796944
7674,0.0028710356
7675,0.0031184538
7676,0.0026924629
7677,0.001849904
7678,0.0013921293
7679,0.0018310547
7680,0.001321582
7681,0.0008472751
7682,0.0008423833
7683,0.00082679547
7684,0.0012350432
7685,0.0012712504
7686,0.00096492993
7687,0.0011630511
7688,0.0011042873
7689,0.0005894417
7690,0.0009953656
7691,0.0025507065
7692,0.005254681
7693,0.0063635325
7694,0.0060332837
7695,0.005764375
7696,0.006035232
7697,0.0051952703
7698,0.005542302
7699,0.0051769307
7700,0.0045935735
7701,0.003218375
7702,0.002388293
7703,0.0014264723
7704,0.0009195873
7705,0.000831289
7706,0.002235061
7707,0.0037561734
7708,0.005348037
7709,0.0049872147
7710,0.0037965341
7711,0.0038017894
7712,0.003482992
7713,0.0023926029
7714,0.0021607087
7715,0.0015611575
7716,0.0013790012
7717,0.0016316562
7718,0.0018781486
7719,0.0014280222
7720,0.0009358067
7721,0.0010594424
7722,0.0009446904
7723,0.00080979476
7724,0.00087791093
7725,0.0010267135
7726,0.001524944
7727,0.0015322552
7728,0.0014551358
7729,0.0012010422
7730,0.0011234138
7731,0.0010457559
7732,0.0011777225
7733,0.0010876638
7734,0.0012096381
7735,0.0014348536
7736,0.0015671676
7737,0.0011979607
7738,0.0010777178
7739,0.0014696638
7740,0.0017796452
7741,0.0019028878
7742,0.0018233774
7743,0.0016127285
7744,0.0014243898
7745,0.00062561035
7746,0.0006282564
7747,0.00081420335
7748,0.0006941072
7749,0.0019378962
7750,0.002514531
7751,0.0019151908
7752,0.0016225518
7753,0.001299911
7754,0.00095388794
7755,0.0010947583
7756,0.0013547709
7757,0.0016498731
7758,0.0014162548
7759,0.0012163083
7760,0.0013482891
7761,0.001423286
7762,0.0008484422
7763,0.0011505218
7764,0.0011799445
7765,0.0011187929
7766,0.0011544864
7767,0.0014828725
7768,0.0016414904
7769,0.0014843241
7770,0.0019738174
7771,0.0022773838
7772,0.0023569644
7773,0.0016640128
7774,0.0008360717
7775,0.0006551513
7776,0.0011342167
7777,0.0027318452
7778,0.0026100671
7779,0.0010479245
7780,0.0008434536
7781,0.0008111593
7782,0.0008061205
7783,0.0017881778
7784,0.0017310657
7785,0.00077632605
7786,0.0023279781
7787,0.0054924698
7788,0.0063803727
7789,0.0035645198
7790,0.0011995146
7791,0.0012876284
7792,0.0015661272
7793,0.0016115911
7794,0.0010811689
7795,0.000831639
7796,0.0014865578
7797,0.0015229578
7798,0.001204164
7799,0.0011221436
7800,0.0013736936
7801,0.0022296114
7802,0.0023517725
7803,0.0025573613
7804,0.001978177
7805,0.0012666862
7806,0.0010683604
7807,0.001727245
7808,0.0018514452
7809,0.0017738137
7810,0.0021288334
7811,0.0022076257
7812,0.0033390697
7813,0.0034980588
7814,0.0027490922
7815,0.0017882916
7816,0.0016722651
7817,0.0037328717
7818,0.004346017
7819,0.0029747107
7820,0.0011313648
7821,0.0012896836
7822,0.001337953
7823,0.0009671292
7824,0.0008269363
7825,0.0010922032
7826,0.0013601523
7827,0.0009314113
7828,0.00063107593
7829,0.0006069566
7830,0.0013906023
7831,0.0020631975
7832,0.0018409303
7833,0.0011703352
7834,0.0011731667
7835,0.0010489793
7836,0.0011418122
7837,0.0011980336
7838,0.00133954
7839,0.0013638703
7840,0.0012621749
7841,0.0009834819
7842,0.0006277003
7843,0.00070537865
7844,0.0010926295
7845,0.0012998885
7846,0.0010451435
7847,0.0016387933
7848,0.002527173
7849,0.0023596424
7850,0.0013137631
7851,0.0012459995
7852,0.0013601736
7853,0.0015398908
7854,0.0015742641
7855,0.0014380548
7856,0.0016309248
7857,0.0019710434
7858,0.0025818145
7859,0.0030561034
7860,0.0024008967
7861,0.0010827022
7862,0.0010115495
7863,0.0010656328
7864,0.0012296586
7865,0.0010065308
7866,0.0011566776
7867,0.0013865991
7868,0.0015180578
7869,0.0015407978
7870,0.0011827284
7871,0.0014628556
7872,0.0019915642
7873,0.0027794775
7874,0.0026374543
7875,0.0019811322
7876,0.0012277401
7877,0.001177599
7878,0.0013864522
7879,0.0010960336
7880,0.00088871806
7881,0.0008287995
7882,0.0015619777
7883,0.00236143
7884,0.0022203242
7885,0.0011712549
7886,0.00098499
7887,0.0015669633
7888,0.0013571961
7889,0.0012318814
7890,0.0012753418
7891,0.00075291726
7892,0.0008865212
7893,0.0011269058
7894,0.0017339719
7895,0.0022593057
7896,0.0024495942
7897,0.001889966
7898,0.0010834546
7899,0.0013269883
7900,0.0015510392
7901,0.0014772683
7902,0.0015124108
7903,0.0017160033
7904,0.0013421664
7905,0.0014866752
7906,0.0014236744
7907,0.0012985445
7908,0.0023248256
7909,0.0033694208
7910,0.003968048
7911,0.0034053945
7912,0.0024441823
7913,0.0010856818
7914,0.0005829377
7915,0.0009190808
7916,0.001726318
7917,0.0029801258
7918,0.0031783914
7919,0.0015962947
7920,0.0012767786
7921,0.0018135826
7922,0.0024451585
7923,0.002287801
7924,0.002244806
7925,0.0018973892
7926,0.0012040916
7927,0.00071223575
7928,0.00039126226
7929,0.0012316689
7930,0.002245441
7931,0.002979667
7932,0.0029712843
7933,0.003388482
7934,0.0031833872
7935,0.0021763574
7936,0.001231007
7937,0.0010555895
7938,0.0014695054
7939,0.002052137
7940,0.0015244095
7941,0.0008061205
7942,0.001287312
7943,0.0015666846
7944,0.0023588035
7945,0.0021365301
7946,0.0016978103
7947,0.002111565
7948,0.0017560374
7949,0.00088727596
7950,0.0011416338
7951,0.0016365718
7952,0.0018223396
7953,0.0012615522
7954,0.0008358976
7955,0.0011117732
7956,0.0012415536
7957,0.0009069999
7958,0.0011386216
7959,0.002091846
7960,0.0037169405
7961,0.0036386773
7962,0.0024744186
7963,0.0029450255
7964,0.0023501879
7965,0.0010791481
7966,0.00069578236
7967,0.00059597247
7968,0.00086100685
7969,0.0013138074
7970,0.0013532446
7971,0.0013525347
7972,0.00086797564
7973,0.0007290764
7974,0.0012315743
7975,0.0012718454
7976,0.00087178976
7977,0.001623771
7978,0.0030324515
7979,0.0041314773
7980,0.004966736
7981,0.005382039
7982,0.005473265
7983,0.0046775094
7984,0.0031175017
7985,0.001033804
7986,0.0015918764
7987,0.0035850038
7988,0.003827151
7989,0.0028182224
7990,0.0029294193
7991,0.002449903
7992,0.0
7993,0.0016181872
7994,0.0014954392
7995,0.001424308
7996,0.0015011306
7997,0.0016997976
7998,0.0024849349
7999,0.002129681
8000,0.0018301643
8001,0.0014513708
8002,0.00071647286
8003,0.00088263885
8004,0.0016685366
8005,0.0016166397
8006,0.0009777241
8007,0.0007618706
8008,0.00075202767
8009,0.0003477029
8010,0.00093078613
8011,0.0015054093
8012,0.0016204697
8013,0.001403228
8014,0.00096935354
8015,0.00076232885
8016,0.0009637529
8017,0.0011899165
8018,0.00086272904
8019,0.001017259
8020,0.00130009
8021,0.001029403
8022,0.00058358634
8023,0.001032621
8024,0.0027165574
8025,0.0044973195
8026,0.0048874295
8027,0.0049285474
8028,0.0051138406
8029,0.0055546444
8030,0.0054390305
8031,0.0046631205
8032,0.0043189987
8033,0.004118057
8034,0.00391039
8035,0.0034606347
8036,0.0026495098
8037,0.0016282101
8038,0.0011320078
8039,0.0019015721
8040,0.0031341587
8041,0.0044979663
8042,0.004658562
8043,0.003940551
8044,0.0046500205
8045,0.0040567797
8046,0.002363192
8047,0.0024242753
8048,0.0019739943
8049,0.0017349619
8050,0.0018312931
8051,0.0024066598
8052,0.0015931557
8053,0.0010161998
8054,0.00092403905
8055,0.00084521156
8056,0.0008374629
8057,0.0010618297
8058,0.0014461678
8059,0.0017143404
8060,0.0018124429
8061,0.0013967836
8062,0.0011449431
8063,0.001187076
8064,0.0012046715
8065,0.00092176854
8066,0.0009981686
8067,0.000995424
8068,0.0013648089
8069,0.0015707476
8070,0.0014389248
8071,0.00084758416
8072,0.0014279814
8073,0.0016558599
8074,0.0016426424
8075,0.0018463766
8076,0.0017846914
8077,0.001799939
8078,0.0015016928
8079,0.0015071676
8080,0.0014387226
8081,0.0009816454
8082,0.0019339575
8083,0.0028902015
8084,0.0021434797
8085,0.0016238069
8086,0.0016299251
8087,0.0013229467
8088,0.00085921347
8089,0.0011778214
8090,0.0013477926
8091,0.0010287525
8092,0.0013648942
8093,0.0015491616
8094,0.0011818914
8095,0.00048840046
8096,0.00084902515
8097,0.00097085355
8098,0.0010263734
8099,0.001640373
8100,0.001996512
8101,0.0017598121
8102,0.0016927115
8103,0.0020829504
8104,0.0022623825
8105,0.0024255957
8106,0.0020912753
8107,0.0014293666
8108,0.0007997047
8109,0.0014357459
8110,0.0022789168
8111,0.0021189947
8112,0.00087165623
8113,0.00068630633
8114,0.000664765
8115,0.0008962834
8116,0.0019652466
8117,0.0018876084
8118,0.00096848246
8119,0.0032337476
8120,0.006145888
8121,0.006126043
8122,0.003117651
8123,0.0007565421
8124,0.00068994367
8125,0.00047688294
8126,0.0007811099
8127,0.00078215246
8128,0.0012237749
8129,0.001664345
8130,0.0014011732
8131,0.0011676464
8132,0.002048489
8133,0.002331626
8134,0.0027511877
8135,0.0026081484
8136,0.0027685347
8137,0.0027649477
8138,0.0022560444
8139,0.0021227275
8140,0.0021170573
8141,0.0018403453
8142,0.00160774
8143,0.0016975874
8144,0.0024203465
8145,0.0030919104
8146,0.0028495865
8147,0.0016680306
8148,0.0017128967
8149,0.0019001481
8150,0.0034546838
8151,0.0048062946
8152,0.0038322199
8153,0.0012456024
8154,0.000927905
8155,0.0011481415
8156,0.0013030863
8157,0.0010371488
8158,0.0010192026
8159,0.0012111529
8160,0.00084466045
8161,0.000751292
8162,0.0008378451
8163,0.0012108645
8164,0.00172105
8165,0.0014542154
8166,0.0008397534
8167,0.0012111769
8168,0.0012268389
8169,0.001175001
8170,0.0013873546
8171,0.0014959062
8172,0.0014252476
8173,0.0010390552
8174,0.0009019803
8175,0.00080463896
8176,0.0009300041
8177,0.0010167438
8178,0.00086834445
8179,0.00096209056
8180,0.0015448534
8181,0.002644155
8182,0.002477651
8183,0.0010593325
8184,0.0010477301
8185,0.0011292277
8186,0.0013854863
8187,0.0012895708
8188,0.0013060089
8189,0.0017313347
8190,0.0021054503
8191,0.0021074123
8192,0.0026655863
8193,0.0023472016
8194,0.0009568733
8195,0.0007951791
8196,0.00095599086
8197,0.0013675357
8198,0.0015443636
8199,0.001210071
8200,0.000973189
8201,0.0013457828
8202,0.0014993459
8203,0.00076114445
8204,0.0011124536
8205,0.0013819737
8206,0.0021990398
8207,0.0026205054
8208,0.0029521813
8209,0.0026847448
8210,0.0022911695
8211,0.0016520943
8212,0.0013979916
8213,0.0011017807
8214,0.0010135903
8215,0.0016045508
8216,0.0022655448
8217,0.002403901
8218,0.001317833
8219,0.0013288732
8220,0.0021859515
8221,0.0014699212
8222,0.0017075362
8223,0.0016544708
8224,0.0012883515
8225,0.00093053596
8226,0.0012752276
8227,0.0015050032
8228,0.0013494542
8229,0.0020284147
8230,0.0021606951
8231,0.0013592532
8232,0.000648992
8233,0.0011595173
8234,0.0013965336
8235,0.0011908212
8236,0.0014628954
8237,0.0012385729
8238,0.0018635567
8239,0.0017646016
8240,0.0017077918
8241,0.0020911084
8242,0.0026640028
8243,0.0029131202
8244,0.0028227728
8245,0.0027050374
8246,0.00152248
8247,0.00082929095
8248,0.0007558108
8249,0.0012909017
8250,0.003190711
8251,0.003990239
8252,0.002681545
8253,0.0023480942
8254,0.0025386172
8255,0.002177908
8256,0.0017147647
8257,0.0019290453
8258,0.0023322874
8259,0.0020833556
8260,0.0016005554
8261,0.00071805535
8262,0.0010248694
8263,0.002098971
8264,0.0030236763
8265,0.0032503458
8266,0.0033003548
8267,0.003068307
8268,0.0021972524
8269,0.001705063
8270,0.0016521295
8271,0.0015960577
8272,0.0017277168
8273,0.0010112042
8274,0.0006367231
8275,0.0011591408
8276,0.0014486812
8277,0.002119558
8278,0.0021373064
8279,0.0015189203
8280,0.0017454315
8281,0.0018177503
8282,0.0014668292
8283,0.0014189238
8284,0.0016485143
8285,0.0017944816
8286,0.0012385964
8287,0.0012022532
8288,0.001116032
8289,0.0014244511
8290,0.00152095
8291,0.0014194365
8292,0.002855708
8293,0.003777922
8294,0.003077494
8295,0.002274673
8296,0.0025038598
8297,0.0018611032
8298,0.0010435551
8299,0.0006611653
8300,0.0004306386
8301,0.00069578236
8302,0.0009062295
8303,0.0011010937
8304,0.0013599169
8305,0.0011608971
8306,0.0007994863
8307,0.0011066567
8308,0.0013888222
8309,0.0013539757
8310,0.0017960217
8311,0.002311102
8312,0.0033333383
8313,0.0037389481
8314,0.004037154
8315,0.003598576
8316,0.0032522795
8317,0.0010475356
8318,0.0009349044
8319,0.0014827547
8320,0.0039978684
8321,0.0040393807
8322,0.0024611272
8323,0.0022250512
8324,0.0018442
8325,0.0
8326,0.0020189804
8327,0.0021031266
8328,0.0022225776
8329,0.0021684263
8330,0.0026369907
8331,0.0033996466
8332,0.0028497805
8333,0.0016543476
8334,0.0013895765
8335,0.00082358596
8336,0.0006356252
8337,0.0019325725
8338,0.0022099973
8339,0.0016813946
8340,0.0017337705
8341,0.0016746825
8342,0.0012864074
8343,0.0011014108
8344,0.001314804
8345,0.0012103837
8346,0.0012534285
8347,0.0010880919
8348,0.0012869049
8349,0.0016322982
8350,0.0013931533
8351,0.0010365874
8352,0.0010282148
8353,0.001193921
8354,0.0012600055
8355,0.0011042346
8356,0.0012508718
8357,0.0026158034
8358,0.0032836634
8359,0.0032969138
8360,0.0032141851
8361,0.0034267448
8362,0.0044292235
8363,0.004584644
8364,0.0042853435
8365,0.0039308416
8366,0.0038910585
8367,0.0036550453
8368,0.0036001527
8369,0.0032566166
8370,0.0024802692
8371,0.002048091
8372,0.0020401035
8373,0.003006601
8374,0.0039748196
8375,0.003931049
8376,0.004040973
8377,0.005614576
8378,0.0043535572
8379,0.0021900616
8380,0.0025225505
8381,0.0021858849
8382,0.0015526334
8383,0.0015637281
8384,0.0025416077
8385,0.0017041581
8386,0.0006796587
8387,0.0007035609
8388,0.00082178175
8389,0.0008738905
8390,0.0013420797
8391,0.0013423183
8392,0.0012709756
8393,0.0014359688
8394,0.0010097065
8395,0.0013060089
8396,0.0013977626
8397,0.0016828999
8398,0.0014889638
8399,0.0014054662
8400,0.0011412003
8401,0.0009992468
8402,0.0014850495
8403,0.0013936128
8404,0.0005687866
8405,0.001206868
8406,0.0013947192
8407,0.0012605136
8408,0.0014931604
8409,0.0017915274
8410,0.0018479679
8411,0.001873028
8412,0.0019741713
8413,0.0018911822
8414,0.001408011
8415,0.0018378291
8416,0.0029131202
8417,0.0023914105
8418,0.0017707758
8419,0.001969064
8420,0.0015811817
8421,0.0006881274
8422,0.00089426787
8423,0.0009946928
8424,0.0011351401
8425,0.0017967183
8426,0.0018408356
8427,0.001409106
8428,0.0009776348
8429,0.00088789896
8430,0.0010251533
8431,0.0013502735
8432,0.0018137912
8433,0.0021596577
8434,0.0018287962
8435,0.002112571
8436,0.0028508934
8437,0.00321662
8438,0.002478426
8439,0.0021619475
8440,0.0017330317
8441,0.0014495448
8442,0.0018564372
8443,0.0019214415
8444,0.0017903086
8445,0.0015193226
8446,0.0013294644
8447,0.0011649763
8448,0.0013974711
8449,0.0020469113
8450,0.0017895281
8451,0.0010711898
8452,0.0035502599
8453,0.0062469416
8454,0.0052990965
8455,0.0024713234
8456,0.00092176854
8457,0.0012693488
8458,0.0015446086
8459,0.0015050032
8460,0.0012751592
8461,0.0013193118
8462,0.0017311499
8463,0.0020403033
8464,0.002348032
8465,0.0028105907
8466,0.002640443
8467,0.0028761805
8468,0.0029756594
8469,0.0028887612
8470,0.0031315668
8471,0.0028318006
8472,0.0027591418
8473,0.0022719973
8474,0.0015501758
8475,0.0010656602
8476,0.0013780089
8477,0.002195848
8478,0.0024527526
8479,0.002032586
8480,0.0017511912
8481,0.0017499609
8482,0.0015621453
8483,0.0032800275
8484,0.0047024805
8485,0.004027887
8486,0.0019889907
8487,0.0010787705
8488,0.0008792029
8489,0.0012911722
8490,0.0012298006
8491,0.0012921186
8492,0.0010918301
8493,0.0010873158
8494,0.0013402785
8495,0.0010937476
8496,0.0011754716
8497,0.001577533
8498,0.0017344754
8499,0.0013476413
8500,0.0016355935
8501,0.0015785289
8502,0.00115037
8503,0.0012254622
8504,0.0013337265
8505,0.0015501758
8506,0.0013604518
8507,0.0013608582
8508,0.0010982619
8509,0.001066561
8510,0.000920884
8511,0.0012284747
8512,0.0016024816
8513,0.0016743175
8514,0.0024444798
8515,0.0023771534
8516,0.0011257171
8517,0.0014081349
8518,0.001444577
8519,0.0010782848
8520,0.00067587994
8521,0.00054905144
8522,0.0009663164
8523,0.0017001743
8524,0.0018948566
8525,0.0019517238
8526,0.0016186727
8527,0.0005580421
8528,0.0005451682
8529,0.00062051887
8530,0.0014663133
8531,0.001869295
8532,0.0014975201
8533,0.0010045917
8534,0.0017095463
8535,0.0017960866
8536,0.0010144226
8537,0.0011236469
8538,0.00086363935
8539,0.0014500065
8540,0.0025964277
8541,0.003087238
8542,0.003253067
8543,0.0022603103
8544,0.0012227518
8545,0.0010123549
8546,0.0009112896
8547,0.0012517788
8548,0.0015523896
8549,0.001980853
8550,0.0023989563
8551,0.0015255165
8552,0.0012973561
8553,0.0030532547
8554,0.002375745
8555,0.0018330404
8556,0.001747781
8557,0.0013209874
8558,0.001047869
8559,0.0015033393
8560,0.0017378448
8561,0.000958909
8562,0.0013531372
8563,0.0024735716
8564,0.0018792795
8565,0.00056745467
8566,0.001024983
8567,0.0011168662
8568,0.0016515304
8569,0.002065073
8570,0.0022440539
8571,0.0026534393
8572,0.002476676
8573,0.00195314
8574,0.0020033373
8575,0.0018387632
8576,0.0014872232
8577,0.0020787825
8578,0.002833311
8579,0.0027333258
8580,0.0023304396
8581,0.0019976196
8582,0.0019303273
8583,0.0027546976
8584,0.0041046566
8585,0.0037315695
8586,0.0025445032
8587,0.0022795808
8588,0.0017213037
8589,0.0013018126
8590,0.0015229961
8591,0.0017993568
8592,0.0020841798
8593,0.0017684404
8594,0.0010844212
8595,0.00091984053
8596,0.0013334863
8597,0.0026339649
8598,0.003576852
8599,0.004039964
8600,0.0035815437
8601,0.0023474991
8602,0.0016698617
8603,0.0017032527
8604,0.0016435458
8605,0.0013759376
8606,0.0009190808
8607,0.0009655028
8608,0.0012492187
8609,0.0016576166
8610,0.0017740598
8611,0.0018619787
8612,0.0013042918
8613,0.0012311725
8614,0.0013587178
8615,0.0013041133
8616,0.00134803
8617,0.0019264033
8618,0.0022178849
8619,0.002028142
8620,0.0016014824
8621,0.0012141769
8622,0.001320811
8623,0.0014931214
8624,0.001498103
8625,0.0031356162
8626,0.0036759828
8627,0.002544343
8628,0.0023850005
8629,0.0030223285
8630,0.0022348005
8631,0.0008540493
8632,0.00057332247
8633,0.0007885266
8634,0.0007899279
8635,0.000729635
8636,0.000720887
8637,0.0013341191
8638,0.0014356647
8639,0.0031697173
8640,0.004440013
8641,0.00507046
8642,0.0044445465
8643,0.0035486773
8644,0.0022178455
8645,0.0017034407
8646,0.0018635724
8647,0.0022888056
8648,0.00252045
8649,0.0019218806
8650,0.0010569121
8651,0.00072835747
8652,0.0016785188
8653,0.0045273113
8654,0.0042846506
8655,0.002132849
8656,0.0018829464
8657,0.0015454374
8658,0.0
8659,0.0013831947
8660,0.0014828529
8661,0.0016212418
8662,0.0016437406
8663,0.0024117818
8664,0.0036018176
8665,0.0034532093
8666,0.002136857
8667,0.0013859693
8668,0.0011566273
8669,0.00076856447
8670,0.0020770037
8671,0.0024054986
8672,0.0018445945
8673,0.0017743715
8674,0.0018344688
8675,0.0016625604
8676,0.0013208551
8677,0.001400155
8678,0.0012591043
8679,0.0011061833
8680,0.0009904412
8681,0.0016495555
8682,0.0017201027
8683,0.0016385446
8684,0.0016311567
8685,0.0014967232
8686,0.00137204
8687,0.0015012276
8688,0.001312522
8689,0.001349907
8690,0.0021369797
8691,0.0027952336
8692,0.0029800867
8693,0.002835806
8694,0.0026712033
8695,0.0031869689
8696,0.0036582688
8697,0.0036502248
8698,0.003457707
8699,0.003186421
8700,0.0023454775
8701,0.002488095
8702,0.0030403018
8703,0.0029690992
8704,0.0026546128
8705,0.0022399388
8706,0.0028925168
8707,0.0038587016
8708,0.0036083406
8709,0.0040581925
8710,0.0059065116
8711,0.0041381572
8712,0.0020224084
8713,0.0025887154
8714,0.0021701572
8715,0.0011627007
8716,0.0011704843
8717,0.0021595499
8718,0.0016625954
8719,0.0010850115
8720,0.0009768903
8721,0.0007045943
8722,0.0005123637
8723,0.0011023089
8724,0.00095162744
8725,0.0009981103
8726,0.0011849165
8727,0.0006755785
8728,0.0010711898
8729,0.0010141357
8730,0.0011086799
8731,0.0010176881
8732,0.000989765
8733,0.0010171732
8734,0.0011146229
8735,0.0016231077
8736,0.0015814209
8737,0.0010388871
8738,0.0012244168
8739,0.0019933463
8740,0.0022158367
8741,0.0021792573
8742,0.0021153658
8743,0.001993507
8744,0.0017085926
8745,0.0021671108
8746,0.0021442128
8747,0.0018701823
8748,0.0018332944
8749,0.0033375877
8750,0.0029938351
8751,0.001984068
8752,0.0023542587
8753,0.0026560267
8754,0.0016344899
8755,0.00086955016
8756,0.0011170746
8757,0.0016062186
8758,0.0020187788
8759,0.0018598047
8760,0.0015336411
8761,0.0014532545
8762,0.0012432636
8763,0.0011891336
8764,0.0017411575
8765,0.0020338742
8766,0.0021300635
8767,0.0017824884
8768,0.0020586788
8769,0.0030749962
8770,0.003413504
8771,0.002255967
8772,0.001873898
8773,0.0015840689
8774,0.001673883
8775,0.0022160995
8776,0.0022355036
8777,0.0020956546
8778,0.0017700195
8779,0.0012627281
8780,0.0014734414
8781,0.00199466
8782,0.0018868065
8783,0.0015763887
8784,0.0013159103
8785,0.0032549629
8786,0.006262432
8787,0.0051827235
8788,0.0020090675
8789,0.0014898041
8790,0.0015421949
8791,0.0022958647
8792,0.0022662256
8793,0.0022631413
8794,0.0022188162
8795,0.002485895
8796,0.0024645189
8797,0.0029150278
8798,0.0027602492
8799,0.0026589069
8800,0.0025275298
8801,0.0029901776
8802,0.0025792657
8803,0.0022538116
8804,0.0016872695
8805,0.0024663839
8806,0.0028287775
8807,0.0020704074
8808,0.0010565266
8809,0.0015937766
8810,0.00251145
8811,0.002431384
8812,0.002028745
8813,0.001960309
8814,0.0017073828
8815,0.0014754941
8816,0.0028319445
8817,0.004339174
8818,0.004107598
8819,0.0027962122
8820,0.0021880274
8821,0.0016245416
8822,0.0012591275
8823,0.0013231226
8824,0.0015249058
8825,0.0009985768
8826,0.0011825069
8827,0.0011973532
8828,0.0009369257
8829,0.0015639886
8830,0.0020105734
8831,0.0019867506
8832,0.0019473498
8833,0.0018648837
8834,0.0019409875
8835,0.0015672419
8836,0.0013362335
8837,0.0014203794
8838,0.0015115446
8839,0.0014727499
8840,0.0011925063
8841,0.00068213785
8842,0.0006779008
8843,0.0009274658
8844,0.0013572819
8845,0.0017081327
8846,0.0015897908
8847,0.0016762458
8848,0.0015449853
8849,0.0011723974
8850,0.0014671268
8851,0.001420236
8852,0.0012692112
8853,0.001085387
8854,0.0011779449
8855,0.0014859311
8856,0.0020886993
8857,0.0020589896
8858,0.0017658052
8859,0.0013885498
8860,0.0006191572
8861,0.0008061205
8862,0.0005517482
8863,0.0013144276
8864,0.0018956551
8865,0.0015111787
8866,0.0013605801
8867,0.0021469123
8868,0.001960101
8869,0.0011023881
8870,0.0012561422
8871,0.0010768533
8872,0.000977337
8873,0.0012133376
8874,0.0016769749
8875,0.002947653
8876,0.0024224739
8877,0.001210071
8878,0.00095991004
8879,0.0008700186
8880,0.001457414
8881,0.0014874385
8882,0.0016605987
8883,0.0025243268
8884,0.0017103803
8885,0.0027370711
8886,0.003892143
8887,0.0027081664
8888,0.0014316656
8889,0.0014142807
8890,0.001352836
8891,0.0015425157
8892,0.0018762727
8893,0.001938602
8894,0.001373397
8895,0.0010923364
8896,0.0024284376
8897,0.0019983917
8898,0.00049208116
8899,0.0008238686
8900,0.0013729307
8901,0.00205252
8902,0.002354753
8903,0.0021868432
8904,0.0027027447
8905,0.002574771
8906,0.002056557
8907,0.0015975158
8908,0.0012186032
8909,0.00088979804
8910,0.0018087137
8911,0.0030025423
8912,0.004141307
8913,0.0045945616
8914,0.00461398
8915,0.0036857398
8916,0.0028056158
8917,0.0035940118
8918,0.004236753
8919,0.0030057104
8920,0.0015462469
8921,0.00056750595
8922,0.0006165193
8923,0.0009793302
8924,0.00092249445
8925,0.0013522981
8926,0.0014423793
8927,0.0012203692
8928,0.0010742286
8929,0.0009419136
8930,0.0020686213
8931,0.0034627367
8932,0.00456255
8933,0.0038203313
8934,0.0021064868
8935,0.0017019536
8936,0.0017387155
8937,0.0017536989
8938,0.0013212516
8939,0.0011320335
8940,0.0014374679
8941,0.0020438377
8942,0.0021050908
8943,0.0019952727
8944,0.0018140159
8945,0.0015978254
8946,0.0012331094
8947,0.0013281284
8948,0.0011105422
8949,0.0009066148
8950,0.0017559048
8951,0.0022399907
8952,0.0027282953
8953,0.002214549
8954,0.0010161712
8955,0.0009878519
8956,0.0015410621
8957,0.0016322626
8958,0.0029717446
8959,0.0034789536
8960,0.0025095257
8961,0.002388293
8962,0.0028234841
8963,0.0023294778
8964,0.0014295905
8965,0.001151988
8966,0.00095446745
8967,0.0008891764
8968,0.00084286684
8969,0.00056436897
8970,0.001049229
8971,0.0013928609
8972,0.0035693909
8973,0.004645725
8974,0.0048214635
8975,0.0045075906
8976,0.0038690886
8977,0.0027991666
8978,0.002167057
8979,0.002029089
8980,0.0020725008
8981,0.0017848219
8982,0.0014171792
8983,0.0013019243
8984,0.0015570321
8985,0.0024014178
8986,0.005002248
8987,0.0044960054
8988,0.0016448911
8989,0.0013826686
8990,0.0012962788
8991,0.0
8992,0.00091654406
8993,0.0009285321
8994,0.00086579344
8995,0.0014284297
8996,0.0019823657
8997,0.0035324509
8998,0.0036472017
8999,0.001928819
9000,0.0012776218
9001,0.0010386349
9002,0.00056750595
9003,0.002233602
9004,0.002627083
9005,0.0012777357
9006,0.000839892
9007,0.00104723
9008,0.001359553
9009,0.0014627959
9010,0.0014363133
9011,0.0013130762
9012,0.00079422694
9013,0.0007688295
9014,0.0017404386
9015,0.0014282463
9016,0.0013638063
9017,0.0016771312
9018,0.0016764022
9019,0.0014835985
9020,0.0016257056
9021,0.0013687696
9022,0.00089273695
9023,0.0011637266
9024,0.0024351517
9025,0.0030763494
9026,0.0024419783
9027,0.0025481493
9028,0.0027274739
9029,0.0027044024
9030,0.0025323385
9031,0.002759437
9032,0.0026941702
9033,0.0023392525
9034,0.0026392192
9035,0.0027998216
9036,0.0030342075
9037,0.0027324206
9038,0.00235458
9039,0.0029639485
9040,0.0041291732
9041,0.0037551736
9042,0.004911363
9043,0.0057463725
9044,0.0037078229
9045,0.0018933046
9046,0.0023101827
9047,0.0019726227
9048,0.0012175759
9049,0.001017259
9050,0.0016657434
9051,0.0012905635
9052,0.0010541548
9053,0.0010891077
9054,0.0011335236
9055,0.0009363664
9056,0.0010805227
9057,0.00096547266
9058,0.000981853
9059,0.0012280481
9060,0.00087125547
9061,0.00092523516
9062,0.00069015456
9063,0.0007191893
9064,0.0008438676
9065,0.0006096359
9066,0.000634938
9067,0.0010374293
9068,0.0014777804
9069,0.0014520123
9070,0.0011549654
9071,0.0014250434
9072,0.0027155501
9073,0.002875361
9074,0.002097015
9075,0.0017961351
9076,0.0017862399
9077,0.001663453
9078,0.0022420166
9079,0.0021735074
9080,0.0020507325
9081,0.0019721063
9082,0.003169754
9083,0.002875371
9084,0.00199641
9085,0.0022829617
9086,0.0030031917
9087,0.002357915
9088,0.0019262673
9089,0.0020357477
9090,0.002002727
9091,0.001674613
9092,0.0013557157
9093,0.0011228696
9094,0.0013565955
9095,0.0011852848
9096,0.000998256
9097,0.0015071868
9098,0.0016606863
9099,0.0015379051
9100,0.0008816821
9101,0.0006160943
9102,0.0025381586
9103,0.0033995267
9104,0.002820844
9105,0.0022017513
9106,0.0012760034
9107,0.0012142727
9108,0.0017927616
9109,0.0017363201
9110,0.0014180621
9111,0.0010374013
9112,0.0007467069
9113,0.0014690497
9114,0.002418422
9115,0.00198678
9116,0.0010873158
9117,0.001202955
9118,0.0024243593
9119,0.0051050684
9120,0.0046371534
9121,0.0021753276
9122,0.0014506688
9123,0.0018448784
9124,0.00233009
9125,0.0021330265
9126,0.0025819612
9127,0.0032518408
9128,0.0037327392
9129,0.0033200579
9130,0.0026648003
9131,0.0018396494
9132,0.001791771
9133,0.001858161
9134,0.0018292418
9135,0.00084493606
9136,0.0011106732
9137,0.001471089
9138,0.0023390285
9139,0.002970481
9140,0.0021475628
9141,0.0012253434
9142,0.002242523
9143,0.0026008403
9144,0.0020261323
9145,0.0015098685
9146,0.0012156141
9147,0.0010635278
9148,0.0015457951
9149,0.0024790836
9150,0.0030722977
9151,0.003278776
9152,0.0027668313
9153,0.0025219966
9154,0.0019422317
9155,0.0016279418
9156,0.0017510914
9157,0.0016874938
9158,0.0009637529
9159,0.0011057885
9160,0.0007951425
9161,0.0009904412
9162,0.0021660496
9163,0.0025905923
9164,0.0022731882
9165,0.0020993454
9166,0.0018258657
9167,0.0018517595
9168,0.0014185546
9169,0.0011990777
9170,0.0012968176
9171,0.001360088
9172,0.0016938458
9173,0.0015083064
9174,0.0013636142
9175,0.0011620497
9176,0.0013005153
9177,0.0014802205
9178,0.0014962563
9179,0.001096193
9180,0.0009867317
9181,0.00095242227
9182,0.00092777953
9183,0.0010555895
9184,0.0010090433
9185,0.001143086
9186,0.0009563257
9187,0.00094253133
9188,0.0014344073
9189,0.0020914422
9190,0.0023146633
9191,0.001993434
9192,0.0012051305
9193,0.0006069566
9194,0.0008903213
9195,0.0010359976
9196,0.0013915229
9197,0.0016894415
9198,0.0012780317
9199,0.001287312
9200,0.0017494785
9201,0.0012200831
9202,0.0005460216
9203,0.0011079971
9204,0.0014666903
9205,0.0015007816
9206,0.001218006
9207,0.0015148527
9208,0.0026730224
9209,0.0022102345
9210,0.0013076346
9211,0.0011925795
9212,0.000864111
9213,0.0013244858
9214,0.0013902674
9215,0.001532806
9216,0.0027019046
9217,0.0036820741
9218,0.004794181
9219,0.004738063
9220,0.003060633
9221,0.0014841869
9222,0.0011438496
9223,0.0013223086
9224,0.0015232827
9225,0.0019951414
9226,0.0025069846
9227,0.00256225
9228,0.0021199423
9229,0.0021544497
9230,0.0017285083
9231,0.00044289933
9232,0.0007155786
9233,0.0014410268
9234,0.0019339123
9235,0.0018558728
9236,0.001188448
9237,0.0018782571
9238,0.0020715878
9239,0.0017574125
9240,0.001325035
9241,0.0012008725
9242,0.0014944853
9243,0.0023834014
9244,0.0033392352
9245,0.004128003
9246,0.0043332544
9247,0.004325833
9248,0.0032358167
9249,0.0022131293
9250,0.0024254755
9251,0.0039091622
9252,0.003316304
9253,0.0012949985
9254,0.00090549054
9255,0.0009955118
9256,0.0012193434
9257,0.0009904412
9258,0.00090757734
9259,0.0012662957
9260,0.0014617012
9261,0.0012750679
9262,0.00079084845
9263,0.0009936097
9264,0.0021696475
9265,0.0037928298
9266,0.0038825523
9267,0.0030479694
9268,0.0026388995
9269,0.0021477388
9270,0.001720272
9271,0.0014361715
9272,0.0012593586
9273,0.0016576342
9274,0.0023362522
9275,0.0026607672
9276,0.0023626129
9277,0.0017332165
9278,0.0019450318
9279,0.0018943957
9280,0.0017068031
9281,0.0013079462
9282,0.0010115207
9283,0.0007560803
9284,0.0016470129
9285,0.0027345605
9286,0.002412928
9287,0.0013768679
9288,0.0010296009
9289,0.0016614222
9290,0.0024591635
9291,0.002350064
9292,0.0025954186
9293,0.0027203045
9294,0.0027317493
9295,0.0029627013
9296,0.0023651614
9297,0.001161248
9298,0.0010225666
9299,0.0011035491
9300,0.0013368215
9301,0.0015044616
9302,0.0011494589
9303,0.000962907
9304,0.0014044718
9305,0.002965215
9306,0.0034047877
9307,0.0020797343
9308,0.001316463
9309,0.0017036286
9310,0.0017626543
9311,0.0016823637
9312,0.0017224868
9313,0.0018631194
9314,0.0016769056
9315,0.0015296699
9316,0.0017179357
9317,0.0020721497
9318,0.004072675
9319,0.0051032268
9320,0.0039505092
9321,0.0012292799
9322,0.0007651107
9323,0.0010203157
9324,0.0
9325,0.0008947885
9326,0.00096761057
9327,0.0011446634
9328,0.0019926017
9329,0.0026242456
9330,0.004171256
9331,0.0041669067
9332,0.0023634874
9333,0.0017465482
9334,0.0014834023
9335,0.0010283281
9336,0.0022776139
9337,0.0027084243
9338,0.0015584894
9339,0.0012015994
9340,0.001151508
9341,0.0009748921
9342,0.0013448526
9343,0.0012913526
9344,0.0012086752
9345,0.00059928396
9346,0.0009492083
9347,0.0019400427
9348,0.0014665712
9349,0.0005687866
9350,0.0010756905
9351,0.0013776921
9352,0.0014927705
9353,0.0016350595
9354,0.0014560955
9355,0.0010569121
9356,0.0009887943
9357,0.0021457188
9358,0.002924338
9359,0.0024400111
9360,0.0019706152
9361,0.002045247
9362,0.0020616031
9363,0.0019011128
9364,0.0024643298
9365,0.0025868036
9366,0.0025906372
9367,0.0023901323
9368,0.002577663
9369,0.0033694294
9370,0.0037918321
9371,0.0037419829
9372,0.0042675943
9373,0.005492247
9374,0.005759324
9375,0.005523102
9376,0.0047914176
9377,0.0027484782
9378,0.0016453334
9379,0.0018195106
9380,0.0017722544
9381,0.0013455666
9382,0.0014737771
9383,0.0013356889
9384,0.0007901121
9385,0.00082595024
9386,0.0008624591
9387,0.0010645124
9388,0.0007720781
9389,0.0007412694
9390,0.00069204957
9391,0.0009052012
9392,0.001100565
9393,0.0008840885
9394,0.0009025287
9395,0.00066860666
9396,0.00076803414
9397,0.00085690705
9398,0.0007638544
9399,0.0010508642
9400,0.0012883515
9401,0.001205058
9402,0.0007531105
9403,0.0009863483
9404,0.001489257
9405,0.0028928788
9406,0.0026812302
9407,0.0013226167
9408,0.001084126
9409,0.0012145604
9410,0.0011152234
9411,0.0012118976
9412,0.0010983944
9413,0.0013440083
9414,0.0017775507
9415,0.0026826952
9416,0.0022348787
9417,0.001431625
9418,0.0017601759
9419,0.002748637
9420,0.0030915244
9421,0.0030451035
9422,0.003188247
9423,0.0026952396
9424,0.0009519944
9425,0.00071010774
9426,0.00092542387
9427,0.0012905635
9428,0.0010599094
9429,0.0008924761
9430,0.0013283256
9431,0.0013548568
9432,0.0010473412
9433,0.0006516325
9434,0.0007241899
9435,0.00199339
9436,0.0028467868
9437,0.0028961569
9438,0.0022361935
9439,0.0010320854
9440,0.0008571108
9441,0.0013161534
9442,0.0011596178
9443,0.0009251093
9444,0.0011124013
9445,0.0015695428
9446,0.0018972051
9447,0.0024167604
9448,0.0016703148
9449,0.0007042225
9450,0.0016555962
9451,0.0026650187
9452,0.003909996
9453,0.0037849257
9454,0.0023311016
9455,0.0012928166
9456,0.0018321829
9457,0.0021505964
9458,0.0018100166
9459,0.0019123774
9460,0.0029062887
9461,0.0033972058
9462,0.0033519275
9463,0.0023510794
9464,0.0013402785
9465,0.000617227
9466,0.00066786626
9467,0.00085176306
9468,0.001133498
9469,0.0017327798
9470,0.0017479641
9471,0.0020990265
9472,0.0027476945
9473,0.0019583781
9474,0.0018313567
9475,0.0022924268
9476,0.002090997
9477,0.0017092568
9478,0.0009492083
9479,0.0008540493
9480,0.0013024161
9481,0.001923349
9482,0.002105768
9483,0.0020466268
9484,0.0021500548
9485,0.0018965914
9486,0.0017393347
9487,0.0016796974
9488,0.0020753916
9489,0.0023418637
9490,0.0019905996
9491,0.0016489202
9492,0.001553383
9493,0.0012323066
9494,0.0015681144
9495,0.0022684333
9496,0.0027232023
9497,0.0022446115
9498,0.001522155
9499,0.0016484259
9500,0.0013813418
9501,0.001219033
9502,0.0009189225
9503,0.0011221695
9504,0.0013301866
9505,0.0016560357
9506,0.001545023
9507,0.0014914637
9508,0.0014725522
9509,0.0019282757
9510,0.0019798095
9511,0.0018666775
9512,0.0014915613
9513,0.0013293987
9514,0.0011335236
9515,0.00084840786
9516,0.00077636354
9517,0.0010282431
9518,0.0016182052
9519,0.0013903093
9520,0.0013940514
9521,0.0017514405
9522,0.0018557003
9523,0.0019577835
9524,0.002086608
9525,0.0016796801
9526,0.000934157
9527,0.00078952254
9528,0.0010617475
9529,0.0012760034
9530,0.0012907214
9531,0.0009937561
9532,0.0011616239
9533,0.0012401463
9534,0.0007953255
9535,0.0005538541
9536,0.00074052304
9537,0.0011382381
9538,0.0014251455
9539,0.0014547356
9540,0.0014080936
9541,0.001923122
9542,0.0018222119
9543,0.0015672419
9544,0.0014710296
9545,0.0009861712
9546,0.0011454768
9547,0.0010350139
9548,0.0012220613
9549,0.0025417109
9550,0.003855087
9551,0.004318332
9552,0.0033686606
9553,0.0015740978
9554,0.0014915417
9555,0.0011953583
9556,0.0009991594
9557,0.0011113805
9558,0.0018011512
9559,0.0026771675
9560,0.0031455967
9561,0.002715818
9562,0.0016735003
9563,0.0011919205
9564,0.00095242227
9565,0.0014439927
9566,0.0016230539
9567,0.0013225287
9568,0.0013391054
9569,0.000906101
9570,0.00092787365
9571,0.0012979616
9572,0.0008749555
9573,0.00080770755
9574,0.0013687058
9575,0.0022258882
9576,0.0026030773
9577,0.0031641023
9578,0.0033683237
9579,0.003630181
9580,0.0039889915
9581,0.0032233268
9582,0.0017229937
9583,0.0012332038
9584,0.0030776924
9585,0.0035636867
9586,0.0023439755
9587,0.0014314216
9588,0.0018602272
9589,0.0017930863
9590,0.0014293666
9591,0.001136447
9592,0.000860026
9593,0.001040231
9594,0.0009450292
9595,0.00092909613
9596,0.0012186749
9597,0.0014980448
9598,0.0029017688
9599,0.0032217281
9600,0.0026714432
9601,0.0020018404
9602,0.0013630592
9603,0.0010742827
9604,0.0011643016
9605,0.0010689051
9606,0.0014325598
9607,0.002450212
9608,0.003434126
9609,0.003011901
9610,0.0019665346
9611,0.0019338221
9612,0.0018835954
9613,0.0013387795
9614,0.0012145604
9615,0.0010536026
9616,0.00046464204
9617,0.0010411817
9618,0.002493038
9619,0.0026808828
9620,0.0019972408
9621,0.0013293112
9622,0.0018576597
9623,0.0030483895
9624,0.002245169
9625,0.0016382071
9626,0.0029252137
9627,0.0030473869
9628,0.0030064075
9629,0.0023157317
9630,0.0010846358
9631,0.001123621
9632,0.001377185
9633,0.0014964703
9634,0.0017391171
9635,0.0013750489
9636,0.0012321885
9637,0.0014251455
9638,0.0019520518
9639,0.0026897916
9640,0.0024728773
9641,0.001094519
9642,0.00062187755
9643,0.00081638084
9644,0.0008378451
9645,0.0010135903
9646,0.0014838731
9647,0.0013555869
9648,0.0013455881
9649,0.0016975017
9650,0.002148335
9651,0.0041026426
9652,0.004500476
9653,0.0027285088
9654,0.0005234899
9655,0.0006014654
9656,0.00095580815
9657,0.0
9658,0.0011855795
9659,0.0008635383
9660,0.0009354646
9661,0.0019839946
9662,0.0030325477
9663,0.004876198
9664,0.0043650405
9665,0.002045617
9666,0.0018875467
9667,0.0015994094
9668,0.0014564552
9669,0.0025464925
9670,0.0030751382
9671,0.0023654813
9672,0.0018847384
9673,0.0017089844
9674,0.0010776368
9675,0.0010974136
9676,0.0010073401
9677,0.0008187304
9678,0.0005160991
9679,0.0008239393
9680,0.0018568762
9681,0.0016146041
9682,0.00070119905
9683,0.0005612663
9684,0.0011735883
9685,0.0011591659
9686,0.0012473768
9687,0.0015129495
9688,0.0012325664
9689,0.00072217773
9690,0.0014994623
9691,0.0024528948
9692,0.0025458068
9693,0.0023202393
9694,0.0020492559
9695,0.0018488339
9696,0.0023397873
9697,0.0027389526
9698,0.0027189027
9699,0.0023189846
9700,0.0017956814
9701,0.0023705573
9702,0.0031484358
9703,0.0038797478
9704,0.00507959
9705,0.0056635295
9706,0.0065102745
9707,0.0058533517
9708,0.005105154
9709,0.0038906173
9710,0.0016296394
9711,0.0011451464
9712,0.0013071671
9713,0.0014471737
9714,0.0012995303
9715,0.0017026888
9716,0.0016158475
9717,0.0014285316
9718,0.0013285228
9719,0.00068324624
9720,0.00059298606
9721,0.00045897008
9722,0.00043447377
9723,0.0005175632
9724,0.0007398153
9725,0.0010396992
9726,0.0011298461
9727,0.0010777448
9728,0.0007358313
9729,0.00082047033
9730,0.0007558108
9731,0.0008851084
9732,0.0015362956
9733,0.0016204697
9734,0.0012522205
9735,0.000941048
9736,0.0010421596
9737,0.001419539
9738,0.0025863084
9739,0.0023100441
9740,0.0013121228
9741,0.0011679454
9742,0.001028611
9743,0.0008951787
9744,0.0010711626
9745,0.00069179724
9746,0.0010074846
9747,0.0014039538
9748,0.001630889
9749,0.0015690977
9750,0.0015014602
9751,0.0014188418
9752,0.0016718474
9753,0.0021565696
9754,0.0027183567
9755,0.0036954947
9756,0.00364981
9757,0.002526286
9758,0.0011187148
9759,0.001704602
9760,0.0017410907
9761,0.0013721037
9762,0.0011444092
9763,0.0012741089
9764,0.0015524647
9765,0.0011234914
9766,0.0007639306
9767,0.0008545603
9768,0.001704141
9769,0.0028859994
9770,0.00279339
9771,0.0022654934
9772,0.0011853094
9773,0.0010021261
9774,0.0012308415
9775,0.0012763226
9776,0.0015006847
9777,0.0016719518
9778,0.0019010976
9779,0.0017469315
9780,0.00186998
9781,0.0015302976
9782,0.0006655089
9783,0.0024725595
9784,0.0033514497
9785,0.0028394163
9786,0.0026939218
9787,0.0020204359
9788,0.0014524132
9789,0.0016963012
9790,0.0018681581
9791,0.0011461372
9792,0.0015931557
9793,0.0016954945
9794,0.0016580379
9795,0.0020607982
9796,0.0018882867
9797,0.0012973112
9798,0.00089556875
9799,0.0007088771
9800,0.0012234419
9801,0.0017249014
9802,0.0017868426
9803,0.001413972
9804,0.0014145481
9805,0.0018376708
9806,0.0011712301
9807,0.0015172907
9808,0.0017657228
9809,0.0014108398
9810,0.0012097824
9811,0.0011065778
9812,0.0013104804
9813,0.001793638
9814,0.0019378061
9815,0.0017166985
9816,0.0015889485
9817,0.0016450327
9818,0.0013458909
9819,0.0011556203
9820,0.0013015666
9821,0.001674978
9822,0.0017931674
9823,0.0016515304
9824,0.0017652448
9825,0.0018382249
9826,0.0018699644
9827,0.0018895963
9828,0.0023761124
9829,0.002541058
9830,0.0019568766
9831,0.0011176737
9832,0.0012032937
9833,0.0011580606
9834,0.0013332026
9835,0.0012429827
9836,0.0010616652
9837,0.001260352
9838,0.00093294116
9839,0.00084227964
9840,0.0011232324
9841,0.001550814
9842,0.002184633
9843,0.002293163
9844,0.0022771538
9845,0.0019987412
9846,0.0018617286
9847,0.0016151088
9848,0.0012738575
9849,0.0010830784
9850,0.0008187659
9851,0.0014328645
9852,0.0015005877
9853,0.0018027663
9854,0.0017624067
9855,0.001335362
9856,0.0013601523
9857,0.0020480484
9858,0.0021571498
9859,0.0011749268
9860,0.000962393
9861,0.0010852797
9862,0.0012207509
9863,0.0011894272
9864,0.0008532993
9865,0.0009207576
9866,0.0009736375
9867,0.0010812228
9868,0.0011804131
9869,0.0008032633
9870,0.0008774467
9871,0.0010559204
9872,0.0011691409
9873,0.001289661
9874,0.0014200719
9875,0.0015592176
9876,0.0016633655
9877,0.0015268704
9878,0.0011005121
9879,0.0012510114
9880,0.0011952854
9881,0.0009056191
9882,0.0015967322
9883,0.0021762638
9884,0.001960324
9885,0.00060426537
9886,0.0010602113
9887,0.001064157
9888,0.0012158775
9889,0.0012494517
9890,0.0008520705
9891,0.00123688
9892,0.001745398
9893,0.002647334
9894,0.0026028538
9895,0.0017772559
9896,0.0011172831
9897,0.00089090946
9898,0.0016050766
9899,0.0018357851
9900,0.0016247565
9901,0.0016954602
9902,0.0011692157
9903,0.00084724074
9904,0.0009300041
9905,0.00074032653
9906,0.0007669724
9907,0.0014836574
9908,0.0024874401
9909,0.0026103794
9910,0.0023365512
9911,0.0025022088
9912,0.0032132072
9913,0.00450303
9914,0.004160133
9915,0.0027480228
9916,0.00084679405
9917,0.0021486736
9918,0.002834913
9919,0.0025740361
9920,0.001966594
9921,0.0021335175
9922,0.0017736496
9923,0.001728441
9924,0.0018641656
9925,0.0014872232
9926,0.0015926624
9927,0.0017196967
9928,0.0013031979
9929,0.0011651262
9930,0.0010102252
9931,0.0017942383
9932,0.002065552
9933,0.0021447963
9934,0.0017874452
9935,0.0011421435
9936,0.0015719516
9937,0.0016772873
9938,0.001711588
9939,0.0016764889
9940,0.0022483815
9941,0.0036303254
9942,0.003361967
9943,0.0018683763
9944,0.0014642675
9945,0.0011694396
9946,0.0006051798
9947,0.0009331283
9948,0.0009531859
9949,0.000648992
9950,0.0008405848
9951,0.0017301408
9952,0.0023404963
9953,0.0022753894
9954,0.0019389472
9955,0.0023895113
9956,0.0031541802
9957,0.0021288472
9958,0.0012696239
9959,0.0026635658
9960,0.0035519155
9961,0.0038995387
9962,0.0024179043
9963,0.0012266965
9964,0.0012382439
9965,0.0014139514
9966,0.0011044454
9967,0.0016854056
9968,0.0017804137
9969,0.0019761752
9970,0.0019640024
9971,0.0019318194
9972,0.0025558928
9973,0.002481665
9974,0.0012483097
9975,0.00049089687
9976,0.00033439035
9977,0.00066107727
9978,0.0008339106
9979,0.0016009553
9980,0.0014814391
9981,0.0013415375
9982,0.0018663814
9983,0.002298867
9984,0.0041965623
9985,0.003604362
9986,0.0007796928
9987,0.00060844125
9988,0.00058686855
9989,0.00087508856
9990,0.0
9991,0.0013013654
9992,0.0009211368
9993,0.0010272803
9994,0.0017907149
9995,0.0027528796
9996,0.0051076277
9997,0.004872185
9998,0.0022028612
9999,0.0019414523
10000,0.0015579851
10001,0.0013752182
10002,0.002335654
10003,0.003122688
10004,0.0031637803
10005,0.002743189
10006,0.002678602
10007,0.0021716452
10008,0.00088704634
10009,0.00058408483
10010,0.00051739445
10011,0.0007836395
10012,0.0012810569
10013,0.0019334909
10014,0.001712387
10015,0.0009960671
10016,0.0006543068
10017,0.0014489423
10018,0.0018409936
10019,0.0017699044
10020,0.0017108056
10021,0.0013278215
10022,0.000796934
10023,0.0012708841
10024,0.0023835967
10025,0.002978387
10026,0.002542077
10027,0.0014980254
10028,0.0018836417
10029,0.0024151583
10030,0.002742754
10031,0.0031469194
10032,0.002928843
10033,0.0020561607
10034,0.001906616
10035,0.0021787365
10036,0.00284293
10037,0.0039184275
10038,0.0046880688
10039,0.0052764253
10040,0.004484786
10041,0.0029018691
10042,0.0017438633
10043,0.0010016904
10044,0.0005653479
10045,0.0012084827
10046,0.0013171923
10047,0.0013539328
10048,0.0015054672
10049,0.0013291579
10050,0.0016445903
10051,0.0018943957
10052,0.0009074811
10053,0.0006993288
10054,0.00042581317
10055,0.00046464204
10056,0.0005295701
10057,0.0011515585
10058,0.0013319359
10059,0.0011718512
10060,0.0009318174
10061,0.0009577246
10062,0.00075202767
10063,0.00072787784
10064,0.00081584597
10065,0.0017986773
10066,0.0016027722
10067,0.001133883
10068,0.0012809206
10069,0.0012358442
10070,0.0014374679
10071,0.0021233442
10072,0.0022307597
10073,0.0013362117
10074,0.0010500054
10075,0.0007704555
10076,0.0012553078
10077,0.0014747246
10078,0.00077373494
10079,0.00112688
10080,0.0014003421
10081,0.0012561886
10082,0.0014304454
10083,0.0014203589
10084,0.0010974136
10085,0.0006808567
10086,0.0012368093
10087,0.0022632184
10088,0.003159159
10089,0.0037437244
10090,0.0030874927
10091,0.0014178568
10092,0.0014509496
10093,0.0011046035
10094,0.00089738675
10095,0.0011464927
10096,0.0014774849
10097,0.0015980258
10098,0.00097501156
10099,0.000772455
10100,0.0013954286
10101,0.0025925576
10102,0.0038053168
10103,0.0034089736
10104,0.0024229784
10105,0.0016435281
10106,0.0013667693
10107,0.0015962764
10108,0.0016585469
10109,0.001792859
10110,0.0017019536
10111,0.0016821214
10112,0.0017642387
10113,0.0014487013
10114,0.0011611979
10115,0.0006058527
10116,0.003382559
10117,0.0042622513
10118,0.0024262914
10119,0.0017926155
10120,0.001339301
10121,0.0013882354
10122,0.0016716036
10123,0.0016480905
10124,0.0014828332
10125,0.0016620877
10126,0.0015105237
10127,0.0011046826
10128,0.0019011435
10129,0.0020942236
10130,0.001216069
10131,0.0014904682
10132,0.001792096
10133,0.0019543613
10134,0.0019471853
10135,0.0015214856
10136,0.0009666476
10137,0.001016028
10138,0.0013238044
10139,0.0010797683
10140,0.0014413096
10141,0.001280216
10142,0.0007323821
10143,0.000971393
10144,0.0010322264
10145,0.0015128725
10146,0.0019761017
10147,0.0019043097
10148,0.0018923974
10149,0.001957739
10150,0.0018131493
10151,0.0012449947
10152,0.00090343115
10153,0.0010674339
10154,0.00096821197
10155,0.00091914413
10156,0.00078010326
10157,0.0010159994
10158,0.0013608582
10159,0.0015529332
10160,0.0019273094
10161,0.0020496962
10162,0.0018146576
10163,0.0017719587
10164,0.0011918716
10165,0.0011796731
10166,0.0012934918
10167,0.001458532
10168,0.0011956749
10169,0.00087199005
10170,0.0010626791
10171,0.00106246
10172,0.0008535721
10173,0.00072891667
10174,0.0011226622
10175,0.0016628405
10176,0.0018406932
10177,0.0020226676
10178,0.0018064112
10179,0.0019043708
10180,0.001806105
10181,0.0019253908
10182,0.0017695591
10183,0.0012015994
10184,0.0011848428
10185,0.001044475
10186,0.0014160904
10187,0.0011835156
10188,0.0009782895
10189,0.0011303354
10190,0.0017931674
10191,0.0019360932
10192,0.0012081213
10193,0.0009781705
10194,0.0009359311
10195,0.0011753725
10196,0.0011206643
10197,0.0006494403
10198,0.00048774452
10199,0.0008208959
10200,0.0009431487
10201,0.0010322264
10202,0.0007669344
10203,0.0010812228
10204,0.0011853094
10205,0.0010425785
10206,0.0010119523
10207,0.0010868072
10208,0.0011265441
10209,0.0016155412
10210,0.0016359137
10211,0.001140384
10212,0.0013288513
10213,0.0011075506
10214,0.0011180643
10215,0.0018041703
10216,0.0019598785
10217,0.0011433406
10218,0.00063713436
10219,0.0006922178
10220,0.0006748457
10221,0.0012491721
10222,0.0014659957
10223,0.0011608469
10224,0.0011232324
10225,0.0010291485
10226,0.001553027
10227,0.0020200037
10228,0.0020046008
10229,0.0016516009
10230,0.00072378793
10231,0.0015276327
10232,0.0014833827
10233,0.0014901557
10234,0.0018844759
10235,0.0014142807
10236,0.0007857165
10237,0.0010000038
10238,0.00079583767
10239,0.0007815197
10240,0.0013833209
10241,0.0024368363
10242,0.002931485
10243,0.002534257
10244,0.001935567
10245,0.0017874778
10246,0.0035890362
10247,0.0041739624
10248,0.0028589063
10249,0.0009683923
10250,0.0010639929
10251,0.0021068598
10252,0.0023390658
10253,0.0019351911
10254,0.0017185793
10255,0.0014904486
10256,0.0018346909
10257,0.002525387
10258,0.0024458724
10259,0.0022264242
10260,0.0018506119
10261,0.0013106581
10262,0.0013703421
10263,0.001352836
10264,0.0020314686
10265,0.0024359762
10266,0.0032701814
10267,0.0031703233
10268,0.002322734
10269,0.0024527998
10270,0.002107274
10271,0.0019942368
10272,0.0020070819
10273,0.0024593766
10274,0.0032462154
10275,0.002848708
10276,0.0016602656
10277,0.0010485075
10278,0.00083090377
10279,0.0007379246
10280,0.000767238
10281,0.0007453415
10282,0.00076587114
10283,0.00060363894
10284,0.0010741743
10285,0.0018794499
10286,0.0020808815
10287,0.0024488573
10288,0.0026110704
10289,0.002614646
10290,0.0020282858
10291,0.001419539
10292,0.0022732138
10293,0.0038516354
10294,0.004046989
10295,0.0020550564
10296,0.00092831266
10297,0.0009130763
10298,0.0010321982
10299,0.001079283
10300,0.0014295295
10301,0.0018820651
10302,0.0023700048
10303,0.0025299008
10304,0.0025586127
10305,0.002653571
10306,0.002419625
10307,0.0013387795
10308,0.00062248565
10309,0.0007178932
10310,0.0008339106
10311,0.00081833923
10312,0.001472987
10313,0.0016352553
10314,0.0017505595
10315,0.0024919405
10316,0.0032802226
10317,0.003930012
10318,0.0028163008
10319,0.00084431586
10320,0.000781892
10321,0.00066423946
10322,0.0013029746
10323,0.0
10324,0.0014733031
10325,0.0011242424
10326,0.0013682804
10327,0.001625455
10328,0.002054759
10329,0.0044524563
10330,0.004782839
10331,0.003075422
10332,0.0031911032
10333,0.0021869764
10334,0.00074935256
10335,0.0015991182
10336,0.0027940671
10337,0.0036291627
10338,0.0036142962
10339,0.0033497561
10340,0.0029548025
10341,0.002203852
10342,0.0014892375
10343,0.0011178299
10344,0.0014978116
10345,0.0019077759
10346,0.0021983383
10347,0.0020737643
10348,0.0014365362
10349,0.0012564665
10350,0.0020419287
10351,0.0025019879
10352,0.001832421
10353,0.0015113906
10354,0.0010074846
10355,0.0007561958
10356,0.0011501675
10357,0.0019723128
10358,0.002881983
10359,0.002517203
10360,0.0009944295
10361,0.0011711307
10362,0.0015507014
10363,0.0021606951
10364,0.0033229582
10365,0.0033949777
10366,0.002647378
10367,0.0018747831
10368,0.0022270123
10369,0.0025112417
10370,0.002836791
10371,0.0035387399
10372,0.0036257608
10373,0.003135347
10374,0.0016901821
10375,0.0011795991
10376,0.0007874925
10377,0.000458526
10378,0.0008624591
10379,0.00096465845
10380,0.0011049197
10381,0.0009803697
10382,0.00080072304
10383,0.0015162162
10384,0.002089702
10385,0.0011983007
10386,0.0007388311
10387,0.00053579867
10388,0.0008083919
10389,0.0011877622
10390,0.0015544505
10391,0.0014206662
10392,0.00087605254
10393,0.0009472132
10394,0.0013393445
10395,0.0010773666
10396,0.0009526056
10397,0.0011301294
10398,0.0021713101
10399,0.001815844
10400,0.0009900884
10401,0.0015356134
10402,0.0016426247
10403,0.0019304027
10404,0.0022260842
10405,0.0021944027
10406,0.0014394101
10407,0.00097052375
10408,0.00087429
10409,0.0015542633
10410,0.001994295
10411,0.0012767558
10412,0.0011963563
10413,0.0017889914
10414,0.0015204141
10415,0.0015751697
10416,0.0016884765
10417,0.0015622012
10418,0.0011821376
10419,0.0011920669
10420,0.0019374606
10421,0.0021500008
10422,0.0030362594
10423,0.0027870168
10424,0.0013908534
10425,0.0010565816
10426,0.0004732685
10427,0.0012159493
10428,0.0016339555
10429,0.0015926259
10430,0.001449083
10431,0.0009402745
10432,0.0009801026
10433,0.0023905342
10434,0.0030562368
10435,0.0037980517
10436,0.0030294845
10437,0.0017589189
10438,0.0020254427
10439,0.001970172
10440,0.0023477098
10441,0.0020958628
10442,0.0019399676
10443,0.0018674881
10444,0.0017887473
10445,0.0019936382
10446,0.0016327796
10447,0.0014121183
10448,0.0013420146
10449,0.0037529953
10450,0.004304392
10451,0.0022511885
10452,0.0012551687
10453,0.00062439963
10454,0.0013981997
10455,0.0017000373
10456,0.0018366411
10457,0.001808778
10458,0.0019117381
10459,0.0016037162
10460,0.0011838598
10461,0.0017546779
10462,0.0020065887
10463,0.0016425184
10464,0.0022943558
10465,0.002293696
10466,0.0016603358
10467,0.0013860114
10468,0.0006912501
10469,0.00067995844
10470,0.00087837497
10471,0.0011911633
10472,0.0013550286
10473,0.0014306895
10474,0.0011316992
10475,0.00069949526
10476,0.00044669438
10477,0.00040993356
10478,0.0011095458
10479,0.0016576166
10480,0.0016535382
10481,0.001688649
10482,0.0017474311
10483,0.0013269664
10484,0.00081431057
10485,0.0010694496
10486,0.0011640516
10487,0.000852924
10488,0.00086256035
10489,0.0008612772
10490,0.00061377516
10491,0.00081833923
10492,0.0009091793
10493,0.0012066268
10494,0.0011558974
10495,0.0011521396
10496,0.0014619998
10497,0.0014296924
10498,0.001316883
10499,0.001984772
10500,0.0025158962
10501,0.0024609144
10502,0.0017299725
10503,0.0013934458
10504,0.00096236274
10505,0.0006576786
10506,0.00045264882
10507,0.0008197606
10508,0.0011568286
10509,0.0014080523
10510,0.0017019536
10511,0.0016995065
10512,0.0017924694
10513,0.0020420428
10514,0.002358236
10515,0.0021492967
10516,0.0017647005
10517,0.0016772005
10518,0.001596313
10519,0.0016041335
10520,0.0011130029
10521,0.00091010716
10522,0.0010538235
10523,0.0014828136
10524,0.0015335652
10525,0.0010664791
10526,0.0010570773
10527,0.0009717824
10528,0.000899104
10529,0.00082146295
10530,0.00060705247
10531,0.00048559162
10532,0.0008180547
10533,0.0008583662
10534,0.0008239746
10535,0.0008199026
10536,0.0011967211
10537,0.0013436185
10538,0.0010919634
10539,0.0010028229
10540,0.0010315494
10541,0.0008963483
10542,0.0012992838
10543,0.0017056261
10544,0.0014224474
10545,0.0013993649
10546,0.0008457623
10547,0.0008284483
10548,0.0017885196
10549,0.0019289699
10550,0.0011210279
10551,0.00081334496
10552,0.0008698848
10553,0.0010138773
10554,0.0012796476
10555,0.0011835402
10556,0.00092378707
10557,0.0008472751
10558,0.0008239393
10559,0.0009629674
10560,0.0019241963
10561,0.0021983515
10562,0.0017064962
10563,0.0008118407
10564,0.0010999036
10565,0.0009658946
10566,0.0013989488
10567,0.0025501016
10568,0.0021796713
10569,0.0011004327
10570,0.001273652
10571,0.0008432811
10572,0.0007167166
10573,0.0013623758
10574,0.0026327823
10575,0.0032718275
10576,0.002433107
10577,0.0013505106
10578,0.0010245853
10579,0.0038622448
10580,0.0043739593
10581,0.0026799815
10582,0.00116807
10583,0.0009488403
10584,0.0014730659
10585,0.0016720215
10586,0.001388948
10587,0.0017378448
10588,0.0021176345
10589,0.0023708765
10590,0.0030909595
10591,0.002951935
10592,0.002347375
10593,0.0013722734
10594,0.0013633794
10595,0.0015973336
10596,0.001368174
10597,0.0021059893
10598,0.002924099
10599,0.004518895
10600,0.004416497
10601,0.0025219275
10602,0.002141809
10603,0.0020517681
10604,0.0019296788
10605,0.0021167411
10606,0.0021752606
10607,0.0022318033
10608,0.0018639783
10609,0.0016244341
10610,0.001313453
10611,0.0009076094
10612,0.00073452486
10613,0.00055332837
10614,0.0009677008
10615,0.000934157
10616,0.0004748034
10617,0.000672383
10618,0.001265261
10619,0.0016060917
10620,0.0026385796
10621,0.003284966
10622,0.002705672
10623,0.0018441053
10624,0.0018664593
10625,0.001994047
10626,0.004094846
10627,0.0042016357
10628,0.0016990269
10629,0.00086188526
10630,0.0012396768
10631,0.0011915297
10632,0.00085459434
10633,0.00066865014
10634,0.0011541587
10635,0.001799373
10636,0.0028093166
10637,0.0030809627
10638,0.0027481287
10639,0.0022128269
10640,0.0013169493
10641,0.0010762315
10642,0.0010178024
10643,0.0007845674
10644,0.0004954409
10645,0.0010489238
10646,0.0013091028
10647,0.0018078446
10648,0.0028260085
10649,0.0036935175
10650,0.0041335057
10651,0.002515688
10652,0.0006194392
10653,0.0011854322
10654,0.0016577746
10655,0.0022240437
10656,0.0
10657,0.0014308522
10658,0.0011644516
10659,0.0012937842
10660,0.0010608151
10661,0.0008929325
10662,0.003560762
10663,0.004599158
10664,0.003830602
10665,0.0038171837
10666,0.0032156426
10667,0.0015121221
10668,0.0008858972
10669,0.0020029305
10670,0.0033092229
10671,0.003958472
10672,0.0038686672
10673,0.0033910663
10674,0.0032330004
10675,0.0024446228
10676,0.0017126929
10677,0.0019761163
10678,0.002109331
10679,0.002193673
10680,0.0020278122
10681,0.0015500631
10682,0.001844342
10683,0.0024405478
10684,0.0027194056
10685,0.00216293
10686,0.0013432502
10687,0.00073812174
10688,0.00053530955
10689,0.0009670991
10690,0.0018402505
10691,0.002598523
10692,0.0022433405
10693,0.0013953034
10694,0.0012429125
10695,0.001450789
10696,0.001745498
10697,0.0028103215
10698,0.003593137
10699,0.0035760787
10700,0.002959507
10701,0.0024071676
10702,0.0019369499
10703,0.0020371054
10704,0.0029990023
10705,0.003095269
10706,0.002176625
10707,0.0012869954
10708,0.0011360114
10709,0.0013763605
10710,0.0012770749
10711,0.000989118
10712,0.00075191155
10713,0.0007811099
10714,0.0005055589
10715,0.0009472132
10716,0.0019875416
10717,0.0025035113
10718,0.0017872009
10719,0.00149201
10720,0.0015256691
10721,0.001606744
10722,0.001487008
10723,0.0013700447
10724,0.0008511478
10725,0.0007574648
10726,0.0011388772
10727,0.0013901837
10728,0.0010222819
10729,0.00077158795
10730,0.0011261824
10731,0.0021792573
10732,0.0018335802
10733,0.00090075337
10734,0.0009910874
10735,0.0014619401
10736,0.0018884254
10737,0.0021716987
10738,0.0023314012
10739,0.0021111928
10740,0.0015793584
10741,0.0007436214
10742,0.0013438134
10743,0.0020960434
10744,0.0015147183
10745,0.00089949236
10746,0.0018035411
10747,0.0020187933
10748,0.0018281437
10749,0.0021791107
10750,0.0019243021
10751,0.0016163517
10752,0.0021768254
10753,0.002584789
10754,0.0023931016
10755,0.0021482673
10756,0.0017278683
10757,0.00066138536
10758,0.0007832308
10759,0.0007300338
10760,0.0014319908
10761,0.0019948059
10762,0.0016692341
10763,0.0009854331
10764,0.00089152995
10765,0.0021104207
10766,0.0030967072
10767,0.0033591783
10768,0.0039544925
10769,0.003281021
10770,0.0024361077
10771,0.0024554683
10772,0.00241552
10773,0.0022420166
10774,0.0020004006
10775,0.0016196973
10776,0.0015501007
10777,0.0018400765
10778,0.0020051524
10779,0.0017696742
10780,0.001986648
10781,0.0020913172
10782,0.0035261011
10783,0.0040004808
10784,0.0020606006
10785,0.0007907749
10786,0.0010236476
10787,0.0017219629
10788,0.0019002247
10789,0.00164305
10790,0.0018555435
10791,0.0017555235
10792,0.0011087849
10793,0.00089706236
10794,0.0014739942
10795,0.0018481411
10796,0.0018760245
10797,0.0025584763
10798,0.0022891616
10799,0.00087508856
10800,0.0006233734
10801,0.0005609032
10802,0.00067069277
10803,0.0006257499
10804,0.00070364366
10805,0.0011012787
10806,0.0010047365
10807,0.0008420377
10808,0.0005317091
10809,0.00028971615
10810,0.0004036375
10811,0.0010269687
10812,0.0016519709
10813,0.0016782241
10814,0.0016735872
10815,0.0012735148
10816,0.0006163776
10817,0.00090004224
10818,0.0013398008
10819,0.0013265716
10820,0.00074091594
10821,0.00064818433
10822,0.00075949845
10823,0.00075827126
10824,0.0008598568
10825,0.0009027866
10826,0.00087711494
10827,0.0008111593
10828,0.0007952889
10829,0.0014148157
10830,0.0013484617
10831,0.001448882
10832,0.0024501882
10833,0.0029688934
10834,0.0032161586
10835,0.0023820212
10836,0.0021032097
10837,0.00093853957
10838,0.00064912654
10839,0.00044460455
10840,0.0005772684
10841,0.0008665662
10842,0.0013062317
10843,0.0015526896
10844,0.0014865381
10845,0.0014114174
10846,0.001523894
10847,0.0018917207
10848,0.0015094059
10849,0.0011363189
10850,0.001087423
10851,0.0014378929
10852,0.0016032987
10853,0.0009838074
10854,0.0007412694
10855,0.001174679
10856,0.0011676713
10857,0.0009928771
10858,0.00094905496
10859,0.0011161102
10860,0.0011886685
10861,0.0012915778
10862,0.0012301556
10863,0.000735119
10864,0.00067164673
10865,0.00064241135
10866,0.0005323656
10867,0.00049982726
10868,0.0010446142
10869,0.0011807336
10870,0.0011911633
10871,0.0010762315
10872,0.00070949266
10873,0.0006985376
10874,0.00063699734
10875,0.001032621
10876,0.0015197439
10877,0.0017652117
10878,0.001618421
10879,0.00081431057
10880,0.0012060236
10881,0.0014853434
10882,0.0018230103
10883,0.0014738758
10884,0.0011253551
10885,0.0009039142
10886,0.0011353452
10887,0.0012038981
10888,0.00074639503
10889,0.00073170627
10890,0.0008407925
10891,0.0013490876
10892,0.0011467465
10893,0.0017652448
10894,0.0022245802
10895,0.0018558414
10896,0.0010502271
10897,0.0010765559
10898,0.000999771
10899,0.0012956725
10900,0.0027231062
10901,0.002488259
10902,0.0010820569
10903,0.001294459
10904,0.0011111448
10905,0.0010600192
10906,0.0019089654
10907,0.0023876592
10908,0.0027652108
10909,0.0024071676
10910,0.0012229898
10911,0.001729148
10912,0.0042986204
10913,0.0042753685
10914,0.0019508288
10915,0.001220727
10916,0.0008574163
10917,0.001119729
10918,0.0010773396
10919,0.0012536607
10920,0.0016728394
10921,0.0018777148
10922,0.0017090185
10923,0.0021260427
10924,0.002052945
10925,0.0017027571
10926,0.0014238788
10927,0.0019020465
10928,0.0017657888
10929,0.0012187943
10930,0.001425309
10931,0.0028811244
10932,0.0051718852
10933,0.005556101
10934,0.0030061267
10935,0.0014724534
10936,0.001555667
10937,0.0015457198
10938,0.0015517708
10939,0.0016324408
10940,0.0013837838
10941,0.0011203267
10942,0.0016063636
10943,0.0016123133
10944,0.0012464665
10945,0.0010522482
10946,0.00085629546
10947,0.0012815112
10948,0.0010726289
10949,0.0006692592
10950,0.00089417025
10951,0.0013152245
10952,0.0017223685
10953,0.0026991025
10954,0.0031164559
10955,0.0028163008
10956,0.002391934
10957,0.0021036803
10958,0.0021046484
10959,0.0037579627
10960,0.004176144
10961,0.002300664
10962,0.001136703
10963,0.0017490127
10964,0.0013891156
10965,0.0010464515
10966,0.0008590102
10967,0.0010906833
10968,0.0015266988
10969,0.0028422235
10970,0.0031305442
10971,0.0027582978
10972,0.0021845528
10973,0.0012734692
10974,0.0009558995
10975,0.0008796993
10976,0.0007714748
10977,0.0006354878
10978,0.0008197606
10979,0.00077894586
10980,0.0018011836
10981,0.003397497
10982,0.0039595603
10983,0.0036711185
10984,0.0021532201
10985,0.00086175016
10986,0.0012156381
10987,0.0014911514
10988,0.002033917
10989,0.0
10990,0.0011072877
10991,0.0010032292
10992,0.0008508742
10993,0.00067785784
10994,0.0007676172
10995,0.0024687075
10996,0.0036911212
10997,0.003948608
10998,0.0044688783
10999,0.004040771
11000,0.0018915668
11001,0.000664108
11002,0.0012155423
11003,0.0025399583
11004,0.0042341216
11005,0.004388547
11006,0.0034594657
11007,0.0032261065
11008,0.0029508108
11009,0.002457281
11010,0.002042171
11011,0.002099207
11012,0.002054164
11013,0.0019623716
11014,0.001579469
11015,0.002244002
11016,0.0031692674
11017,0.0032060074
11018,0.0024182412
11019,0.0015814578
11020,0.0006711266
11021,0.0006623527
11022,0.0013238704
11023,0.0017181559
11024,0.0018591161
11025,0.0020748726
11026,0.0022820053
11027,0.0024089443
11028,0.0021757155
11029,0.0023482305
11030,0.0025700983
11031,0.003358537
11032,0.003532286
11033,0.003091562
11034,0.0023641523
11035,0.0016528516
11036,0.0018519638
11037,0.0026778523
11038,0.0023675107
11039,0.0015975522
11040,0.0012257947
11041,0.0011537551
11042,0.0013015666
11043,0.0013504674
11044,0.00099232
11045,0.0009884116
11046,0.0009593641
11047,0.00055500894
11048,0.0010266001
11049,0.0021145262
11050,0.0025255831
11051,0.0017847565
11052,0.0011382126
11053,0.001590285
11054,0.0019444033
11055,0.0016819139
11056,0.0012972439
11057,0.0005845829
11058,0.0007713616
11059,0.0011609471
11060,0.0013146711
11061,0.0008981972
11062,0.0011040238
11063,0.0015520334
11064,0.0017604735
11065,0.001423102
11066,0.0008709882
11067,0.0011403329
11068,0.0014270436
11069,0.0017913325
11070,0.0019059291
11071,0.0018224195
11072,0.0022871902
11073,0.0022891744
11074,0.0012257947
11075,0.0012711817
11076,0.002335841
11077,0.0016882697
11078,0.00091441406
11079,0.0017482637
11080,0.0023510794
11081,0.0023174027
11082,0.0019294526
11083,0.0013050502
11084,0.001236927
11085,0.002313607
11086,0.003376522
11087,0.0028790226
11088,0.0016994551
11089,0.001020829
11090,0.00042567647
11091,0.0006758369
11092,0.0006905761
11093,0.001451431
11094,0.0020419857
11095,0.0016298358
11096,0.0010411817
11097,0.0016714992
11098,0.0026079922
11099,0.0034997223
11100,0.0033518232
11101,0.003955192
11102,0.0038030369
11103,0.0032250779
11104,0.0032230197
11105,0.0027064465
11106,0.0019837746
11107,0.0013100139
11108,0.00094395067
11109,0.00081538205
11110,0.0011726456
11111,0.0011537804
11112,0.0011977664
11113,0.0021215067
11114,0.0030041703
11115,0.0035207404
11116,0.0032849216
11117,0.0020073573
11118,0.0009189858
11119,0.0012879448
11120,0.0017442304
11121,0.001842716
11122,0.0016513718
11123,0.001535784
11124,0.0011568286
11125,0.0009296285
11126,0.0013325912
11127,0.0016363228
11128,0.0015320083
11129,0.0018560922
11130,0.002284822
11131,0.002070548
11132,0.0015118142
11133,0.0013962626
11134,0.0012115613
11135,0.001046674
11136,0.00087797723
11137,0.0010139921
11138,0.0008496762
11139,0.000773923
11140,0.0007593452
11141,0.00058929354
11142,0.00053318497
11143,0.000555795
11144,0.0010375415
11145,0.0014557956
11146,0.0018014259
11147,0.001907135
11148,0.0015632442
11149,0.0012746113
11150,0.0016973132
11151,0.0017972366
11152,0.0014126335
11153,0.00089608855
11154,0.00097061374
11155,0.0010672157
11156,0.0011961616
11157,0.0008558535
11158,0.0005065366
11159,0.00035219386
11160,0.0005618882
11161,0.00063227385
11162,0.0010822989
11163,0.001171404
11164,0.0016759854
11165,0.0021622302
11166,0.0031381582
11167,0.003502158
11168,0.0035170517
11169,0.003079451
11170,0.0018812608
11171,0.0013217803
11172,0.0008788718
11173,0.00078741857
11174,0.0007129709
11175,0.00090930733
11176,0.0012599131
11177,0.001178266
11178,0.0012780773
11179,0.0013471878
11180,0.0015866023
11181,0.0012065062
11182,0.0006953221
11183,0.0010919634
11184,0.0015221359
11185,0.0014888857
11186,0.00081370276
11187,0.0004488393
11188,0.0009962132
11189,0.0010791481
11190,0.00086100685
11191,0.0008373934
11192,0.0010489793
11193,0.0012063131
11194,0.0012665715
11195,0.0011201968
11196,0.00050081615
11197,0.0003775587
11198,0.0004601733
11199,0.00085135293
11200,0.00091326755
11201,0.0011495855
11202,0.0008892091
11203,0.0010597996
11204,0.0013784945
11205,0.0011457562
11206,0.0008390947
11207,0.00074236793
11208,0.0007585399
11209,0.0011472539
11210,0.0019146741
11211,0.0016897516
11212,0.0006350297
11213,0.0010632267
11214,0.0014215263
11215,0.0017586375
11216,0.0014961591
11217,0.000831464
11218,0.0005352552
11219,0.0012078081
11220,0.0013093028
11221,0.0009942538
11222,0.0014325394
11223,0.0016311032
11224,0.0016279061
11225,0.0013203702
11226,0.0012793746
11227,0.001596477
11228,0.0017373256
11229,0.0013456963
11230,0.00064786995
11231,0.00089332357
11232,0.0013722734
11233,0.002887431
11234,0.002670408
11235,0.001062049
11236,0.0013568315
11237,0.0015025066
11238,0.0016329221
11239,0.0019107331
11240,0.0018554336
11241,0.002315782
11242,0.0024557763
11243,0.0020169613
11244,0.001970807
11245,0.00424077
11246,0.0043451865
11247,0.001777829
11248,0.001393216
11249,0.0010413774
11250,0.0011626256
11251,0.0009085068
11252,0.0008521047
11253,0.0011302325
11254,0.0014655191
11255,0.0014586117
11256,0.00081431057
11257,0.0011184287
11258,0.0013253205
11259,0.0019357023
11260,0.0022286584
11261,0.0016671405
11262,0.0012895482
11263,0.00094166637
11264,0.0025553918
11265,0.0054532615
11266,0.006200877
11267,0.0034819557
11268,0.0016600378
11269,0.0014495448
11270,0.0010101099
11271,0.0007516019
11272,0.0011179602
11273,0.0011974504
11274,0.0011445872
11275,0.0019283814
11276,0.0021282455
11277,0.0014880644
11278,0.0008509768
11279,0.0008321638
11280,0.0014261866
11281,0.0012630278
11282,0.0007709842
11283,0.0010536577
11284,0.0013043365
11285,0.0017499609
11286,0.002825133
11287,0.0034204882
11288,0.003069587
11289,0.0028167348
11290,0.0024262674
11291,0.002633744
11292,0.0034524421
11293,0.003960876
11294,0.0026204167
11295,0.0010922032
11296,0.0019628017
11297,0.0018359754
11298,0.0014923025
11299,0.00097010384
11300,0.0011325476
11301,0.0014199285
11302,0.0026414678
11303,0.003178886
11304,0.003007888
11305,0.0021452305
11306,0.0008281672
11307,0.0006852029
11308,0.00070186285
11309,0.0008343991
11310,0.0006249587
11311,0.0006983293
11312,0.0007047595
11313,0.001990497
11314,0.00416421
11315,0.0039683855
11316,0.0030109345
11317,0.0020623794
11318,0.001117257
11319,0.001205058
11320,0.0010233916
11321,0.0011090473
11322,0.0
11323,0.0006752337
11324,0.00069887086
11325,0.0006165193
11326,0.000602867
11327,0.0007075621
11328,0.0014554757
11329,0.0027385913
11330,0.0033101726
11331,0.004109716
11332,0.004397259
11333,0.0023361898
11334,0.0011737371
11335,0.0011265441
11336,0.000996476
11337,0.002730865
11338,0.0036045478
11339,0.0034175941
11340,0.003469303
11341,0.0039006507
11342,0.0036650249
11343,0.0030671495
11344,0.0024400589
11345,0.0023023207
11346,0.0017404219
11347,0.0013235186
11348,0.0021978351
11349,0.003601648
11350,0.003555036
11351,0.0025702454
11352,0.002285026
11353,0.0015519771
11354,0.0016094587
11355,0.0021754748
11356,0.0018249729
11357,0.0012946838
11358,0.0017583561
11359,0.0024228583
11360,0.0028729509
11361,0.0029788364
11362,0.002700267
11363,0.0022847713
11364,0.0022843636
11365,0.0022584812
11366,0.0022871774
11367,0.0020169613
11368,0.0018720021
11369,0.0017646016
11370,0.00209782
11371,0.0022350089
11372,0.0019260255
11373,0.0014767166
11374,0.0009721118
11375,0.0007547319
11376,0.00088418723
11377,0.00063195155
11378,0.0008612772
11379,0.0008988774
11380,0.00049178535
11381,0.0011327788
11382,0.002231386
11383,0.0025342111
11384,0.001543685
11385,0.0005237678
11386,0.0015692832
11387,0.0018998724
11388,0.0015580972
11389,0.001233888
11390,0.000521652
11391,0.00068171107
11392,0.0009995089
11393,0.001043025
11394,0.0007688295
11395,0.0011588144
11396,0.0013610078
11397,0.0011684437
11398,0.0007343267
11399,0.00082580926
11400,0.0011042873
11401,0.0013974294
11402,0.0015165808
11403,0.0015126033
11404,0.0016517772
11405,0.0027203045
11406,0.0025854306
11407,0.0012659968
11408,0.001378769
11409,0.0022015795
11410,0.0015755023
11411,0.0011768326
11412,0.0015374887
11413,0.0023024976
11414,0.002456677
11415,0.0017356663
11416,0.0011375475
11417,0.001193531
11418,0.0024522066
11419,0.003674415
11420,0.0026063959
11421,0.00095510756
11422,0.000993346
11423,0.0008712889
11424,0.00088547
11425,0.0005786784
11426,0.0009815269
11427,0.001609115
11428,0.0012610445
11429,0.0011462641
11430,0.0018083919
11431,0.0025546057
11432,0.0027472177
11433,0.0027539367
11434,0.00389043
11435,0.0033054831
11436,0.002028343
11437,0.0022234025
11438,0.002377239
11439,0.00247223
11440,0.0016946188
11441,0.00070834317
11442,0.0004977851
11443,0.0009517192
11444,0.00091629
11445,0.0011240095
11446,0.0023700048
11447,0.0033989018
11448,0.0033474094
11449,0.002808436
11450,0.0017741254
11451,0.0006902389
11452,0.0013780511
11453,0.0016804943
11454,0.0016233228
11455,0.0013891365
11456,0.0009428092
11457,0.0010630898
11458,0.0014353809
11459,0.0018844296
11460,0.0020975007
11461,0.0018459982
11462,0.0018984779
11463,0.0016620877
11464,0.0014220586
11465,0.0014977533
11466,0.0016471012
11467,0.0019823217
11468,0.0017363871
11469,0.0012072538
11470,0.0014634125
11471,0.0014499062
11472,0.0012244644
11473,0.0011188189
11474,0.00087791093
11475,0.00054361776
11476,0.00080144964
11477,0.0010687418
11478,0.0011080498
11479,0.0013219564
11480,0.0017131856
11481,0.0015770717
11482,0.0017392677
11483,0.0019785597
11484,0.0021826604
11485,0.0014584322
11486,0.0015574433
11487,0.0018972358
11488,0.0017260988
11489,0.0020349184
11490,0.0013418628
11491,0.00085649936
11492,0.0006509175
11493,0.00095906074
11494,0.0010488129
11495,0.0011313134
11496,0.0012331802
11497,0.0017568327
11498,0.0019200019
11499,0.0025515049
11500,0.002632307
11501,0.003304488
11502,0.0029932226
11503,0.0020781665
11504,0.001655139
11505,0.0014687922
11506,0.0013607726
11507,0.0008540493
11508,0.0013034659
11509,0.0017713016
11510,0.0016885455
11511,0.0018732456
11512,0.0017609859
11513,0.0016892347
11514,0.0011146229
11515,0.0010149389
11516,0.0015370911
11517,0.0016231436
11518,0.0011797225
11519,0.00080785167
11520,0.00067802955
11521,0.001029007
11522,0.0010760963
11523,0.0009577246
11524,0.0009977603
11525,0.0010857355
11526,0.0010076578
11527,0.00122883
11528,0.0013825002
11529,0.0009919093
11530,0.0008199026
11531,0.00095297216
11532,0.0011385961
11533,0.0011945791
11534,0.0010180597
11535,0.0010489793
11536,0.0011828515
11537,0.00131812
11538,0.0011984708
11539,0.00095080136
11540,0.00067845866
11541,0.0005667875
11542,0.0007481476
11543,0.0019130469
11544,0.002054164
11545,0.00092872017
11546,0.0011845726
11547,0.0016069976
11548,0.0016878041
11549,0.0012233229
11550,0.00063287193
11551,0.0006113045
11552,0.0009502808
11553,0.0012657669
11554,0.001586217
11555,0.001992061
11556,0.001576481
11557,0.001050615
11558,0.0012546121
11559,0.0010618571
11560,0.0014218539
11561,0.0021951983
11562,0.0020569814
11563,0.0009767413
11564,0.0008821441
11565,0.0015360115
11566,0.0023680516
11567,0.0023264776
11568,0.0015554425
11569,0.0016238248
11570,0.0022243971
11571,0.0020464847
11572,0.0016048228
11573,0.0011136302
11574,0.0017757324
11575,0.0024866208
11576,0.002156529
11577,0.0018375916
11578,0.004199855
11579,0.004210866
11580,0.0017649644
11581,0.0010853333
11582,0.0011482936
11583,0.0012649159
11584,0.0013128988
11585,0.0013390402
11586,0.0014766575
11587,0.0019180911
11588,0.0021943497
11589,0.0017550592
11590,0.0013034659
11591,0.0007899279
11592,0.00160888
11593,0.0019831876
11594,0.001890397
11595,0.0018606653
11596,0.0013018796
11597,0.0017126929
11598,0.004896223
11599,0.006582249
11600,0.004607226
11601,0.0024957568
11602,0.0010842333
11603,0.0007330574
11604,0.0008037704
11605,0.0012004605
11606,0.0012724631
11607,0.0013434018
11608,0.0021530308
11609,0.0025832457
11610,0.0018217167
11611,0.0007045117
11612,0.00075857824
11613,0.0013771638
11614,0.0014924975
11615,0.0007149276
11616,0.0005203113
11617,0.0009024642
11618,0.0017366386
11619,0.0035386824
11620,0.0037441289
11621,0.002585138
11622,0.002767641
11623,0.0024787197
11624,0.0030158989
11625,0.0039860723
11626,0.004007408
11627,0.0026567278
11628,0.0010115495
11629,0.0019142788
11630,0.0022276002
11631,0.0019128186
11632,0.00096127344
11633,0.001477229
11634,0.00185885
11635,0.0024985422
11636,0.0032581266
11637,0.003046804
11638,0.0020873332
11639,0.0011705093
11640,0.0009615156
11641,0.00088953634
11642,0.00069887086
11643,0.00042265744
11644,0.0009219895
11645,0.0016075227
11646,0.0021643962
11647,0.0040102755
11648,0.0037926456
11649,0.00197672
11650,0.0013732698
11651,0.001202592
11652,0.0012617137
11653,0.001021513
11654,0.0010098218
11655,0.0
11656,0.0005666848
11657,0.0007981382
11658,0.0007557723
11659,0.0006844804
11660,0.0013182084
11661,0.0016865622
11662,0.0019601309
11663,0.0023122102
11664,0.0038996208
11665,0.004466794
11666,0.0027462111
11667,0.0017567499
11668,0.0015444579
11669,0.0011396691
11670,0.0012636267
11671,0.0025618752
11672,0.0031597854
11673,0.0030058944
11674,0.0032716673
11675,0.0036065334
11676,0.0033766686
11677,0.0025980861
11678,0.0017172918
11679,0.001017974
11680,0.0007606472
11681,0.0015346656
11682,0.003698856
11683,0.0039917193
11684,0.0025237848
11685,0.0026791452
11686,0.00218949
11687,0.0019330543
11688,0.0029199957
11689,0.0027240359
11690,0.0021853256
11691,0.0020823635
11692,0.0022527007
11693,0.0023480817
11694,0.0024606897
11695,0.0019789713
11696,0.0017052337
11697,0.0016917312
11698,0.002104109
11699,0.0022552314
11700,0.0018746123
11701,0.0016106698
11702,0.0013523196
11703,0.0017901298
11704,0.0020039182
11705,0.0018199584
11706,0.0013671526
11707,0.0009874394
11708,0.0007693971
11709,0.000860804
11710,0.00073262054
11711,0.00085758604
11712,0.0008982944
11713,0.0004909561
11714,0.0011496361
11715,0.0022760544
11716,0.0024515775
11717,0.0013810468
11718,0.0007837509
11719,0.0015288134
11720,0.0015072254
11721,0.0012553078
11722,0.0010770966
11723,0.0007104765
11724,0.00079342036
11725,0.00090039783
11726,0.00086934934
11727,0.0006895639
11728,0.00076655485
11729,0.0008319889
11730,0.00047104948
11731,0.00060363894
11732,0.00070302293
11733,0.00086276274
11734,0.0013744773
11735,0.0014834023
11736,0.0013035999
11737,0.0014917564
11738,0.0025452466
11739,0.0024316832
11740,0.0012665944
11741,0.0015392292
11742,0.0019018169
11743,0.0011670231
11744,0.0012717082
11745,0.0014990158
11746,0.0020066758
11747,0.0021753276
11748,0.0013175459
11749,0.0012433338
11750,0.0015931922
11751,0.0020819162
11752,0.003102069
11753,0.0024953603
11754,0.0014282463
11755,0.001415926
11756,0.0015089237
11757,0.0014027508
11758,0.0013068777
11759,0.0013163304
11760,0.0012326372
11761,0.0011295112
11762,0.0012499873
11763,0.0015983536
11764,0.0019520668
11765,0.0019320302
11766,0.0024792245
11767,0.0036382214
11768,0.003221475
11769,0.0017397362
11770,0.0012382439
11771,0.0013986576
11772,0.0021954104
11773,0.0019844787
11774,0.0010948647
11775,0.00058929354
11776,0.0008736573
11777,0.0011762884
11778,0.0017748963
11779,0.0024064784
11780,0.003235151
11781,0.00309822
11782,0.0020910804
11783,0.0013263522
11784,0.00060088444
11785,0.001124993
11786,0.0014745273
11787,0.0014326004
11788,0.0015465105
11789,0.0013802036
11790,0.0018735252
11791,0.0020779704
11792,0.0020385336
11793,0.0018854332
11794,0.0015700619
11795,0.0016630155
11796,0.0013206127
11797,0.00074608304
11798,0.0005829876
11799,0.001144816
11800,0.002340546
11801,0.0022936834
11802,0.0011622501
11803,0.001187272
11804,0.001386893
11805,0.0011472539
11806,0.0011778214
11807,0.00093853957
11808,0.0008495049
11809,0.0011505218
11810,0.0014878688
11811,0.0010700753
11812,0.00095468084
11813,0.0010173161
11814,0.0010633909
11815,0.0013489149
11816,0.0015664245
11817,0.0017752078
11818,0.0011455276
11819,0.0022212416
11820,0.0025356691
11821,0.0019731391
11822,0.0025870623
11823,0.002290814
11824,0.001518422
11825,0.0007811844
11826,0.0011920182
11827,0.001080388
11828,0.0010093029
11829,0.0015939593
11830,0.0018053475
11831,0.0015206246
11832,0.0011397457
11833,0.0012873572
11834,0.002280653
11835,0.0025071588
11836,0.0018681893
11837,0.0009701938
11838,0.0012822831
11839,0.0013935294
11840,0.0014030206
11841,0.001713831
11842,0.0019129557
11843,0.0016953573
11844,0.0016860099
11845,0.0016516891
11846,0.0013181863
11847,0.00087438984
11848,0.0008496077
11849,0.0013335082
11850,0.0012435679
11851,0.000974504
11852,0.00078482705
11853,0.0006931421
11854,0.0010319444
11855,0.0012166433
11856,0.0012682707
11857,0.0013430985
11858,0.0013902466
11859,0.0015854829
11860,0.0015961488
11861,0.0017077748
11862,0.0012707924
11863,0.0010899625
11864,0.0011556959
11865,0.0010504487
11866,0.00112688
11867,0.0012718684
11868,0.0015784183
11869,0.0016280492
11870,0.0014583324
11871,0.0013048049
11872,0.0009251093
11873,0.0009971767
11874,0.0012280719
11875,0.0014733031
11876,0.002179311
11877,0.002569362
11878,0.0013846668
11879,0.0010077734
11880,0.0015861436
11881,0.0016769749
11882,0.0015068972
11883,0.0010370365
11884,0.0010669429
11885,0.0015222124
11886,0.0020801262
11887,0.002803042
11888,0.0031839905
11889,0.0018420999
11890,0.0006329639
11891,0.0011922378
11892,0.0011304899
11893,0.0010259196
11894,0.0019087367
11895,0.0021910446
11896,0.001386767
11897,0.00067845866
11898,0.0012616444
11899,0.0021658614
11900,0.0025088298
11901,0.0023694767
11902,0.0022992215
11903,0.0024352472
11904,0.0017480307
11905,0.0010543205
11906,0.0010587554
11907,0.0012560495
11908,0.001801636
11909,0.0018172539
11910,0.0021433167
11911,0.004336155
11912,0.0043584947
11913,0.0016485848
11914,0.0012839389
11915,0.0011607467
11916,0.0011045772
11917,0.0017246144
11918,0.0021677685
11919,0.0017624892
11920,0.0021231112
11921,0.0024769108
11922,0.0026238242
11923,0.0020341317
11924,0.001144816
11925,0.0013277339
11926,0.0016528516
11927,0.001893074
11928,0.0020387764
11929,0.0012355616
11930,0.0010477023
11931,0.0046210582
11932,0.006237113
11933,0.0047327466
11934,0.0037912948
11935,0.0024077601
11936,0.0009472747
11937,0.0007372143
11938,0.0008322687
11939,0.001086325
11940,0.0014826369
11941,0.0022371695
11942,0.0027391757
11943,0.0021988412
11944,0.0011957479
11945,0.0010410141
11946,0.0011385961
11947,0.0014286131
11948,0.001081761
11949,0.0006995369
11950,0.00087182317
11951,0.001095157
11952,0.0033691616
11953,0.004270328
11954,0.002949558
11955,0.002320189
11956,0.00252609
11957,0.0035826243
11958,0.004978272
11959,0.004086686
11960,0.00196865
11961,0.0008831333
11962,0.0019236668
11963,0.0024668796
11964,0.0021831137
11965,0.0013182304
11966,0.0013989281
11967,0.0016126562
11968,0.0022896575
11969,0.003450621
11970,0.0033040212
11971,0.0019582293
11972,0.0009341258
11973,0.0006977456
11974,0.0007303925
11975,0.00081887253
11976,0.0007795061
11977,0.0020809234
11978,0.0027598906
11979,0.002547761
11980,0.0035508992
11981,0.003267145
11982,0.0014478975
11983,0.001149712
11984,0.0012190092
11985,0.0010591127
11986,0.00078438193
11987,0.0006747163
11988,0.0
11989,0.0010374013
11990,0.0011886685
11991,0.00080170383
11992,0.0006691288
11993,0.0014517717
11994,0.0015397395
11995,0.0014096017
11996,0.0014526936
11997,0.0031924343
11998,0.0040510865
11999,0.0027062637
12000,0.0023572359
12001,0.0021642079
12002,0.0016170717
12003,0.0014586516
12004,0.0016473134
12005,0.0023543697
12006,0.0024254275
12007,0.002316184
12008,0.0031900269
12009,0.0033734953
12010,0.0030662385
12011,0.0015882707
12012,0.0005472462
12013,0.0008880956
12014,0.0016872351
12015,0.0032476676
12016,0.0038805055
12017,0.0028267086
12018,0.002838709
12019,0.0024982044
12020,0.001185604
12021,0.002429995
12022,0.002419601
12023,0.0019979111
12024,0.0017463482
12025,0.0018924897
12026,0.001789333
12027,0.0015869141
12028,0.0014736191
12029,0.0016355044
12030,0.0018195267
12031,0.002082741
12032,0.0019535422
12033,0.0017989847
12034,0.0016676642
12035,0.0017866797
12036,0.001773584
12037,0.0018806884
12038,0.0018002946
12039,0.0012452751
12040,0.0010241877
12041,0.001361692
12042,0.0013375832
12043,0.0010405947
12044,0.000769624
12045,0.000920726
12046,0.0009892063
12047,0.0013153793
12048,0.0022318424
12049,0.002481149
12050,0.001485598
12051,0.0011372917
12052,0.0017291649
12053,0.0014839516
12054,0.0012591275
12055,0.0010552587
12056,0.0011305929
12057,0.0010595248
12058,0.0009632394
12059,0.0009571774
12060,0.000962907
12061,0.0010196023
12062,0.0010515841
12063,0.00089104014
12064,0.0004167633
12065,0.00035359588
12066,0.0006323659
12067,0.0012751136
12068,0.001625079
12069,0.0013983455
12070,0.0015587882
12071,0.0023158323
12072,0.0018673947
12073,0.0014704161
12074,0.0017767155
12075,0.0015202418
12076,0.0008047836
12077,0.0011973532
12078,0.0012508718
12079,0.0014218744
12080,0.0014620596
12081,0.0010621586
12082,0.0012907664
12083,0.0016650793
12084,0.0017439801
12085,0.0019459294
12086,0.0017224362
12087,0.0019971097
12088,0.001979589
12089,0.001828653
12090,0.0015578917
12091,0.0017054385
12092,0.0017827497
12093,0.0016159555
12094,0.0012629586
12095,0.0012405686
12096,0.0013195765
12097,0.0014245941
12098,0.0018788459
12099,0.0026930466
12100,0.003346505
12101,0.0025040924
12102,0.0018112543
12103,0.0018305937
12104,0.0011655757
12105,0.0017078941
12106,0.0019960748
12107,0.0012181733
12108,0.00078612386
12109,0.0011881052
12110,0.0015102348
12111,0.0019632168
12112,0.0021442536
12113,0.0023458495
12114,0.002180766
12115,0.001933506
12116,0.0016098385
12117,0.0010488683
12118,0.0010424947
12119,0.0015151601
12120,0.0015837197
12121,0.0014088168
12122,0.0017367057
12123,0.0021111928
12124,0.0021695534
12125,0.0017223516
12126,0.0014491432
12127,0.0009363664
12128,0.0009851378
12129,0.00075688824
12130,0.0006398238
12131,0.00052615174
12132,0.0006888038
12133,0.002343218
12134,0.0027221441
12135,0.0017232301
12136,0.0008010138
12137,0.00082893996
12138,0.00072663726
12139,0.0010519715
12140,0.0009820604
12141,0.0011039446
12142,0.0013078349
12143,0.0012090363
12144,0.0008055788
12145,0.000688677
12146,0.00069970323
12147,0.0008051813
12148,0.0009485949
12149,0.0010989772
12150,0.0010151969
12151,0.0011829499
12152,0.002370717
12153,0.0029193677
12154,0.0021709213
12155,0.002161207
12156,0.0023860375
12157,0.001679888
12158,0.0008821771
12159,0.0014502273
12160,0.0012292563
12161,0.00044851497
12162,0.0015942149
12163,0.0020569814
12164,0.0018326752
12165,0.0011013051
12166,0.0010358291
12167,0.001976499
12168,0.0023890971
12169,0.0016410471
12170,0.00069636776
12171,0.0010381305
12172,0.0011644766
12173,0.0015845832
12174,0.0017833046
12175,0.0019212445
12176,0.001827666
12177,0.0014944269
12178,0.0011463912
12179,0.0007575032
12180,0.000613538
12181,0.00093053596
12182,0.0013063654
12183,0.0012338645
12184,0.0010247842
12185,0.00092205266
12186,0.0011504712
12187,0.0017771249
12188,0.0018463135
12189,0.0016156313
12190,0.0012469101
12191,0.00094166637
12192,0.001673222
12193,0.0019723128
12194,0.0014088994
12195,0.0011441039
12196,0.0014016093
12197,0.0015473006
12198,0.001201236
12199,0.0011155886
12200,0.0013945106
12201,0.0013797819
12202,0.0012019384
12203,0.0008271826
12204,0.00076453993
12205,0.0009786761
12206,0.0014808102
12207,0.0017967832
12208,0.0018593352
12209,0.0024951503
12210,0.002868429
12211,0.001962505
12212,0.0013382358
12213,0.0013111909
12214,0.0015725994
12215,0.0018803788
12216,0.0014118091
12217,0.0014822836
12218,0.0015084994
12219,0.0014811443
12220,0.0026261858
12221,0.0034068727
12222,0.0027033368
12223,0.0013057414
12224,0.0015822304
12225,0.0016723522
12226,0.0012536142
12227,0.001813342
12228,0.0019886247
12229,0.0013216701
12230,0.0010065308
12231,0.0010248694
12232,0.001564584
12233,0.002247747
12234,0.003615343
12235,0.0036568842
12236,0.0032324602
12237,0.0015996641
12238,0.0010359976
12239,0.0011043136
12240,0.0009202201
12241,0.0013758952
12242,0.0015301073
12243,0.0018897504
12244,0.0038700663
12245,0.0037370173
12246,0.001452353
12247,0.0015608965
12248,0.0015858867
12249,0.001928487
12250,0.0024015633
12251,0.0025184746
12252,0.001787608
12253,0.0020402034
12254,0.0022301334
12255,0.0028056884
12256,0.0020116153
12257,0.0015127572
12258,0.00080046855
12259,0.000695615
12260,0.0012196298
12261,0.0020261034
12262,0.0017188841
12263,0.00095617346
12264,0.0034592722
12265,0.005075595
12266,0.0044407994
12267,0.0042886157
12268,0.0036980063
12269,0.002191576
12270,0.0013967836
12271,0.001038747
12272,0.0011555952
12273,0.0014859115
12274,0.0020080677
12275,0.0025623525
12276,0.0020450763
12277,0.001598299
12278,0.0011292793
12279,0.00088296854
12280,0.0012237749
12281,0.0014824603
12282,0.0010887603
12283,0.0007375695
12284,0.0009049118
12285,0.0031418381
12286,0.0048778984
12287,0.0040903944
12288,0.0021591727
12289,0.0022051986
12290,0.0036627927
12291,0.005481814
12292,0.004444782
12293,0.0016840927
12294,0.0007618706
12295,0.0020264194
12296,0.0024646488
12297,0.0019093464
12298,0.0013995313
12299,0.0014836574
12300,0.0016015006
12301,0.0025247764
12302,0.0036353965
12303,0.0030447976
12304,0.0014764209
12305,0.00077158795
12306,0.000785346
12307,0.000953308
12308,0.00096887304
12309,0.00096511084
12310,0.0031490275
12311,0.003822281
12312,0.0024561912
12313,0.0023791972
12314,0.002343665
12315,0.0012435445
12316,0.00085401523
12317,0.0008153107
12318,0.00079316355
12319,0.00074048375
12320,0.00070207013
12321,0.0
12322,0.0011539065
12323,0.0015695428
12324,0.0011704346
12325,0.0010858963
12326,0.0017543958
12327,0.0015598334
12328,0.0012914877
12329,0.0013832158
12330,0.0026271718
12331,0.003514568
12332,0.0028553817
12333,0.002589109
12334,0.002795067
12335,0.002651574
12336,0.0024153271
12337,0.0018615567
12338,0.0014517918
12339,0.0019387671
12340,0.0022090094
12341,0.0024877794
12342,0.0031101366
12343,0.0034171343
12344,0.0029983036
12345,0.0020777883
12346,0.0011080235
12347,0.0018201184
12348,0.0030648713
12349,0.0035175646
12350,0.0027609344
12351,0.0029388622
12352,0.0026671472
12353,0.00091384095
12354,0.0012783505
12355,0.0017132876
12356,0.0017218615
12357,0.0014667498
12358,0.0015881606
12359,0.0012809433
12360,0.0011542595
12361,0.0011807336
12362,0.0012458827
12363,0.0011486483
12364,0.0014103653
12365,0.0016131795
12366,0.0018303551
12367,0.0017950005
12368,0.0015832786
12369,0.0016030082
12370,0.0013350568
12371,0.0011464927
12372,0.0009838074
12373,0.0011509012
12374,0.0014763814
12375,0.0011199369
12376,0.00086222286
12377,0.0007601496
12378,0.0010785006
12379,0.00137822
12380,0.0015614185
12381,0.0021103655
12382,0.0025232888
12383,0.0015416852
12384,0.0013540618
12385,0.0018653206
12386,0.0019681177
12387,0.0017511746
12388,0.0013986368
12389,0.001435462
12390,0.0014908977
12391,0.0017727141
12392,0.0017022272
12393,0.0014426416
12394,0.0011163971
12395,0.0011702109
12396,0.0009970308
12397,0.0005082574
12398,0.0007650727
12399,0.001130387
12400,0.0013326786
12401,0.0015599267
12402,0.0012672147
12403,0.001233888
12404,0.0016712205
12405,0.0014913856
12406,0.0016249357
12407,0.0016558423
12408,0.0011721988
12409,0.0011897943
12410,0.0015139687
12411,0.0013547493
12412,0.0010436666
12413,0.0009006241
12414,0.00091895415
12415,0.0010860572
12416,0.0010629803
12417,0.00087342405
12418,0.0010099083
12419,0.001332482
12420,0.0017959893
12421,0.0018629944
12422,0.0019296788
12423,0.0017459983
12424,0.0018950255
12425,0.0016243086
12426,0.0016081925
12427,0.0013804989
12428,0.0012613215
12429,0.0011502182
12430,0.0016898549
12431,0.0021535174
12432,0.002960677
12433,0.0028577556
12434,0.0016469422
12435,0.001468812
12436,0.0017410239
12437,0.0015739128
12438,0.0017079794
12439,0.0018750934
12440,0.0014623383
12441,0.0012814204
12442,0.0017728946
12443,0.0017979651
12444,0.0017643212
12445,0.0014377512
12446,0.0013845827
12447,0.0018387474
12448,0.0019522307
12449,0.0014974035
12450,0.0013790856
12451,0.0010331282
12452,0.001345242
12453,0.0018360071
12454,0.00154491
12455,0.0018113025
12456,0.0018148018
12457,0.0018267741
12458,0.001187272
12459,0.0008663983
12460,0.0007123992
12461,0.0010888138
12462,0.0008066258
12463,0.0009132038
12464,0.00095156627
12465,0.00078215246
12466,0.0018706803
12467,0.0026199722
12468,0.0020791325
12469,0.0007615267
12470,0.00073468336
12471,0.00073753006
12472,0.0009085068
12473,0.0010259196
12474,0.0011816944
12475,0.001052884
12476,0.00080148596
12477,0.00075357413
12478,0.00076164136
12479,0.0005130449
12480,0.00040686925
12481,0.00081833923
12482,0.0008125574
12483,0.00083048333
12484,0.0014785483
12485,0.002241822
12486,0.0027515262
12487,0.0020316406
12488,0.0010393913
12489,0.0021344586
12490,0.0019262522
12491,0.0011970615
12492,0.0016570897
12493,0.0014984139
12494,0.0009057798
12495,0.0014265132
12496,0.001805138
12497,0.0017857673
12498,0.0010445307
12499,0.00086259405
12500,0.0016928662
12501,0.002679091
12502,0.0019583632
12503,0.000724672
12504,0.0008459688
12505,0.0012291615
12506,0.0015968052
12507,0.0021480776
12508,0.0020557502
12509,0.0019096056
12510,0.0012203455
12511,0.00094413565
12512,0.0006270044
12513,0.00065581733
12514,0.00093826046
12515,0.0010445586
12516,0.0008384007
12517,0.00082146295
12518,0.0011632512
12519,0.0016505256
12520,0.0019806912
12521,0.0018682049
12522,0.0013722734
12523,0.0010514734
12524,0.00085534324
12525,0.0019925286
12526,0.0021786832
12527,0.0008759196
12528,0.00115267
12529,0.0016590381
12530,0.0013822897
12531,0.0010938541
12532,0.0010779068
12533,0.0012465366
12534,0.00092120003
12535,0.00090381765
12536,0.00070165546
12537,0.00094862556
12538,0.0013253425
12539,0.0018380824
12540,0.001993098
12541,0.002014088
12542,0.002784729
12543,0.002985229
12544,0.00231685
12545,0.0014133338
12546,0.0012380088
12547,0.0012455556
12548,0.0017614486
12549,0.001838969
12550,0.0019471255
12551,0.0013804778
12552,0.0008649526
12553,0.0023761124
12554,0.0032973993
12555,0.002961316
12556,0.0018646652
12557,0.0016706458
12558,0.0021962323
12559,0.001991155
12560,0.0019215021
12561,0.0014940568
12562,0.0010723303
12563,0.0010070512
12564,0.0013010746
12565,0.0017585217
12566,0.0027789958
12567,0.004384991
12568,0.00490917
12569,0.004725571
12570,0.0037624675
12571,0.002600001
12572,0.0010481466
12573,0.00054442027
12574,0.0010695312
12575,0.001058728
12576,0.0013915229
12577,0.0034535127
12578,0.0034688753
12579,0.0016531333
12580,0.0026316766
12581,0.00264929
12582,0.0032697986
12583,0.0030334112
12584,0.0028984973
12585,0.0019700835
12586,0.0014434484
12587,0.0020932923
12588,0.0029296975
12589,0.002973693
12590,0.002722593
12591,0.001378389
12592,0.0004503282
12593,0.0009080582
12594,0.0016500319
12595,0.0015529145
12596,0.0011772282
12597,0.0025747144
12598,0.00378747
12599,0.0031448472
12600,0.003481571
12601,0.003541913
12602,0.0023467552
12603,0.0017018339
12604,0.0011504459
12605,0.0008683109
12606,0.0011331128
12607,0.0021147327
12608,0.002201976
12609,0.0014472139
12610,0.0014357256
12611,0.00095690374
12612,0.00045960373
12613,0.00084335014
12614,0.0015759271
12615,0.0013918157
12616,0.0009152094
12617,0.0007625197
12618,0.0021151043
12619,0.004618204
12620,0.004582682
12621,0.0025349804
12622,0.0027833385
12623,0.003802486
12624,0.0053841043
12625,0.004616017
12626,0.0016555435
12627,0.0009966512
12628,0.0018741309
12629,0.002133845
12630,0.001647596
12631,0.00163465
12632,0.0019495604
12633,0.0019169679
12634,0.0025480464
12635,0.0031404945
12636,0.002841906
12637,0.0016544355
12638,0.0007622143
12639,0.00075923017
12640,0.0007439344
12641,0.0006339747
12642,0.0012922988
12643,0.003810537
12644,0.004099449
12645,0.0020815528
12646,0.0018071682
12647,0.0016947219
12648,0.0009816454
12649,0.0005993811
12650,0.00060479494
12651,0.0007431124
12652,0.00075907685
12653,0.0006102085
12654,0.0
12655,0.0013236285
12656,0.0016547873
12657,0.0009839553
12658,0.000832863
12659,0.001549481
12660,0.0015306209
12661,0.0016044237
12662,0.0018548688
12663,0.0024911112
12664,0.0028657087
12665,0.0023484288
12666,0.0022547538
12667,0.002775852
12668,0.0031980362
12669,0.0035398663
12670,0.0029981094
12671,0.0019311262
12672,0.0011131598
12673,0.0016561762
12674,0.0016662674
12675,0.0019308549
12676,0.0026651497
12677,0.0027313977
12678,0.0023126001
12679,0.0015903217
12680,0.001851508
12681,0.0026037146
12682,0.0033185587
12683,0.002877091
12684,0.0028664195
12685,0.0029148182
12686,0.0013790645
12687,0.0011743817
12688,0.0016607739
12689,0.0018094054
12690,0.0016176476
12691,0.001395929
12692,0.00080860785
12693,0.0004503282
12694,0.0005825881
12695,0.00084279774
12696,0.0011061043
12697,0.0013046265
12698,0.0014833827
12699,0.0016086629
12700,0.0017039019
12701,0.0015256118
12702,0.0016376917
12703,0.0012688442
12704,0.001032621
12705,0.0009791221
12706,0.0015964041
12707,0.0016588627
12708,0.0013719765
12709,0.0012721886
12710,0.0011844988
12711,0.0010192882
12712,0.0010117509
12713,0.0010292899
12714,0.0014392888
12715,0.0023050243
12716,0.0016635054
12717,0.00095860544
12718,0.0015780126
12719,0.002203852
12720,0.001980559
12721,0.0016769749
12722,0.0014998893
12723,0.0017413915
12724,0.002034618
12725,0.0018779627
12726,0.0016413131
12727,0.00096785114
12728,0.0011841302
12729,0.0013797396
12730,0.001318672
12731,0.0013011417
12732,0.002074003
12733,0.001882328
12734,0.0016583538
12735,0.001579469
12736,0.0012393716
12737,0.0011775495
12738,0.0012773484
12739,0.0016038613
12740,0.0012020837
12741,0.0012816248
12742,0.0015853544
12743,0.001963039
12744,0.0015614931
12745,0.0009518415
12746,0.0012857963
12747,0.0017457649
12748,0.0017703155
12749,0.0014428635
12750,0.0010734425
12751,0.00069204957
12752,0.0007310298
12753,0.001222728
12754,0.0013150916
12755,0.0015871892
12756,0.0017565014
12757,0.0018003108
12758,0.0012477034
12759,0.0012225852
12760,0.0012924789
12761,0.0011764121
12762,0.0015498003
12763,0.0020533563
12764,0.0024559542
12765,0.0027796347
12766,0.0021847927
12767,0.001075041
12768,0.0007141537
12769,0.0010368961
12770,0.0015363714
12771,0.0018181505
12772,0.002117992
12773,0.002057788
12774,0.0019210931
12775,0.0019836426
12776,0.0016492027
12777,0.0011810539
12778,0.0007777868
12779,0.0008017401
12780,0.0014261663
12781,0.0017293836
12782,0.001832437
12783,0.0019216081
12784,0.0018277775
12785,0.001418021
12786,0.0015635419
12787,0.0015918398
12788,0.001815347
12789,0.0016672977
12790,0.0012791699
12791,0.00085001864
12792,0.00092400756
12793,0.00083860895
12794,0.0010456446
12795,0.0010353794
12796,0.00095474184
12797,0.0010284978
12798,0.00071162253
12799,0.0012560495
12800,0.002319888
12801,0.0021081164
12802,0.0009999165
12803,0.0007469407
12804,0.0006605047
12805,0.0007681857
12806,0.00084134616
12807,0.00066799694
12808,0.0005523281
12809,0.0007081788
12810,0.00078159414
12811,0.00082690106
12812,0.0007062446
12813,0.00073918555
12814,0.0009379502
12815,0.00082665466
12816,0.0012610676
12817,0.0017304268
12818,0.0020681852
12819,0.002308519
12820,0.0018884254
12821,0.00085968757
12822,0.0018691706
12823,0.0019596706
12824,0.0016204877
12825,0.0020100232
12826,0.0019266148
12827,0.0016341514
12828,0.0018398867
12829,0.0020000366
12830,0.0017514238
12831,0.0008564314
12832,0.0009151776
12833,0.001791235
12834,0.0025039762
12835,0.0016653414
12836,0.0011016751
12837,0.0014338188
12838,0.001824957
12839,0.0020234443
12840,0.0027391226
12841,0.002483658
12842,0.0021838334
12843,0.0015840505
12844,0.0015488234
12845,0.0011130029
12846,0.0008975165
12847,0.0010661515
12848,0.0010107437
12849,0.00081180484
12850,0.0008749555
12851,0.0014285112
12852,0.0019588387
12853,0.0019091788
12854,0.0014342653
12855,0.00079084845
12856,0.0009282186
12857,0.0007965322
12858,0.0018748296
12859,0.0021001354
12860,0.0010650865
12861,0.0012928166
12862,0.0017879336
12863,0.0012960767
12864,0.0009926719
12865,0.001017545
12866,0.0009885587
12867,0.0006943587
12868,0.001012671
12869,0.00096184853
12870,0.0009953656
12871,0.0013522981
12872,0.0017114859
12873,0.0015809239
12874,0.0017290976
12875,0.0027194805
12876,0.0026497075
12877,0.0022462965
12878,0.0013951991
12879,0.001201236
12880,0.0010702929
12881,0.0013784101
12882,0.0017865984
12883,0.0019499485
12884,0.0012356557
12885,0.00075688824
12886,0.0018391747
12887,0.0025479894
12888,0.003063399
12889,0.0026342743
12890,0.001401007
12891,0.0015284707
12892,0.001568634
12893,0.0011477105
12894,0.00091984053
12895,0.0010912701
12896,0.0010280733
12897,0.0020158645
12898,0.0025141372
12899,0.002536461
12900,0.0031925712
12901,0.0032039278
12902,0.0038505169
12903,0.0047054505
12904,0.0039150096
12905,0.0012349725
12906,0.00054830883
12907,0.0012295166
12908,0.0013154899
12909,0.0012213705
12910,0.0031151108
12911,0.0032824401
12912,0.0020786144
12913,0.003678484
12914,0.0039940663
12915,0.003932707
12916,0.0031428938
12917,0.0022437037
12918,0.0014784893
12919,0.0009854627
12920,0.0017219968
12921,0.0023037486
12922,0.002946448
12923,0.0032003468
12924,0.0021592535
12925,0.0009026254
12926,0.00084217597
12927,0.00109087
12928,0.0011414809
12929,0.0010683604
12930,0.0017699373
12931,0.0027212244
12932,0.0025213272
12933,0.0024547926
12934,0.0026452553
12935,0.0020458302
12936,0.0016617725
12937,0.0011290215
12938,0.0012444803
12939,0.0016148745
12940,0.0026512227
12941,0.002095835
12942,0.0010347608
12943,0.001259451
12944,0.00095174974
12945,0.0008929325
12946,0.001155847
12947,0.0014634125
12948,0.0015786948
12949,0.0011087586
12950,0.0005281944
12951,0.0013676634
12952,0.0037841874
12953,0.0043596765
12954,0.0032950242
12955,0.0035945703
12956,0.0037175824
12957,0.0049865665
12958,0.0044797477
12959,0.0014925365
12960,0.00095909106
12961,0.0013622903
12962,0.0016142797
12963,0.001360516
12964,0.0015511706
12965,0.0020861477
12966,0.0020511297
12967,0.002221949
12968,0.0021941508
12969,0.0020609393
12970,0.0019241206
12971,0.0014068322
12972,0.0009319111
12973,0.0012878771
12974,0.0015235501
12975,0.0021997278
12976,0.0035623636
12977,0.003679718
12978,0.0022073225
12979,0.0015041328
12980,0.001259867
12981,0.0008319889
12982,0.00063945976
12983,0.00050168706
12984,0.00050900126
12985,0.0004846918
12986,0.0007479142
12987,0.0
12988,0.0010953961
12989,0.0015025453
12990,0.0011309789
12991,0.00085036096
12992,0.0012071091
12993,0.0012105039
12994,0.0015911084
12995,0.0020631836
12996,0.0020715597
12997,0.0021721679
12998,0.0021461935
12999,0.0019514405
13000,0.0024096933
13001,0.0030139682
13002,0.0036440403
13003,0.003883729
13004,0.0029110915
13005,0.0014563553
13006,0.0013413421
13007,0.0010465072
13008,0.0016742306
13009,0.0025326258
13010,0.002559079
13011,0.0026654555
13012,0.0019622827
13013,0.0016012097
13014,0.0026066303
13015,0.0035020583
13016,0.0032513128
13017,0.003026832
13018,0.0027751497
13019,0.0013372351
13020,0.00066743034
13021,0.0011629009
13022,0.0016683098
13023,0.001964358
13024,0.0017866147
13025,0.0015443824
13026,0.001075041
13027,0.00078419637
13028,0.0008975165
13029,0.0010223103
13030,0.0011403329
13031,0.001314981
13032,0.0015862536
13033,0.0019062649
13034,0.0022991456
13035,0.0022647996
13036,0.0018431739
13037,0.0010465072
13038,0.0013264399
13039,0.0023111273
13040,0.0021824068
13041,0.002133381
13042,0.0021741232
13043,0.0019504409
13044,0.0015473195
13045,0.0015996277
13046,0.0012680641
13047,0.00088724314
13048,0.00202166
13049,0.0018694819
13050,0.0011166317
13051,0.0011168402
13052,0.001621188
13053,0.0014926925
13054,0.0013362335
13055,0.0014310962
13056,0.0016621753
13057,0.0017458316
13058,0.0019141876
13059,0.0021847927
13060,0.0021347995
13061,0.0018485505
13062,0.0017279863
13063,0.002235738
13064,0.0025344063
13065,0.0031259297
13066,0.0027111308
13067,0.0023274906
13068,0.0019846694
13069,0.0014433073
13070,0.0008015586
13071,0.0012409908
13072,0.0013278434
13073,0.0012353731
13074,0.002039547
13075,0.0022725994
13076,0.001925814
13077,0.0016124035
13078,0.0010261749
13079,0.0020795804
13080,0.0021579862
13081,0.0015233209
13082,0.001610995
13083,0.0013757683
13084,0.00040993356
13085,0.0006721665
13086,0.0009989263
13087,0.0010439175
13088,0.0010184884
13089,0.0015607474
13090,0.0017013379
13091,0.0008809886
13092,0.0006941072
13093,0.00058810704
13094,0.0010795526
13095,0.0015979348
13096,0.0025079828
13097,0.0024083764
13098,0.002222093
13099,0.0019347699
13100,0.0008035893
13101,0.00067721354
13102,0.0011271898
13103,0.0015501007
13104,0.0015533642
13105,0.0019148109
13106,0.00198147
13107,0.0018236646
13108,0.0015695799
13109,0.0011110138
13110,0.00082711224
13111,0.0008041686
13112,0.0006137278
13113,0.001137522
13114,0.0014763223
13115,0.0018171098
13116,0.002013741
13117,0.0026184279
13118,0.001712132
13119,0.0008693828
13120,0.0011986408
13121,0.0013616706
13122,0.0012144166
13123,0.0007319051
13124,0.00060570857
13125,0.00092834403
13126,0.0007007008
13127,0.0007779364
13128,0.0010139921
13129,0.00093325303
13130,0.0008353055
13131,0.00086363935
13132,0.0013141397
13133,0.0018474953
13134,0.0017339383
13135,0.0008521047
13136,0.0005731194
13137,0.0009184473
13138,0.0011519375
13139,0.00093294116
13140,0.0006510516
13141,0.0005914134
13142,0.0004925541
13143,0.00083244353
13144,0.00088793173
13145,0.0007709842
13146,0.0008056149
13147,0.0011399755
13148,0.0014323769
13149,0.0019050431
13150,0.0018721888
13151,0.0017984345
13152,0.0016311924
13153,0.0013878789
13154,0.00063813856
13155,0.0012494284
13156,0.0014238585
13157,0.0013483106
13158,0.0019273094
13159,0.0018653362
13160,0.0016654987
13161,0.0016930553
13162,0.0014758689
13163,0.0012792837
13164,0.0006770846
13165,0.001155847
13166,0.0019630834
13167,0.0022594861
13168,0.0015106972
13169,0.0014936671
13170,0.0016816542
13171,0.002168829
13172,0.0032328744
13173,0.0034897455
13174,0.0029772534
13175,0.0021378782
13176,0.0018736805
13177,0.0019139595
13178,0.0012468868
13179,0.0007795061
13180,0.00071987696
13181,0.0007797301
13182,0.0008788718
13183,0.0010488406
13184,0.0017019536
13185,0.002319524
13186,0.0020680444
13187,0.0011240353
13188,0.00070111605
13189,0.00095547317
13190,0.00076932146
13191,0.001425656
13192,0.0013708305
13193,0.0012067715
13194,0.0013109023
13195,0.0016122772
13196,0.0011393116
13197,0.001075041
13198,0.0010857623
13199,0.00088418723
13200,0.0007650727
13201,0.0010407903
13202,0.00092598976
13203,0.0008896018
13204,0.0013390838
13205,0.001446872
13206,0.0013232327
13207,0.0010948647
13208,0.0021942435
13209,0.0024336812
13210,0.002557714
13211,0.0017167155
13212,0.001561959
13213,0.0011274738
13214,0.0009322858
13215,0.0017813288
13216,0.0019093769
13217,0.00093869463
13218,0.0009879993
13219,0.0017986125
13220,0.0027015384
13221,0.0030363265
13222,0.0026666343
13223,0.0011361908
13224,0.000716879
13225,0.00094951486
13226,0.0008540493
13227,0.0011494589
13228,0.0016556138
13229,0.001474172
13230,0.0028308139
13231,0.0031595828
13232,0.0028827402
13233,0.0032344135
13234,0.0016278526
13235,0.0014389047
13236,0.0047784746
13237,0.004797385
13238,0.0013762759
13239,0.000779954
13240,0.0014057561
13241,0.001563784
13242,0.0011221436
13243,0.002580044
13244,0.0024492615
13245,0.0016169817
13246,0.004330426
13247,0.0048633725
13248,0.0034470765
13249,0.0027344222
13250,0.0014285112
13251,0.0008493336
13252,0.0008339106
13253,0.00095015834
13254,0.0009932874
13255,0.0018562335
13256,0.0030642159
13257,0.002922606
13258,0.0019381816
13259,0.00089417025
13260,0.0008204349
13261,0.0010815726
13262,0.001369641
13263,0.0015861436
13264,0.0018163087
13265,0.0018972204
13266,0.002115297
13267,0.0023675107
13268,0.002261855
13269,0.0018114632
13270,0.0011247342
13271,0.0011965021
13272,0.0018157959
13273,0.002641027
13274,0.0019497544
13275,0.0011701114
13276,0.001289142
13277,0.001073822
13278,0.0011702855
13279,0.0016982388
13280,0.0015607474
13281,0.0014608846
13282,0.0011634014
13283,0.0012297534
13284,0.0017065986
13285,0.0027788386
13286,0.0032802937
13287,0.0035796985
13288,0.004268829
13289,0.0036315036
13290,0.0047378293
13291,0.004193149
13292,0.0012373269
13293,0.0010514734
13294,0.0010677064
13295,0.0010436666
13296,0.0012459061
13297,0.0018000683
13298,0.0021502443
13299,0.0019119512
13300,0.0014159876
13301,0.0011394904
13302,0.0017270934
13303,0.0019842
13304,0.0017434962
13305,0.0015720071
13306,0.0018386682
13307,0.0015149872
13308,0.001961734
13309,0.002889275
13310,0.0027882906
13311,0.002233537
13312,0.0017206948
13313,0.0009992177
13314,0.00063699734
13315,0.0007040571
13316,0.0009795382
13317,0.0012142487
13318,0.0013200175
13319,0.001214081
13320,0.0
13321,0.00093337777
13322,0.001070456
13323,0.0009223998
13324,0.00088822667
13325,0.00089459325
13326,0.00072679744
13327,0.0012985893
13328,0.0020239188
13329,0.0021442398
13330,0.0019208052
13331,0.0019623865
13332,0.0018843214
13333,0.0020513283
13334,0.0026119507
13335,0.0030814444
13336,0.0038579549
13337,0.0035422991
13338,0.0028274397
13339,0.0023864277
13340,0.0026551718
13341,0.0029909173
13342,0.0029341942
13343,0.0017849033
13344,0.0021442536
13345,0.0021881205
13346,0.0015748742
13347,0.0020572646
13348,0.0036274623
13349,0.0036417556
13350,0.0030083624
13351,0.0028401644
13352,0.0012526156
13353,0.0002442598
13354,0.001133421
13355,0.0017025179
13356,0.0019032243
13357,0.0016828307
13358,0.0018091802
13359,0.0015795426
13360,0.0012622902
13361,0.0013166178
13362,0.0011584627
13363,0.00123377
13364,0.0011382126
13365,0.0015181537
13366,0.0017080134
13367,0.0019857248
13368,0.0017323262
13369,0.0017927941
13370,0.0015683371
13371,0.0025013248
13372,0.0030848049
13373,0.0023259395
13374,0.001958705
13375,0.0022295984
13376,0.002225509
13377,0.001948067
13378,0.0023358534
13379,0.0019129557
13380,0.00094515237
13381,0.0017958597
13382,0.0020015058
13383,0.0019163302
13384,0.0013406259
13385,0.0014074941
13386,0.0011036546
13387,0.0009184473
13388,0.0013358196
13389,0.001686821
13390,0.0019871313
13391,0.0020322995
13392,0.002421753
13393,0.0022479154
13394,0.0017425611
13395,0.0016510899
13396,0.001981088
13397,0.0023086073
13398,0.0025676398
13399,0.0024939135
13400,0.0021710151
13401,0.002178349
13402,0.0018000521
13403,0.0011448923
13404,0.0017022272
13405,0.0016458463
13406,0.0023543946
13407,0.0027201332
13408,0.002833722
13409,0.002213971
13410,0.0018497152
13411,0.0013726763
13412,0.0025817808
13413,0.002173601
13414,0.0005037134
13415,0.0013555869
13416,0.0014640886
13417,0.00081737846
13418,0.0008819131
13419,0.0008078877
13420,0.00096336025
13421,0.0011164753
13422,0.0014155766
13423,0.0014778789
13424,0.0007947764
13425,0.00076533895
13426,0.0008168798
13427,0.0012661117
13428,0.0017623571
13429,0.0024085457
13430,0.0027353268
13431,0.0025142299
13432,0.0018826372
13433,0.0011465942
13434,0.0013253425
13435,0.0016976731
13436,0.0018073454
13437,0.0018391747
13438,0.0020946404
13439,0.0020530303
13440,0.0014569147
13441,0.0008343991
13442,0.00093565125
13443,0.0012614138
13444,0.0013344245
13445,0.0013422098
13446,0.0011024409
13447,0.0012630508
13448,0.0014038915
13449,0.0018002784
13450,0.0027129552
13451,0.0022757603
13452,0.0016411181
13453,0.0009837778
13454,0.00082542154
13455,0.0008092195
13456,0.0006964931
13457,0.0006090627
13458,0.00077872165
13459,0.0009765923
13460,0.000688677
13461,0.00068136945
13462,0.000821144
13463,0.00089923345
13464,0.001261852
13465,0.0016655687
13466,0.0016086267
13467,0.0016703671
13468,0.0012623132
13469,0.0010730629
13470,0.00097136304
13471,0.00084428134
13472,0.00060272217
13473,0.00065621664
13474,0.0007745996
13475,0.00071456115
13476,0.0010994272
13477,0.0011088111
13478,0.000846244
13479,0.0009921733
13480,0.0012932668
13481,0.0015285469
13482,0.00153273
13483,0.0014137662
13484,0.0012021805
13485,0.0011989321
13486,0.0009717824
13487,0.0007291961
13488,0.0010389711
13489,0.000813166
13490,0.0007779738
13491,0.0011835402
13492,0.0012338645
13493,0.0011269315
13494,0.0011165014
13495,0.0007947764
13496,0.0009954826
13497,0.00070298155
13498,0.0011800432
13499,0.0019281851
13500,0.0018846303
13501,0.0012223709
13502,0.0014639295
13503,0.0016705587
13504,0.0021097173
13505,0.0030384825
13506,0.0028264306
13507,0.0020185336
13508,0.0014660751
13509,0.0017293332
13510,0.0019662238
13511,0.0012127138
13512,0.0006741122
13513,0.00080720294
13514,0.0007853831
13515,0.0007343267
13516,0.001124993
13517,0.0016159015
13518,0.0020701543
13519,0.002096807
13520,0.0013813208
13521,0.00077872165
13522,0.0008189081
13523,0.0007355148
13524,0.001112035
13525,0.0013132757
13526,0.0011100179
13527,0.0010016613
13528,0.0010488406
13529,0.0010827022
13530,0.00089123606
13531,0.0010402589
13532,0.0011117732
13533,0.00116022
13534,0.0009429327
13535,0.00092777953
13536,0.0009658946
13537,0.0015262413
13538,0.0017954544
13539,0.0017503933
13540,0.0014151242
13541,0.0019360932
13542,0.0020567693
13543,0.0024819348
13544,0.0019011435
13545,0.0016362517
13546,0.0012754331
13547,0.00068694213
13548,0.0016706458
13549,0.0019331145
13550,0.0013542767
13551,0.00118263
13552,0.0017296361
13553,0.0025924004
13554,0.0029878798
13555,0.002423891
13556,0.0011027049
13557,0.00080460275
13558,0.00087485573
13559,0.0009049118
13560,0.0017159863
13561,0.0020209257
13562,0.001528166
13563,0.0029304028
13564,0.0034224533
13565,0.0032349532
13566,0.0038311488
13567,0.003075318
13568,0.0020983608
13569,0.0042913565
13570,0.0052220128
13571,0.0026941486
13572,0.0013930071
13573,0.001708729
13574,0.002032686
13575,0.0018172058
13576,0.0017024494
13577,0.0011788834
13578,0.0015944887
13579,0.004391026
13580,0.0045016143
13581,0.0016795069
13582,0.0016063636
13583,0.0013008509
13584,0.00069444254
13585,0.0011111448
13586,0.00094203715
13587,0.0010719503
13588,0.0015908156
13589,0.0027295966
13590,0.0032372735
13591,0.0023924934
13592,0.0008988774
13593,0.0013221985
13594,0.0019139291
13595,0.001961808
13596,0.0016133058
13597,0.0012751136
13598,0.001140435
13599,0.0016355579
13600,0.0018055249
13601,0.0022199047
13602,0.0019604277
13603,0.0011316478
13604,0.001310236
13605,0.0020076619
13606,0.0023940501
13607,0.0016415259
13608,0.001344766
13609,0.0016784495
13610,0.0017280537
13611,0.0018773737
13612,0.0019727407
13613,0.001485598
13614,0.001222728
13615,0.0013470581
13616,0.0015391725
13617,0.0015123916
13618,0.0018783502
13619,0.0025019995
13620,0.0035964565
13621,0.0042725974
13622,0.0037749547
13623,0.004567727
13624,0.0040238965
13625,0.0021211638
13626,0.0011208461
13627,0.0010272803
13628,0.0009787059
13629,0.0012839616
13630,0.001613396
13631,0.0016407102
13632,0.0012325664
13633,0.00059787394
13634,0.00075047807
13635,0.0009446904
13636,0.0015121414
13637,0.001728441
13638,0.0021808327
13639,0.0022514858
13640,0.0014531544
13641,0.0017902436
13642,0.0024579205
13643,0.0023278657
13644,0.0021336405
13645,0.0016936912
13646,0.0010737949
13647,0.0009112257
13648,0.0009998
13649,0.0014411279
13650,0.001523703
13651,0.001786468
13652,0.0017765517
13653,0.0
13654,0.0007357126
13655,0.00067047577
13656,0.00063631166
13657,0.00097560836
13658,0.0007611062
13659,0.00072643696
13660,0.0014219767
13661,0.0017125569
13662,0.0015030876
13663,0.0014571943
13664,0.0019039429
13665,0.0020075748
13666,0.0022711772
13667,0.0019144613
13668,0.0025808562
13669,0.0036341795
13670,0.0040636677
13671,0.0040164976
13672,0.0036464834
13673,0.0037035584
13674,0.003110071
13675,0.0025434622
13676,0.0015008786
13677,0.0019962934
13678,0.0023460109
13679,0.0018606184
13680,0.002158175
13681,0.0034443906
13682,0.0034827497
13683,0.0029612177
13684,0.0026426245
13685,0.0014710692
13686,0.0010738763
13687,0.0013768679
13688,0.001725593
13689,0.0016058199
13690,0.001536807
13691,0.0023054408
13692,0.0024522303
13693,0.0017977062
13694,0.0013621193
13695,0.0013786845
13696,0.0019120121
13697,0.0013608795
13698,0.0010237898
13699,0.0010526077
13700,0.0009819715
13701,0.00069372973
13702,0.0014928875
13703,0.0016589329
13704,0.0035229882
13705,0.0040000807
13706,0.002326415
13707,0.0018794964
13708,0.0024420498
13709,0.0026083828
13710,0.0019829823
13711,0.0023349437
13712,0.0021634682
13713,0.0013232327
13714,0.001512988
13715,0.0021433032
13716,0.0023767983
13717,0.0019782213
13718,0.0017336026
13719,0.0012718226
13720,0.0010871821
13721,0.0010739847
13722,0.0014903705
13723,0.0016194637
13724,0.0013430552
13725,0.0016225339
13726,0.0015839769
13727,0.0014622785
13728,0.0012780317
13729,0.0011541587
13730,0.0010350139
13731,0.0011563001
13732,0.0015843444
13733,0.0015207969
13734,0.001564584
13735,0.001662578
13736,0.0014771698
13737,0.0018869453
13738,0.0018582079
13739,0.0025626703
13740,0.0024904218
13741,0.0022210581
13742,0.001557163
13743,0.001068769
13744,0.0012681789
13745,0.0026103682
13746,0.0022355558
13747,0.0011396947
13748,0.0011434424
13749,0.0015590308
13750,0.001601755
13751,0.0011829744
13752,0.00069175515
13753,0.001028611
13754,0.0010889742
13755,0.0013876692
13756,0.0013482459
13757,0.00086552446
13758,0.0008858972
13759,0.0007820409
13760,0.0013595315
13761,0.0017278683
13762,0.003035013
13763,0.00377126
13764,0.0030240132
13765,0.0023146004
13766,0.0017301576
13767,0.0016970902
13768,0.0024977152
13769,0.0037464912
13770,0.0040454143
13771,0.0036108806
13772,0.0025558015
13773,0.0012914877
13774,0.0010060102
13775,0.0011207941
13776,0.0012610676
13777,0.0010329029
13778,0.0011376755
13779,0.0010876638
13780,0.0011242942
13781,0.0010193454
13782,0.0016920408
13783,0.0024837283
13784,0.0025555738
13785,0.002072557
13786,0.00068333145
13787,0.0006415046
13788,0.0007284374
13789,0.00075434614
13790,0.0007429558
13791,0.0006323659
13792,0.0009921147
13793,0.0008537085
13794,0.000993844
13795,0.0014053626
13796,0.0015127186
13797,0.0015504949
13798,0.0020299065
13799,0.0019611106
13800,0.0018714735
13801,0.0013370174
13802,0.001017259
13803,0.00091364986
13804,0.0010205439
13805,0.00065909314
13806,0.00072394876
13807,0.0010634457
13808,0.0009287515
13809,0.0012053477
13810,0.0012311488
13811,0.0011652261
13812,0.001269899
13813,0.0013200616
13814,0.0009685125
13815,0.0006280711
13816,0.00089058274
13817,0.00085473055
13818,0.0011225067
13819,0.0011980336
13820,0.0012682707
13821,0.0014030206
13822,0.0011082861
13823,0.00095339963
13824,0.0009220842
13825,0.0006439046
13826,0.0005797336
13827,0.0007560803
13828,0.0008420377
13829,0.0010735239
13830,0.000811769
13831,0.0009431487
13832,0.0017972366
13833,0.001808247
13834,0.0015315713
13835,0.0017964916
13836,0.0019775885
13837,0.0019619118
13838,0.002579548
13839,0.0019620007
13840,0.0008358976
13841,0.0010496727
13842,0.002018995
13843,0.0023325244
13844,0.0014676822
13845,0.00067077955
13846,0.000600836
13847,0.00053427555
13848,0.00059391785
13849,0.0014133338
13850,0.0018373857
13851,0.0016553501
13852,0.0017215742
13853,0.0011094671
13854,0.000537534
13855,0.0007139499
13856,0.0007657951
13857,0.0010441684
13858,0.0010504765
13859,0.0007699265
13860,0.0006076275
13861,0.00069179724
13862,0.0009421298
13863,0.0010178024
13864,0.0013379966
13865,0.001389723
13866,0.0015321033
13867,0.0011048407
13868,0.0006048431
13869,0.0009942538
13870,0.0016636105
13871,0.0021965767
13872,0.0023394143
13873,0.0015346656
13874,0.0014559156
13875,0.0016130713
13876,0.0019609474
13877,0.0016090247
13878,0.0015208926
13879,0.0016382781
13880,0.0008077796
13881,0.0012607444
13882,0.0016463236
13883,0.0012200354
13884,0.00066982437
13885,0.0012976476
13886,0.00218198
13887,0.0026606359
13888,0.0020948627
13889,0.001331302
13890,0.0011564008
13891,0.001075988
13892,0.001148395
13893,0.0022251687
13894,0.0022602458
13895,0.0010338604
13896,0.0020245227
13897,0.0026618824
13898,0.0030042576
13899,0.0037590237
13900,0.0038236894
13901,0.0031115024
13902,0.0050216485
13903,0.005711839
13904,0.0033526479
13905,0.0019082639
13906,0.0018628695
13907,0.0020060376
13908,0.0014900776
13909,0.0010629803
13910,0.0009526056
13911,0.0018524352
13912,0.0048565036
13913,0.004524945
13914,0.0012617367
13915,0.0017169698
13916,0.0015112943
13917,0.0007453415
13918,0.0010630351
13919,0.00091125764
13920,0.00088717754
13921,0.0010851187
13922,0.0019462734
13923,0.0031413191
13924,0.0030603479
13925,0.0020954462
13926,0.0019499634
13927,0.0020626334
13928,0.0016479492
13929,0.000932317
13930,0.00081381004
13931,0.0005670442
13932,0.0013390838
13933,0.0018101613
13934,0.0025539333
13935,0.0026397153
13936,0.0018067172
13937,0.0017125569
13938,0.0019122252
13939,0.0016609316
13940,0.0008856015
13941,0.0010365031
13942,0.0016376917
13943,0.0018274749
13944,0.0018860197
13945,0.0017065644
13946,0.0012656979
13947,0.001255841
13948,0.0018449574
13949,0.0012008725
13950,0.00083481753
13951,0.0012883741
13952,0.0025786224
13953,0.0036792513
13954,0.0038406935
13955,0.0040789656
13956,0.0042953016
13957,0.003754856
13958,0.0024286534
13959,0.0010404827
13960,0.0012414833
13961,0.0016893726
13962,0.0014503677
13963,0.0012439423
13964,0.00095519895
13965,0.00043002993
13966,0.0005201434
13967,0.0007589618
13968,0.00089104014
13969,0.0014406026
13970,0.001937701
13971,0.0026123854
13972,0.002600471
13973,0.002004383
13974,0.0022457263
13975,0.0027097564
13976,0.0021290933
13977,0.0017601759
13978,0.0016548401
13979,0.0014950109
13980,0.0014030413
13981,0.0012342418
13982,0.0014987829
13983,0.0009832155
13984,0.001376001
13985,0.0015714886
13986,0.0
13987,0.00087761256
13988,0.00089404004
13989,0.000910331
13990,0.0010024746
13991,0.0011524679
13992,0.0015048098
13993,0.001887408
13994,0.0019864868
13995,0.0015360303
13996,0.0011449431
13997,0.001245579
13998,0.0015137765
13999,0.001966431
14000,0.0017903411
14001,0.0020230704
14002,0.0023509555
14003,0.0032382533
14004,0.003520079
14005,0.003379038
14006,0.0025658256
14007,0.0018957779
14008,0.0010165721
14009,0.0009193658
14010,0.0015235692
14011,0.0027119252
14012,0.002388695
14013,0.0018886565
14014,0.0030133212
14015,0.0028838
14016,0.00286085
14017,0.002658863
14018,0.0018459508
14019,0.0017311499
14020,0.001568003
14021,0.0014512704
14022,0.0009251093
14023,0.0015469621
14024,0.0023608014
14025,0.002674198
14026,0.0021631587
14027,0.0011668984
14028,0.0013249251
14029,0.0021530713
14030,0.0016742306
14031,0.0011328046
14032,0.0008178412
14033,0.001156904
14034,0.0014330676
14035,0.002043909
14036,0.002330365
14037,0.0040755323
14038,0.004234266
14039,0.002248472
14040,0.0019388722
14041,0.0024278623
14042,0.0028836285
14043,0.002497144
14044,0.0025721923
14045,0.0022647097
14046,0.0015028745
14047,0.001280216
14048,0.0018513036
14049,0.0022764634
14050,0.001980941
14051,0.0013415591
14052,0.0012796021
14053,0.0014065219
14054,0.0011778955
14055,0.0011877132
14056,0.0009068395
14057,0.0010738492
14058,0.0014911905
14059,0.0011911144
14060,0.001016343
14061,0.0007169602
14062,0.0004077981
14063,0.00050365564
14064,0.0009282186
14065,0.0016310497
14066,0.0016597747
14067,0.0008135596
14068,0.0007214923
14069,0.001119521
14070,0.0016626655
14071,0.0017536989
14072,0.0023584086
14073,0.0021475493
14074,0.0014707327
14075,0.0009986642
14076,0.00048672906
14077,0.0015706364
14078,0.0023466311
14079,0.0018046543
14080,0.0013029746
14081,0.00095434545
14082,0.001528642
14083,0.0023483296
14084,0.001753533
14085,0.000985315
14086,0.0012404748
14087,0.0013366255
14088,0.0015405711
14089,0.0014847947
14090,0.00082869414
14091,0.00051179534
14092,0.00092658674
14093,0.0015849321
14094,0.0024544368
14095,0.0036150129
14096,0.003592562
14097,0.0023285532
14098,0.0017515734
14099,0.0020827688
14100,0.0030897635
14101,0.004381425
14102,0.0046421024
14103,0.0041816947
14104,0.003266673
14105,0.0022898861
14106,0.0014193545
14107,0.0012106481
14108,0.0013294425
14109,0.0012022532
14110,0.0006758369
14111,0.00087178976
14112,0.0011090473
14113,0.001095529
14114,0.0012096381
14115,0.0015507014
14116,0.0015703399
14117,0.002289225
14118,0.002369661
14119,0.0015343431
14120,0.00083540997
14121,0.0005761077
14122,0.00067164673
14123,0.00081538205
14124,0.000993346
14125,0.0010764749
14126,0.0010244433
14127,0.0016421286
14128,0.0018557003
14129,0.0020694232
14130,0.0020424419
14131,0.0021539633
14132,0.0018183746
14133,0.0012737433
14134,0.00094951486
14135,0.0009349044
14136,0.0008199736
14137,0.00083951076
14138,0.00054345716
14139,0.00081794796
14140,0.0010979173
14141,0.00078693795
14142,0.0010874497
14143,0.0012459294
14144,0.001467107
14145,0.0014008615
14146,0.0010472577
14147,0.0006048912
14148,0.0006088716
14149,0.0009820901
14150,0.0008655581
14151,0.0012033178
14152,0.001483108
14153,0.0017307631
14154,0.0016105614
14155,0.0013650222
14156,0.001149155
14157,0.00081420335
14158,0.00053758814
14159,0.000637591
14160,0.0007480309
14161,0.00077617605
14162,0.0012406859
14163,0.0011109876
14164,0.0009533691
14165,0.0013504674
14166,0.0015206246
14167,0.0015359545
14168,0.0016778251
14169,0.0016945674
14170,0.0014487616
14171,0.0017978357
14172,0.0017885033
14173,0.0010834546
14174,0.00107993
14175,0.0022690236
14176,0.002495407
14177,0.0015478273
14178,0.0009706437
14179,0.0011221436
14180,0.0009823864
14181,0.0007466289
14182,0.0013246835
14183,0.0017943194
14184,0.0015719145
14185,0.0015467927
14186,0.0011654509
14187,0.00068990147
14188,0.00073677994
14189,0.00054596836
14190,0.00091304444
14191,0.00081180484
14192,0.0007349606
14193,0.0006831611
14194,0.0007414264
14195,0.0010050262
14196,0.0012709298
14197,0.001413519
14198,0.0010796335
14199,0.0014980254
14200,0.0012547281
14201,0.0010611443
14202,0.0014864599
14203,0.0017675844
14204,0.0022052645
14205,0.0022200358
14206,0.0015335652
14207,0.0008796993
14208,0.0012375857
14209,0.0016417209
14210,0.0015133534
14211,0.0013944271
14212,0.001668554
14213,0.0011977906
14214,0.0015110247
14215,0.0017936056
14216,0.0017926155
14217,0.0015897176
14218,0.0021189535
14219,0.0024774277
14220,0.0025036042
14221,0.0022388732
14222,0.0017254243
14223,0.0018217646
14224,0.0015049839
14225,0.0013924638
14226,0.0026550184
14227,0.0029359492
14228,0.0015984811
14229,0.0015471313
14230,0.0019763077
14231,0.0018643218
14232,0.0023596918
14233,0.0034357866
14234,0.0029038242
14235,0.0048399894
14236,0.00519077
14237,0.0035446563
14238,0.0018528594
14239,0.0019031173
14240,0.00196538
14241,0.0013119231
14242,0.001040175
14243,0.0013401048
14244,0.0025005566
14245,0.004366287
14246,0.0034221725
14247,0.0009743546
14248,0.0014778789
14249,0.0014933943
14250,0.00096420577
14251,0.001012671
14252,0.0012142487
14253,0.0013841202
14254,0.00081638084
14255,0.001415741
14256,0.0027600382
14257,0.0035139138
14258,0.003235412
14259,0.0028227214
14260,0.002203284
14261,0.00089335616
14262,0.0006796159
14263,0.00065154315
14264,0.0006881274
14265,0.0012959645
14266,0.0018337865
14267,0.002546881
14268,0.0032304968
14269,0.0025917604
14270,0.002067017
14271,0.0019941784
14272,0.0015771086
14273,0.0006905761
14274,0.0008068423
14275,0.0009192708
14276,0.0011676962
14277,0.001530925
14278,0.0014622785
14279,0.0010437781
14280,0.0016051673
14281,0.00280657
14282,0.0017040727
14283,0.0011092573
14284,0.0010657693
14285,0.0027964723
14286,0.0036102114
14287,0.0031486854
14288,0.003656359
14289,0.0039166594
14290,0.003946256
14291,0.002489253
14292,0.0012410613
14293,0.0013608582
14294,0.0020717564
14295,0.0021289838
14296,0.0018062501
14297,0.0014126335
14298,0.0010519715
14299,0.0009213264
14300,0.0009860531
14301,0.0009820901
14302,0.0010952102
14303,0.0018276182
14304,0.0025401188
14305,0.0025074722
14306,0.0021129015
14307,0.0025974924
14308,0.0027338262
14309,0.001994193
14310,0.0018954861
14311,0.0013632086
14312,0.001525192
14313,0.0018225632
14314,0.002059131
14315,0.0020243933
14316,0.0013274928
14317,0.0010691502
14318,0.0011436715
14319,0.0
14320,0.00076370203
14321,0.0007650727
14322,0.00083829655
14323,0.0007310298
14324,0.00091157696
14325,0.0014171998
14326,0.0016389886
14327,0.0019672746
14328,0.0015199737
14329,0.0014110255
14330,0.0011701114
14331,0.0011080235
14332,0.0016914386
14333,0.0018332944
14334,0.0017948708
14335,0.001725711
14336,0.0018729348
14337,0.0020320702
14338,0.0020932506
14339,0.0017748963
14340,0.0017682922
14341,0.0013030416
14342,0.0009341258
14343,0.0012235846
14344,0.0032578409
14345,0.0030081107
14346,0.0017700195
14347,0.002709187
14348,0.002320189
14349,0.002434805
14350,0.0022498306
14351,0.0021076608
14352,0.0026762977
14353,0.0027238221
14354,0.0017429284
14355,0.0009752802
14356,0.0016019912
14357,0.0021517868
14358,0.0024632076
14359,0.00242013
14360,0.001837449
14361,0.0011953583
14362,0.0018570329
14363,0.001946363
14364,0.0016695305
14365,0.0014588711
14366,0.001762258
14367,0.0019111595
14368,0.0022416532
14369,0.002092889
14370,0.0037183184
14371,0.0042762877
14372,0.002152152
14373,0.0016549457
14374,0.0019520071
14375,0.0028517202
14376,0.0028416396
14377,0.002601109
14378,0.0020767516
14379,0.0013040017
14380,0.0014302012
14381,0.0017710222
14382,0.002254186
14383,0.0018753883
14384,0.0014285316
14385,0.0013753664
14386,0.0016994551
14387,0.0012321885
14388,0.0009816159
14389,0.0013225507
14390,0.0018285257
14391,0.0017833699
14392,0.0011960643
14393,0.0009120238
14394,0.0013120562
14395,0.001338562
14396,0.0014913856
14397,0.0014352592
14398,0.0018256266
14399,0.0019838186
14400,0.0016633305
14401,0.0009812897
14402,0.00087893807
14403,0.0011690911
14404,0.0012760946
14405,0.0017673044
14406,0.0016485143
14407,0.0012093734
14408,0.0008452805
14409,0.00079569133
14410,0.0015941418
14411,0.0019130469
14412,0.0015592548
14413,0.0017733707
14414,0.001178266
14415,0.0016328687
14416,0.0029449859
14417,0.0020966125
14418,0.00089738675
14419,0.0012308415
14420,0.0016260995
14421,0.0015029326
14422,0.0014334331
14423,0.0010565266
14424,0.000733851
14425,0.0014124892
14426,0.0020930837
14427,0.0023557662
14428,0.003387563
14429,0.0030887648
14430,0.0008091835
14431,0.001678172
14432,0.0019023983
14433,0.0038118963
14434,0.0051148306
14435,0.0037285734
14436,0.0019566682
14437,0.0013945106
14438,0.0024141339
14439,0.0021853787
14440,0.0017548768
14441,0.0014661346
14442,0.0010699665
14443,0.000785346
14444,0.001691972
14445,0.0018941192
14446,0.0016591083
14447,0.001419498
14448,0.0012366681
14449,0.0012138892
14450,0.0020839563
14451,0.0022221978
14452,0.0017377443
14453,0.0010675974
14454,0.00096408505
14455,0.0008105132
14456,0.0010711626
14457,0.0016299073
14458,0.0012969521
14459,0.0013246835
14460,0.0015242568
14461,0.0015653094
14462,0.0017975281
14463,0.0018626663
14464,0.0017255592
14465,0.0012972439
14466,0.0005687866
14467,0.0009950439
14468,0.00087289076
14469,0.0004601733
14470,0.00075276266
14471,0.0007981382
14472,0.0009530332
14473,0.0010061259
14474,0.0011591659
14475,0.0016395034
14476,0.0015410621
14477,0.0013232547
14478,0.00094107894
14479,0.00063918665
14480,0.0007869009
14481,0.00070364366
14482,0.0008452805
14483,0.0005896392
14484,0.00073246163
14485,0.00087352406
14486,0.0009791519
14487,0.0008309388
14488,0.0008791036
14489,0.0010626243
14490,0.0011618994
14491,0.0012723488
14492,0.0010818148
14493,0.0009546199
14494,0.0010184599
14495,0.0015848404
14496,0.0012963462
14497,0.00081570324
14498,0.0011147273
14499,0.0009368325
14500,0.0008793022
14501,0.00082901015
14502,0.0009148277
14503,0.0011257171
14504,0.0015271944
14505,0.001786696
14506,0.0009616972
14507,0.0008830674
14508,0.0021256458
14509,0.002386013
14510,0.0016050404
14511,0.0014485004
14512,0.001348656
14513,0.0010970953
14514,0.00084068865
14515,0.0012854567
14516,0.0020763872
14517,0.0024072886
14518,0.0023510174
14519,0.0020012879
14520,0.0009777539
14521,0.0010082354
14522,0.0014072253
14523,0.0015858867
14524,0.0013150916
14525,0.0010107724
14526,0.00066546514
14527,0.0006605047
14528,0.000809615
14529,0.0009824752
14530,0.00092671235
14531,0.00090165756
14532,0.0012835308
14533,0.001179155
14534,0.0011925795
14535,0.001490644
14536,0.0012982755
14537,0.0020430402
14538,0.0022593057
14539,0.0015451737
14540,0.0007777868
14541,0.0011760656
14542,0.0013574964
14543,0.0014494243
14544,0.0013296177
14545,0.0013725066
14546,0.0014305267
14547,0.0017785165
14548,0.001708763
14549,0.0017951627
14550,0.0015260124
14551,0.0020344607
14552,0.0022671372
14553,0.0023497173
14554,0.0019293169
14555,0.0012756841
14556,0.0020128158
14557,0.00164204
14558,0.0010016613
14559,0.0022338368
14560,0.0029650482
14561,0.0021273838
14562,0.0013869139
14563,0.0012162843
14564,0.0014701786
14565,0.0019480222
14566,0.002680177
14567,0.0024979014
14568,0.0039713983
14569,0.004101032
14570,0.0018854949
14571,0.0019303123
14572,0.002175488
14573,0.002816022
14574,0.002578295
14575,0.0021058926
14576,0.0016455456
14577,0.0024779446
14578,0.0044196984
14579,0.0037511026
14580,0.0008238686
14581,0.0011975477
14582,0.0013351876
14583,0.0016206673
14584,0.0015840505
14585,0.0018771567
14586,0.002145027
14587,0.0014319705
14588,0.0008415537
14589,0.0014618406
14590,0.0030815578
14591,0.0038949982
14592,0.0034528046
14593,0.0021897426
14594,0.0009957749
14595,0.0007233052
14596,0.00074016926
14597,0.0011783155
14598,0.0016513543
14599,0.0018709291
14600,0.0024151825
14601,0.0038397464
14602,0.003438056
14603,0.0021877347
14604,0.0016992838
14605,0.0011974261
14606,0.00096033444
14607,0.00086878
14608,0.0006904918
14609,0.00065803254
14610,0.0011331899
14611,0.0009448136
14612,0.00082542154
14613,0.0016394502
14614,0.0030350226
14615,0.0018087459
14616,0.0011300264
14617,0.0008741901
14618,0.0026860344
14619,0.003495562
14620,0.0029313858
14621,0.0032432287
14622,0.0043953327
14623,0.004355843
14624,0.002076345
14625,0.00085687306
14626,0.0010202586
14627,0.0019059748
14628,0.0023784996
14629,0.0019380464
14630,0.0013085691
14631,0.0012836442
14632,0.0013718916
14633,0.0012866788
14634,0.0008793353
14635,0.0006151014
14636,0.0015735985
14637,0.0020137988
14638,0.0019785597
14639,0.002168735
14640,0.0027849588
14641,0.002817241
14642,0.0021093723
14643,0.0018123786
14644,0.0013605374
14645,0.0017388827
14646,0.0021771998
14647,0.0027331873
14648,0.0026815883
14649,0.0021734135
14650,0.0014991906
14651,0.0013236725
14652,0.0
14653,0.0008279563
14654,0.0008831333
14655,0.0007174471
14656,0.00047718798
14657,0.00074697967
14658,0.0012475401
14659,0.0018087137
14660,0.0020843472
14661,0.0013231447
14662,0.0012824647
14663,0.0013461936
14664,0.0007967879
14665,0.00095119915
14666,0.0016117716
14667,0.0022023064
14668,0.0025806532
14669,0.0026004263
14670,0.0023493208
14671,0.0014961591
14672,0.0013111243
14673,0.0015564712
14674,0.0013832158
14675,0.0010576829
14676,0.0010946785
14677,0.0035182098
14678,0.0034111927
14679,0.0018728571
14680,0.0023726805
14681,0.0021989604
14682,0.0024799523
14683,0.0021673657
14684,0.0020012879
14685,0.0027476202
14686,0.0032316137
14687,0.0024144351
14688,0.0017813125
14689,0.0018593196
14690,0.0016415436
14691,0.0015279184
14692,0.0021051047
14693,0.0022252474
14694,0.0012166671
14695,0.0012029308
14696,0.00165183
14697,0.0014571345
14698,0.0012508718
14699,0.0014656383
14700,0.0014283685
14701,0.0015477143
14702,0.0012793064
14703,0.0028396829
14704,0.00426994
14705,0.002982586
14706,0.0011700616
14707,0.0013306241
14708,0.0023539495
14709,0.003073917
14710,0.0034303612
14711,0.0020474656
14712,0.0009390046
14713,0.0014158026
14714,0.0015735615
14715,0.001987146
14716,0.0019763077
14717,0.0018342943
14718,0.0020474514
14719,0.0018367044
14720,0.0011665492
14721,0.0014500868
14722,0.0020753916
14723,0.0022481226
14724,0.0018019106
14725,0.0013084578
14726,0.00089706236
14727,0.0014503277
14728,0.0014724534
14729,0.0014917174
14730,0.0016720388
14731,0.0017195443
14732,0.0016564397
14733,0.0020642271
14734,0.0019857248
14735,0.0015307539
14736,0.0008662303
14737,0.0010465627
14738,0.0014044718
14739,0.0016796801
14740,0.0014637506
14741,0.0011966481
14742,0.0012620135
14743,0.0018884717
14744,0.002298677
14745,0.0020078938
14746,0.0019431006
14747,0.0012094455
14748,0.0013882563
14749,0.0028417318
14750,0.002323611
14751,0.0011970372
14752,0.0013306241
14753,0.002622282
14754,0.0024700628
14755,0.002001026
14756,0.0015927355
14757,0.0012437317
14758,0.0019861353
14759,0.002111179
14760,0.0018840743
14761,0.0028958654
14762,0.0029465568
14763,0.0022675607
14764,0.001982527
14765,0.0021715113
14766,0.00423744
14767,0.005221589
14768,0.0027505634
14769,0.0008122708
14770,0.001887408
14771,0.003327527
14772,0.003002174
14773,0.0020462286
14774,0.0020014767
14775,0.0013801194
14776,0.0015177893
14777,0.0021555705
14778,0.001815876
14779,0.0010880919
14780,0.0009005918
14781,0.000891432
14782,0.001075934
14783,0.0015775884
14784,0.0021314295
14785,0.0018227549
14786,0.0012588269
14787,0.0012751592
14788,0.0011117732
14789,0.0013449391
14790,0.001628371
14791,0.0011682942
14792,0.0016759681
14793,0.0018862974
14794,0.001831738
14795,0.0019146133
14796,0.0015399286
14797,0.00085319695
14798,0.0005232675
14799,0.0005379129
14800,0.0010854137
14801,0.00087399036
14802,0.00058781006
14803,0.0007045117
14804,0.0006415046
14805,0.0007650727
14806,0.0012309597
14807,0.001654629
14808,0.0016521823
14809,0.0011133689
14810,0.00064141385
14811,0.00074463827
14812,0.0007815197
14813,0.0009835411
14814,0.00096054655
14815,0.0010552035
14816,0.0010382145
14817,0.001148395
14818,0.00096655724
14819,0.00057787314
14820,0.00086914847
14821,0.00086404366
14822,0.0008521047
14823,0.00082015106
14824,0.00085629546
14825,0.000993844
14826,0.001012786
14827,0.0014234291
14828,0.0018333897
14829,0.0015415909
14830,0.0010656602
14831,0.0009629372
14832,0.0005630266
14833,0.0005049253
14834,0.0004940291
14835,0.000746473
14836,0.0011829253
14837,0.0015905595
14838,0.0018991217
14839,0.0010421876
14840,0.00081194827
14841,0.0018831473
14842,0.002041829
14843,0.0013096362
14844,0.0011714785
14845,0.0010815726
14846,0.0011757935
14847,0.0013027736
14848,0.000996622
14849,0.0015903949
14850,0.002284338
14851,0.0025700983
14852,0.0023775205
14853,0.0018510207
14854,0.0021989737
14855,0.0019466472
14856,0.0015754099
14857,0.0014673648
14858,0.0012084827
14859,0.0005653994
14860,0.0005894417
14861,0.0008788387
14862,0.0006892262
14863,0.0006295522
14864,0.0010910834
14865,0.0012997766
14866,0.0011005121
14867,0.0011575328
14868,0.0015246768
14869,0.0011605711
14870,0.0020262615
14871,0.0026019926
14872,0.0016999346
14873,0.00061358546
14874,0.0009956579
14875,0.00110463
14876,0.0013697472
14877,0.0017829456
14878,0.0014351578
14879,0.0013651074
14880,0.0013222646
14881,0.00096637657
14882,0.0010172876
14883,0.0008253157
14884,0.00129565
14885,0.0020460722
14886,0.0023528242
14887,0.0018521367
14888,0.0014557156
14889,0.0023289158
14890,0.001936003
14891,0.001075041
14892,0.0017861421
14893,0.0025609776
14894,0.0022225776
14895,0.0015036103
14896,0.00088622567
14897,0.0008737239
14898,0.0011761399
14899,0.0017565346
14900,0.0015273659
14901,0.00274708
14902,0.003124123
14903,0.0022574372
14904,0.002090287
14905,0.0015140071
14906,0.0022655963
14907,0.0025863647
14908,0.002600001
14909,0.0022494555
14910,0.0030873606
14911,0.0042625857
14912,0.0036392931
14913,0.0011929455
14914,0.00080304587
14915,0.0014063149
14916,0.0024207914
14917,0.0020156624
14918,0.0014778789
14919,0.002095835
14920,0.0016950654
14921,0.000845487
14922,0.0008733574
14923,0.0023089226
14924,0.0037829797
14925,0.003598471
14926,0.0022167822
14927,0.0011700616
14928,0.00091971393
14929,0.0010148241
14930,0.0012796476
14931,0.001557462
14932,0.0016707155
14933,0.00247906
14934,0.0043730345
14935,0.004015041
14936,0.0018693262
14937,0.0011589149
14938,0.0008502925
14939,0.001046952
14940,0.0009599707
14941,0.0008070587
14942,0.0006823938
14943,0.0008851084
14944,0.0009446904
14945,0.0012005331
14946,0.0019072571
14947,0.0029957788
14948,0.0018742862
14949,0.0011384939
14950,0.0015069938
14951,0.0023777531
14952,0.0029143987
14953,0.0026426686
14954,0.002365826
14955,0.0051013785
14956,0.004969694
14957,0.0014601871
14958,0.0006449885
14959,0.0007470186
14960,0.0013571961
14961,0.0025433935
14962,0.0024968176
14963,0.001134191
14964,0.0010581231
14965,0.0008771481
14966,0.00095805875
14967,0.00065230206
14968,0.00063882227
14969,0.001615379
14970,0.0022296375
14971,0.0019238332
14972,0.0018290508
14973,0.002292376
14974,0.0026745028
14975,0.0023852445
14976,0.0020150414
14977,0.0016407988
14978,0.0015038812
14979,0.0019656022
14980,0.0023572855
14981,0.0024410724
14982,0.0021946547
14983,0.0020944043
14984,0.0024420023
14985,0.0
14986,0.0012300846
14987,0.0009636321
14988,0.0007911796
14989,0.0008417266
14990,0.0008822101
14991,0.0013001795
14992,0.0021883997
14993,0.0023722388
14994,0.0012239176
14995,0.0012109606
14996,0.0014048655
14997,0.0011276545
14998,0.0007903331
14999,0.0009846353
15000,0.0017363536
15001,0.0024476328
15002,0.0035711108
15003,0.00397005
15004,0.003312704
15005,0.0013537607
15006,0.0014885338
15007,0.0016438115
15008,0.0013708516
15009,0.0009284694
15010,0.0033212148
15011,0.003351693
15012,0.0020637477
15013,0.002091846
15014,0.0016720388
15015,0.0023349437
15016,0.0024730656
15017,0.0018522781
15018,0.0021549899
15019,0.0029882304
15020,0.002320603
15021,0.0016412954
15022,0.0015033779
15023,0.0010271954
15024,0.0006717334
15025,0.001573765
15026,0.0022203242
15027,0.0015113906
15028,0.00092624116
15029,0.0009954826
15030,0.00091552734
15031,0.0007034782
15032,0.0008815831
15033,0.0012001938
15034,0.0015323882
15035,0.0017878197
15036,0.0029287038
15037,0.004052171
15038,0.0029116012
15039,0.001058288
15040,0.0012358912
15041,0.0023391282
15042,0.003394369
15043,0.003763759
15044,0.0019958853
15045,0.0013960124
15046,0.002010168
15047,0.0017240575
15048,0.0021755684
15049,0.0021313066
15050,0.0020167595
15051,0.0024829549
15052,0.002269203
15053,0.0012247971
15054,0.0017619772
15055,0.0020640015
15056,0.0019681472
15057,0.0014075974
15058,0.0014027716
15059,0.0010536301
15060,0.001355823
15061,0.0012503598
15062,0.0008979379
15063,0.0014891984
15064,0.0013765085
15065,0.0015702659
15066,0.0024764172
15067,0.0026856335
15068,0.002096446
15069,0.0016209725
15070,0.0018481726
15071,0.0021563806
15072,0.0018440738
15073,0.0019669342
15074,0.0016140633
15075,0.0017614651
15076,0.0020105878
15077,0.0022926934
15078,0.002235686
15079,0.0020064437
15080,0.0010917234
15081,0.0014477568
15082,0.002532373
15083,0.0021866967
15084,0.0013250789
15085,0.0013690671
15086,0.0033084312
15087,0.0031459946
15088,0.0018009734
15089,0.0013539328
15090,0.0012877415
15091,0.0019605318
15092,0.0020739608
15093,0.0012900446
15094,0.0021058926
15095,0.002772621
15096,0.0023989563
15097,0.0022438592
15098,0.0021265766
15099,0.0034383778
15100,0.0044164574
15101,0.0025115893
15102,0.0011736875
15103,0.0030058944
15104,0.0037412748
15105,0.0030584452
15106,0.0018204221
15107,0.0016610367
15108,0.0011527204
15109,0.0018902278
15110,0.0024832713
15111,0.0018750159
15112,0.0010097929
15113,0.00077234197
15114,0.0008279563
15115,0.0009786166
15116,0.0015354619
15117,0.0023598643
15118,0.0018537702
15119,0.0010123836
15120,0.0010800108
15121,0.0007502841
15122,0.0011053673
15123,0.0010823796
15124,0.0010933484
15125,0.001595018
15126,0.0014706932
15127,0.0018007472
15128,0.002089716
15129,0.0018131332
15130,0.0012249396
15131,0.00046388977
15132,0.00066559634
15133,0.0012052753
15134,0.0008837922
15135,0.0005791811
15136,0.0028529142
15137,0.0039560674
15138,0.0039010684
15139,0.0032515277
15140,0.0018869453
15141,0.0012345483
15142,0.0007353169
15143,0.0005612663
15144,0.00064023305
15145,0.00091825717
15146,0.001492985
15147,0.0011114067
15148,0.0011552173
15149,0.0014198056
15150,0.0013166398
15151,0.0010375415
15152,0.0008839239
15153,0.0010185171
15154,0.0008477559
15155,0.00079686096
15156,0.0007222583
15157,0.00095547317
15158,0.00094951486
15159,0.00086005987
15160,0.0011818914
15161,0.0017317885
15162,0.002074003
15163,0.0018242551
15164,0.0013203262
15165,0.0008048559
15166,0.0006308914
15167,0.00036285774
15168,0.0005235455
15169,0.0009774561
15170,0.0015041328
15171,0.0019727407
15172,0.0013322417
15173,0.0011269315
15174,0.0014417537
15175,0.0014426416
15176,0.000582638
15177,0.00043299753
15178,0.00065736874
15179,0.0012112249
15180,0.001879806
15181,0.0016747346
15182,0.0015414021
15183,0.001793135
15184,0.002260542
15185,0.0021013962
15186,0.0023420376
15187,0.0036042894
15188,0.0029219585
15189,0.001711928
15190,0.0019192136
15191,0.001871318
15192,0.00077015324
15193,0.0005662738
15194,0.0009304734
15195,0.0009649601
15196,0.00087455625
15197,0.0013613072
15198,0.0013039571
15199,0.0008586035
15200,0.0007315074
15201,0.0015684299
15202,0.0013259352
15203,0.0019147045
15204,0.0025935005
15205,0.0016372474
15206,0.0005981173
15207,0.00081623823
15208,0.0012325428
15209,0.0017296865
15210,0.0023168374
15211,0.0016248282
15212,0.0011558721
15213,0.0008208959
15214,0.00080250204
15215,0.0008496419
15216,0.00090442924
15217,0.0009454602
15218,0.0015552366
15219,0.0024780857
15220,0.0023690467
15221,0.0017527693
15222,0.002163078
15223,0.0018608217
15224,0.0014519922
15225,0.0018323894
15226,0.0026526933
15227,0.002011355
15228,0.0015616795
15229,0.00068375724
15230,0.00053514645
15231,0.0010198877
15232,0.001321494
15233,0.0007323821
15234,0.0017732558
15235,0.0022582235
15236,0.0023747769
15237,0.002564623
15238,0.0013966794
15239,0.0009456141
15240,0.002251473
15241,0.0025612277
15242,0.0023484412
15243,0.0023788055
15244,0.0038790277
15245,0.003958472
15246,0.0023128518
15247,0.00078575354
15248,0.0012219899
15249,0.002806456
15250,0.0024435748
15251,0.000908731
15252,0.0019729473
15253,0.0017401878
15254,0.00093281636
15255,0.0012125938
15256,0.001843016
15257,0.003283885
15258,0.003467734
15259,0.0026618715
15260,0.0018563746
15261,0.0012265779
15262,0.0010461734
15263,0.0011110662
15264,0.001868423
15265,0.0025013364
15266,0.0038550268
15267,0.004819163
15268,0.003648965
15269,0.001242608
15270,0.0008969326
15271,0.000976175
15272,0.0009663465
15273,0.00095775496
15274,0.0010053735
15275,0.00063461706
15276,0.0010349295
15277,0.0013159766
15278,0.0016285675
15279,0.002103348
15280,0.0023592846
15281,0.0014369008
15282,0.0013954077
15283,0.001876707
15284,0.002105312
15285,0.0021801253
15286,0.002269357
15287,0.0023782183
15288,0.0051754517
15289,0.005059836
15290,0.0018911359
15291,0.0007552715
15292,0.0007424071
15293,0.0012378677
15294,0.0026728373
15295,0.002573957
15296,0.0009423769
15297,0.0009089552
15298,0.0009084107
15299,0.0012790561
15300,0.0010781498
15301,0.00084441924
15302,0.0013609437
15303,0.0024113837
15304,0.0024818997
15305,0.0017725007
15306,0.0018690927
15307,0.0023558156
15308,0.0021853654
15309,0.0019488287
15310,0.0017227571
15311,0.0018697777
15312,0.0018151066
15313,0.002270293
15314,0.0024966546
15315,0.0020166007
15316,0.0022753382
15317,0.0031760465
15318,0.0
15319,0.0015528395
15320,0.0010398391
15321,0.000711827
15322,0.00082932605
15323,0.0008442124
15324,0.0010892147
15325,0.0022187114
15326,0.0022898861
15327,0.001133883
15328,0.0008191568
15329,0.0011076031
15330,0.001421383
15331,0.0011335236
15332,0.00049614534
15333,0.00075850147
15334,0.0012493118
15335,0.0028726773
15336,0.0041697347
15337,0.004119329
15338,0.0024103334
15339,0.0022227217
15340,0.0024556105
15341,0.001799373
15342,0.0011939697
15343,0.0026239683
15344,0.002876221
15345,0.0022372215
15346,0.0017545783
15347,0.0015301073
15348,0.0023037235
15349,0.0027314085
15350,0.00215986
15351,0.0019868237
15352,0.0022606193
15353,0.0016544708
15354,0.00095138274
15355,0.00067324814
15356,0.0005295701
15357,0.0005194716
15358,0.0013328751
15359,0.0019165124
15360,0.0014093538
15361,0.00084138074
15362,0.0006516325
15363,0.0011526195
15364,0.0013675357
15365,0.001571396
15366,0.0018896888
15367,0.0022665851
15368,0.0025437595
15369,0.0038329565
15370,0.0041687153
15371,0.0026193724
15372,0.0010826215
15373,0.0015025259
15374,0.0021507046
15375,0.003333574
15376,0.004133203
15377,0.0020146947
15378,0.0016191402
15379,0.0021584716
15380,0.0013613714
15381,0.0021294076
15382,0.0021256595
15383,0.0015781601
15384,0.002524442
15385,0.0024810904
15386,0.0013283694
15387,0.0011417613
15388,0.0016081562
15389,0.0016369986
15390,0.0013037785
15391,0.001671534
15392,0.0013303617
15393,0.0012060719
15394,0.0009629372
15395,0.0012456024
15396,0.0016063454
15397,0.0012947512
15398,0.0015241422
15399,0.001898202
15400,0.0025717057
15401,0.002283905
15402,0.0019524841
15403,0.0022875338
15404,0.002603994
15405,0.0022503093
15406,0.0020045426
15407,0.0013120562
15408,0.0013096806
15409,0.001811929
15410,0.0024740421
15411,0.0027024432
15412,0.0017577271
15413,0.0007911428
15414,0.0011994903
15415,0.0019871022
15416,0.0019111291
15417,0.0013951156
15418,0.0017708414
15419,0.0036831175
15420,0.0033898216
15421,0.0012227518
15422,0.0012912623
15423,0.0015065687
15424,0.0017317885
15425,0.0015971514
15426,0.0011320078
15427,0.0012808525
15428,0.0017417257
15429,0.0016560883
15430,0.0018349289
15431,0.0020294334
15432,0.002725467
15433,0.0034045912
15434,0.002222617
15435,0.0015517708
15436,0.0034191776
15437,0.0036600584
15438,0.0020227681
15439,0.0010641844
15440,0.0007470576
15441,0.00073281914
15442,0.0016415436
15443,0.0021462885
15444,0.0018463135
15445,0.0014580529
15446,0.0009110021
15447,0.00074752496
15448,0.00089104014
15449,0.0012934018
15450,0.0024891829
15451,0.002573301
15452,0.00164832
15453,0.0008736906
15454,0.0006796587
15455,0.0008540834
15456,0.0010309567
15457,0.0015470561
15458,0.0019587942
15459,0.0016719518
15460,0.0017266552
15461,0.0017731244
15462,0.0015246004
15463,0.0012163083
15464,0.00068452297
15465,0.00065918145
15466,0.0010073401
15467,0.0007699643
15468,0.0009985768
15469,0.0037052475
15470,0.0045319567
15471,0.0037966033
15472,0.0031010462
15473,0.0016665818
15474,0.0013831736
15475,0.0009871151
15476,0.000734723
15477,0.0011923355
15478,0.0016647996
15479,0.0017185963
15480,0.0012331802
15481,0.0012811705
15482,0.0015832603
15483,0.0014418142
15484,0.00078043895
15485,0.00078482705
15486,0.0009323482
15487,0.0012743601
15488,0.001517866
15489,0.001433291
15490,0.0014900971
15491,0.0014437508
15492,0.0012673065
15493,0.0011061833
15494,0.0011076031
15495,0.0014875559
15496,0.0015871892
15497,0.001126079
15498,0.00082890486
15499,0.0006257964
15500,0.00035719908
15501,0.00042224408
15502,0.00072104845
15503,0.0013115237
15504,0.0017808713
15505,0.0017165629
15506,0.0015675203
15507,0.0016857682
15508,0.0015058152
15509,0.00082326785
15510,0.00053203746
15511,0.00033681854
15512,0.0010839917
15513,0.0020958628
15514,0.0021360943
15515,0.0015975886
15516,0.0017031673
15517,0.002555403
15518,0.0025336712
15519,0.0038467888
15520,0.004617467
15521,0.0031933005
15522,0.0014007161
15523,0.0018725774
15524,0.0018728571
15525,0.001040175
15526,0.00069204957
15527,0.001017545
15528,0.0008730908
15529,0.00088108773
15530,0.0013247494
15531,0.0010699937
15532,0.00054740574
15533,0.00067905895
15534,0.0014362322
15535,0.0012478901
15536,0.0019448373
15537,0.00240591
15538,0.0014229383
15539,0.00050865806
15540,0.00082640816
15541,0.0012243455
15542,0.0015450984
15543,0.0023058953
15544,0.002044151
15545,0.0014033732
15546,0.00093940744
15547,0.0010765559
15548,0.00063945976
15549,0.00051767565
15550,0.0004229328
15551,0.001265307
15552,0.0021320847
15553,0.002512852
15554,0.002198775
15555,0.0023999144
15556,0.0020815667
15557,0.001238338
15558,0.0022941274
15559,0.0035005955
15560,0.0021840334
15561,0.0014754744
15562,0.0009813786
15563,0.0010684694
15564,0.0011435951
15565,0.0011836386
15566,0.00084669096
15567,0.0015751512
15568,0.002145868
15569,0.0023945363
15570,0.0029176625
15571,0.0019859301
15572,0.00098126
15573,0.0013804778
15574,0.0018943496
15575,0.0018613065
15576,0.0023785487
15577,0.0035725206
15578,0.0041100136
15579,0.002986087
15580,0.00072390854
15581,0.00040686925
15582,0.0026394508
15583,0.0024068048
15584,0.00076229067
15585,0.0016959751
15586,0.0014829313
15587,0.001151786
15588,0.0011965265
15589,0.0011100704
15590,0.0025172608
15591,0.003201247
15592,0.0034922548
15593,0.002981776
15594,0.001159417
15595,0.00067177677
15596,0.00080507284
15597,0.0022312817
15598,0.0030101226
15599,0.0040745037
15600,0.0042209723
15601,0.0024259556
15602,0.0008046751
15603,0.0009998
15604,0.0008108004
15605,0.0006881274
15606,0.0012165954
15607,0.0012091567
15608,0.00049338065
15609,0.0013798663
15610,0.0018341991
15611,0.0017254581
15612,0.0020783485
15613,0.0019828943
15614,0.0015858683
15615,0.0017531844
15616,0.0017671068
15617,0.0016897516
15618,0.001704363
15619,0.0016590381
15620,0.002134145
15621,0.0050976234
15622,0.004856282
15623,0.0018319128
15624,0.0007457319
15625,0.00063489215
15626,0.00082637294
15627,0.0021523414
15628,0.0024929098
15629,0.0014602669
15630,0.0011667736
15631,0.0014033316
15632,0.001705336
15633,0.0014468519
15634,0.0014864599
15635,0.0012628664
15636,0.0029994098
15637,0.0035294422
15638,0.002263707
15639,0.002153693
15640,0.0021682384
15641,0.0017188333
15642,0.0014841476
15643,0.0015041908
15644,0.001700431
15645,0.0013647663
15646,0.0020565712
15647,0.0025336023
15648,0.0022130506
15649,0.0028385757
15650,0.0033592216
15651,0.0
15652,0.0015296699
15653,0.0012525226
15654,0.00084428134
15655,0.0007803271
15656,0.0010510858
15657,0.0013667268
15658,0.002069198
15659,0.0019844493
15660,0.0010893482
15661,0.00074526336
15662,0.00081481074
15663,0.0013273173
15664,0.0012291379
15665,0.0007517954
15666,0.0007260362
15667,0.00063745404
15668,0.0007502841
15669,0.0030405794
15670,0.0037452946
15671,0.002722978
15672,0.0025497933
15673,0.0029488078
15674,0.0024156282
15675,0.001854147
15676,0.0021859247
15677,0.0021879608
15678,0.0021152557
15679,0.0015632442
15680,0.0013002243
15681,0.0015213327
15682,0.0023281658
15683,0.002215469
15684,0.0019884345
15685,0.0020078502
15686,0.0013750277
15687,0.0011083124
15688,0.00078889565
15689,0.00076145027
15690,0.0009952779
15691,0.001245579
15692,0.0015977161
15693,0.0011844988
15694,0.00063690596
15695,0.00072783785
15696,0.0014786468
15697,0.0018728571
15698,0.0016885971
15699,0.001751806
15700,0.0026798078
15701,0.0033819308
15702,0.0045531574
15703,0.003799132
15704,0.0013290484
15705,0.00072743784
15706,0.0016733265
15707,0.002689835
15708,0.0029673148
15709,0.0033353458
15710,0.0017562197
15711,0.0015565087
15712,0.002122878
15713,0.0012991495
15714,0.002145027
15715,0.0022456225
15716,0.0010810612
15717,0.0019858568
15718,0.00221585
15719,0.0013628884
15720,0.000920726
15721,0.0017308976
15722,0.0020208105
15723,0.0010830516
15724,0.0013531586
15725,0.0013008734
15726,0.0011626256
15727,0.001218842
15728,0.001462179
15729,0.001364041
15730,0.0010551759
15731,0.0014994041
15732,0.0013484617
15733,0.0018306096
15734,0.0020581698
15735,0.0019226226
15736,0.0023397626
15737,0.002945539
15738,0.002303774
15739,0.0016106156
15740,0.0012525459
15741,0.0015761118
15742,0.0020673969
15743,0.0023440376
15744,0.0023602096
15745,0.0016177555
15746,0.00095000514
15747,0.00094558334
15748,0.0017947248
15749,0.0017343244
15750,0.0010477301
15751,0.0016591784
15752,0.0029448178
15753,0.0026040163
15754,0.0012365269
15755,0.0013356889
15756,0.0013158439
15757,0.0011374708
15758,0.0010575453
15759,0.0006630115
15760,0.0010965115
15761,0.0013517168
15762,0.0014879862
15763,0.0017137631
15764,0.001925814
15765,0.0021287515
15766,0.0025337173
15767,0.0016467655
15768,0.0011102277
15769,0.0035331016
15770,0.003569513
15771,0.0013331807
15772,0.000959
15773,0.0012220613
15774,0.0016674373
15775,0.0018007796
15776,0.0014867339
15777,0.001202713
15778,0.0013801404
15779,0.0013225947
15780,0.00095906074
15781,0.00089182367
15782,0.0011484963
15783,0.0022117877
15784,0.0026222263
15785,0.0019242567
15786,0.00096890307
15787,0.0007583864
15788,0.0008747892
15789,0.001331608
15790,0.0017251712
15791,0.001769444
15792,0.0013285228
15793,0.0015152369
15794,0.0014308318
15795,0.0013544055
15796,0.0012501968
15797,0.0011761151
15798,0.0011342424
15799,0.001021285
15800,0.00085887464
15801,0.0012853888
15802,0.0033581646
15803,0.0034493555
15804,0.001750094
15805,0.0022036142
15806,0.00168411
15807,0.0015766841
15808,0.00095863576
15809,0.0007301932
15810,0.0017174274
15811,0.0017111117
15812,0.0012465132
15813,0.0011149101
15814,0.0014251252
15815,0.0015211414
15816,0.0014167274
15817,0.00087674987
15818,0.0010053735
15819,0.0014360498
15820,0.0015859784
15821,0.0019225469
15822,0.0021019087
15823,0.0025419055
15824,0.0022479154
15825,0.0015311152
15826,0.0012475868
15827,0.00079525233
15828,0.0006531938
15829,0.00096625614
15830,0.0009242595
15831,0.0007795434
15832,0.00085649936
15833,0.0010262316
15834,0.0013536748
15835,0.0016076494
15836,0.0017752898
15837,0.002040674
15838,0.0022340321
15839,0.0023674
15840,0.0023071573
15841,0.0017236861
15842,0.0011566776
15843,0.00059386884
15844,0.00038812554
15845,0.0009397482
15846,0.0021423253
15847,0.0022801554
15848,0.0012365269
15849,0.0011298977
15850,0.0035235581
15851,0.0040554306
15852,0.0043352554
15853,0.004380415
15854,0.002663686
15855,0.00080925546
15856,0.0017485301
15857,0.0019407027
15858,0.0010761775
15859,0.00060267386
15860,0.0006870269
15861,0.00049836945
15862,0.00054825575
15863,0.0011409707
15864,0.0009768903
15865,0.0007636258
15866,0.0009632394
15867,0.0010981559
15868,0.0014004459
15869,0.002057604
15870,0.0019662092
15871,0.0010524418
15872,0.00056611956
15873,0.0007834166
15874,0.00071010774
15875,0.0010074846
15876,0.0017829619
15877,0.0021819135
15878,0.0018904586
15879,0.0011187929
15880,0.0012964809
15881,0.0012364798
15882,0.0010140496
15883,0.0005917578
15884,0.00059489714
15885,0.0015317043
15886,0.0028292094
15887,0.003006359
15888,0.0024664903
15889,0.0019763813
15890,0.0014324175
15891,0.002511995
15892,0.0035051818
15893,0.0017892028
15894,0.0013341191
15895,0.0010803072
15896,0.0010733883
15897,0.0012186988
15898,0.0016215111
15899,0.0016564397
15900,0.001921714
15901,0.00253692
15902,0.002877799
15903,0.003134558
15904,0.0022488215
15905,0.0011272673
15906,0.0011279383
15907,0.0015785474
15908,0.0016949108
15909,0.002144009
15910,0.0028324686
15911,0.003962749
15912,0.0037946403
15913,0.0016959751
15914,0.00067225314
15915,0.0026536698
15916,0.0024721946
15917,0.0010235339
15918,0.0015224227
15919,0.0012886904
15920,0.0013146711
15921,0.000989618
15922,0.0006189221
15923,0.0014298959
15924,0.0025378491
15925,0.0039491164
15926,0.004139845
15927,0.0025003704
15928,0.00042751848
15929,0.0008880956
15930,0.0023668837
15931,0.0031832042
15932,0.0037543443
15933,0.003329031
15934,0.0011598436
15935,0.0010204013
15936,0.0011386216
15937,0.00089117076
15938,0.0009521166
15939,0.001224702
15940,0.0010825947
15941,0.00045052206
15942,0.0013771005
15943,0.0020327005
15944,0.0019276417
15945,0.0019107788
15946,0.001499734
15947,0.0014823622
15948,0.0017838757
15949,0.00146196
15950,0.001364425
15951,0.0018619944
15952,0.0020268646
15953,0.0026038375
15954,0.0045491606
15955,0.0042357845
15956,0.0018607591
15957,0.0007558108
15958,0.0005050406
15959,0.0007783852
15960,0.0018005209
15961,0.002590199
15962,0.0021318253
15963,0.0013263741
15964,0.0012823966
15965,0.0017656239
15966,0.0016086629
15967,0.0018539743
15968,0.0013062317
15969,0.0035718197
15970,0.0044086743
15971,0.0025419397
15972,0.002050051
15973,0.00189952
15974,0.0011306443
15975,0.0008122708
15976,0.0006851604
15977,0.00072362705
15978,0.0010970953
15979,0.001802831
15980,0.0022987025
15981,0.0029112813
15982,0.00329003
15983,0.0030168057
15984,0.0
15985,0.0017301744
15986,0.0012650309
15987,0.00081370276
15988,0.000500758
15989,0.00054905144
15990,0.0009009472
15991,0.0016617725
15992,0.0017378113
15993,0.0011202747
15994,0.00065426226
15995,0.0007348814
15996,0.0011538056
15997,0.00118098
15998,0.0009074811
15999,0.0006862215
16000,0.00054522156
16001,0.0009505258
16002,0.0017867775
16003,0.0023597411
16004,0.0019933025
16005,0.002189357
16006,0.0028859994
16007,0.0024228464
16008,0.0016436521
16009,0.0020695075
16010,0.0023237863
16011,0.0023675598
16012,0.0018805645
16013,0.0016157393
16014,0.0022140366
16015,0.0024381974
16016,0.002297664
16017,0.0021451355
16018,0.0017186301
16019,0.0012633963
16020,0.0011494842
16021,0.00086821034
16022,0.0012130497
16023,0.0016520766
16024,0.001647702
16025,0.0018475899
16026,0.001578363
16027,0.0010736865
16028,0.0012994631
16029,0.0020563873
16030,0.0020601768
16031,0.0011726456
16032,0.0011883257
16033,0.003642171
16034,0.0050390232
16035,0.005110863
16036,0.0043549878
16037,0.0019119969
16038,0.001675308
16039,0.0025647364
16040,0.0026773957
16041,0.002259705
16042,0.0029593396
16043,0.0019177117
16044,0.0012719599
16045,0.0021431132
16046,0.0021304188
16047,0.0024221735
16048,0.0024252476
16049,0.0013559733
16050,0.0013735876
16051,0.001893074
16052,0.0016101999
16053,0.00091396837
16054,0.001842716
16055,0.0021848727
16056,0.0011065516
16057,0.00074612204
16058,0.00076095323
16059,0.0014951472
16060,0.0024441227
16061,0.0023203646
16062,0.0018876084
16063,0.0018031215
16064,0.0024161944
16065,0.0020982777
16066,0.001675256
16067,0.0020343033
16068,0.002110076
16069,0.0023388916
16070,0.0028211433
16071,0.0021908188
16072,0.0013540618
16073,0.0015526521
16074,0.0018729658
16075,0.0021613282
16076,0.0022107742
16077,0.0019854463
16078,0.0013891365
16079,0.000831464
16080,0.00060705247
16081,0.001623538
16082,0.0015435154
16083,0.00061666087
16084,0.0012718454
16085,0.0023609863
16086,0.0021878278
16087,0.0017021929
16088,0.0016864932
16089,0.0014948747
16090,0.0013054962
16091,0.000839892
16092,0.000637591
16093,0.0005842343
16094,0.00095863576
16095,0.0012692341
16096,0.0017578264
16097,0.0018319604
16098,0.0018220361
16099,0.0016754818
16100,0.0008477559
16101,0.0008981972
16102,0.003527636
16103,0.0035053727
16104,0.001079283
16105,0.0014255948
16106,0.0017746995
16107,0.0018195267
16108,0.0013851712
16109,0.00096595485
16110,0.0007117861
16111,0.0011573065
16112,0.0012243693
16113,0.0008502925
16114,0.0010692318
16115,0.0013774174
16116,0.001836958
16117,0.002469568
16118,0.0020150992
16119,0.00091374543
16120,0.00092205266
16121,0.0011504712
16122,0.0017661678
16123,0.0016795935
16124,0.0013852762
16125,0.0008799639
16126,0.0010664791
16127,0.0012348782
16128,0.0010266285
16129,0.0011247083
16130,0.0013054962
16131,0.0011494589
16132,0.0009013993
16133,0.0006459804
16134,0.0010013126
16135,0.0024924194
16136,0.0028968703
16137,0.0024393909
16138,0.0022719204
16139,0.0018004401
16140,0.0013903512
16141,0.00057291624
16142,0.00094413565
16143,0.0018651178
16144,0.0016749258
16145,0.001118845
16146,0.000998431
16147,0.0013457828
16148,0.0016557192
16149,0.0019313975
16150,0.0013116125
16151,0.0015889485
16152,0.0019102913
16153,0.0015590122
16154,0.0016130352
16155,0.0015959665
16156,0.0021236732
16157,0.001929694
16158,0.0016111215
16159,0.0015564152
16160,0.0010995596
16161,0.00091266184
16162,0.00092749717
16163,0.0009337207
16164,0.001134858
16165,0.0014712472
16166,0.001701201
16167,0.0017251543
16168,0.0018432055
16169,0.0018668335
16170,0.0020730204
16171,0.0022538116
16172,0.0024348767
16173,0.0022185408
16174,0.0017979328
16175,0.0014564352
16176,0.0010354075
16177,0.0008892091
16178,0.0009871151
16179,0.001625079
16180,0.0021819535
16181,0.0019437296
16182,0.0032501668
16183,0.004897043
16184,0.004642485
16185,0.0034170917
16186,0.0026207054
16187,0.0011263116
16188,0.0011801912
16189,0.0015748186
16190,0.0014709702
16191,0.0010999036
16192,0.0009930236
16193,0.0009494842
16194,0.0006270508
16195,0.0006692592
16196,0.00088520703
16197,0.0007921355
16198,0.0009562039
16199,0.0011066567
16200,0.0009671593
16201,0.0017650139
16202,0.0020222645
16203,0.0015679473
16204,0.0006685631
16205,0.00060156215
16206,0.0009031734
16207,0.0010147095
16208,0.00093294116
16209,0.0014525735
16210,0.0023523665
16211,0.0023245001
16212,0.0011835402
16213,0.0011008822
16214,0.0012544729
16215,0.0011893783
16216,0.0008091835
16217,0.00075024535
16218,0.0013511354
16219,0.0030256587
16220,0.0033688247
16221,0.0026120623
16222,0.002124824
16223,0.0013359068
16224,0.0022775629
16225,0.0029421085
16226,0.0015998461
16227,0.0013449391
16228,0.001231976
16229,0.0012608599
16230,0.0013635075
16231,0.0021671779
16232,0.0024805155
16233,0.0019358977
16234,0.0027303428
16235,0.0037917246
16236,0.004248854
16237,0.0026174495
16238,0.00077741244
16239,0.00090712827
16240,0.001356424
16241,0.0015798374
16242,0.0019406127
16243,0.002383963
16244,0.0034120202
16245,0.004120537
16246,0.0031631915
16247,0.0014235722
16248,0.002685471
16249,0.0025304414
16250,0.0012182449
16251,0.0014345696
16252,0.0011364213
16253,0.0010111755
16254,0.000910299
16255,0.0008026108
16256,0.0011390817
16257,0.0020187355
16258,0.0033332421
16259,0.004081113
16260,0.0031028665
16261,0.001442339
16262,0.0011723974
16263,0.0022565732
16264,0.0030067365
16265,0.0035682246
16266,0.0033489391
16267,0.0017917386
16268,0.0015753915
16269,0.0017240237
16270,0.001575964
16271,0.0017354987
16272,0.001598299
16273,0.0012727604
16274,0.0006668632
16275,0.0012166194
16276,0.0020362195
16277,0.002513211
16278,0.0023047845
16279,0.0014660751
16280,0.00164832
16281,0.0016752038
16282,0.0011881787
16283,0.0011669233
16284,0.0014792765
16285,0.0021056714
16286,0.0025626363
16287,0.00456211
16288,0.0042244806
16289,0.0017370239
16290,0.0011988593
16291,0.0010257494
16292,0.00070932857
16293,0.0013860953
16294,0.0027018508
16295,0.0024549349
16296,0.001240897
16297,0.0008545603
16298,0.0017762076
16299,0.0015173483
16300,0.0017060698
16301,0.0016540309
16302,0.0036372053
16303,0.004370358
16304,0.0022895175
16305,0.0016212239
16306,0.0014687526
16307,0.0011740099
16308,0.0010838306
16309,0.0011094934
16310,0.0013429251
16311,0.0018005857
16312,0.0021103104
16313,0.0021838734
16314,0.0027860664
16315,0.0037845103
16316,0.0031344558
16317,0.0
16318,0.001739
16319,0.0014007369
16320,0.0008879973
16321,0.0006754923
16322,0.0008073471
16323,0.0011807582
16324,0.0018247337
16325,0.002132658
16326,0.0016163517
16327,0.00096396427
16328,0.0008849111
16329,0.001088386
16330,0.0011601949
16331,0.0009459834
16332,0.000403349
16333,0.00027760933
16334,0.0009799838
16335,0.0016419868
16336,0.0021013408
16337,0.001712387
16338,0.0016308534
16339,0.002231751
16340,0.0024101401
16341,0.0021097725
16342,0.002573267
16343,0.0027679985
16344,0.0025135467
16345,0.0022830253
16346,0.001685371
16347,0.0019558948
16348,0.0020469113
16349,0.0019955498
16350,0.0016593538
16351,0.001592571
16352,0.0012506391
16353,0.0009947806
16354,0.00126533
16355,0.001689941
16356,0.0017513573
16357,0.0013402351
16358,0.0014074113
16359,0.0012870632
16360,0.0008368719
16361,0.0015837932
16362,0.0021816466
16363,0.0017530018
16364,0.0011719257
16365,0.0019651134
16366,0.0044129305
16367,0.006223725
16368,0.006305112
16369,0.0054473663
16370,0.0038659356
16371,0.0032168461
16372,0.0032651224
16373,0.0027242815
16374,0.0019580065
16375,0.0026428227
16376,0.0021386677
16377,0.0014424803
16378,0.0018854332
16379,0.0019478877
16380,0.0025710494
16381,0.0028050141
16382,0.0025139751
16383,0.0023685184
16384,0.0023389165
16385,0.0017434962
16386,0.0009481959
16387,0.0015411377
16388,0.001889165
16389,0.0015704326
16390,0.0015496501
16391,0.0013405391
16392,0.0022659686
16393,0.0030960492
16394,0.0025395572
16395,0.0018479679
16396,0.0018725774
16397,0.0022947616
16398,0.0020428407
16399,0.0016199488
16400,0.0015605609
16401,0.001596003
16402,0.0021469528
16403,0.0028937238
16404,0.0019530803
16405,0.0009428092
16406,0.0015619777
16407,0.0019097732
16408,0.0019573374
16409,0.0019110072
16410,0.0013474901
16411,0.0012435211
16412,0.00093325303
16413,0.0006001575
16414,0.0014530341
16415,0.0014351578
16416,0.0009868202
16417,0.0011563001
16418,0.001986106
16419,0.0017692301
16420,0.0014206662
16421,0.0016488673
16422,0.0017794654
16423,0.0017878197
16424,0.0014751982
16425,0.0013437051
16426,0.0009758768
16427,0.000831289
16428,0.0010214845
16429,0.001457993
16430,0.0017215742
16431,0.0015830948
16432,0.0013356017
16433,0.0009009795
16434,0.0013081242
16435,0.003254033
16436,0.0030023581
16437,0.0016063092
16438,0.0019354618
16439,0.0018335802
16440,0.0014520123
16441,0.0006899858
16442,0.00078256166
16443,0.00065599487
16444,0.00078010326
16445,0.00096033444
16446,0.0009468752
16447,0.0012816929
16448,0.0017855065
16449,0.0019257534
16450,0.0020223365
16451,0.0015387374
16452,0.0007286771
16453,0.00095805875
16454,0.0011308503
16455,0.0015504949
16456,0.0012753647
16457,0.00088750554
16458,0.00086448144
16459,0.0012093975
16460,0.0013351876
16461,0.0011017807
16462,0.0013100584
16463,0.0014780759
16464,0.0014484
16465,0.0015197822
16466,0.0014780167
16467,0.0013100139
16468,0.0016923847
16469,0.0018767226
16470,0.0016889935
16471,0.0013083466
16472,0.0011897208
16473,0.0007039331
16474,0.00042594987
16475,0.0007979194
16476,0.0017496782
16477,0.0016933647
16478,0.00096923346
16479,0.0004895314
16480,0.001249242
16481,0.0016209725
16482,0.0017822109
16483,0.0012149676
16484,0.00178043
16485,0.0023330983
16486,0.0020992206
16487,0.0017998581
16488,0.0012193673
16489,0.0017579754
16490,0.0016946704
16491,0.001662928
16492,0.0017552251
16493,0.001198228
16494,0.0011586888
16495,0.0011663745
16496,0.0011536794
16497,0.0013228807
16498,0.0015022353
16499,0.0016355044
16500,0.001286724
16501,0.001018117
16502,0.0012330386
16503,0.0018594918
16504,0.0021933017
16505,0.002299576
16506,0.0020367482
16507,0.0021901943
16508,0.0020621535
16509,0.0011876887
16510,0.0009089552
16511,0.00083735865
16512,0.0015109669
16513,0.0024122403
16514,0.0035333652
16515,0.0046206424
16516,0.005069909
16517,0.0038696302
16518,0.001962965
16519,0.0013336173
16520,0.00068689976
16521,0.0009593641
16522,0.001158965
16523,0.0010754741
16524,0.0007002853
16525,0.00072863715
16526,0.0007307112
16527,0.0006395508
16528,0.0005131016
16529,0.0005956305
16530,0.00056380144
16531,0.0009472132
16532,0.000998839
16533,0.0011111186
16534,0.00174858
16535,0.0014949136
16536,0.0007237477
16537,0.0008554113
16538,0.0007255951
16539,0.0008138458
16540,0.0011782908
16541,0.0012579481
16542,0.0013433802
16543,0.0022733803
16544,0.0024014178
16545,0.0009757277
16546,0.0009455218
16547,0.0012663186
16548,0.0014775244
16549,0.001285185
16550,0.0012818745
16551,0.0013013654
16552,0.003371122
16553,0.0036514127
16554,0.0026871394
16555,0.0019751294
16556,0.0006592256
16557,0.0016048228
16558,0.0018972204
16559,0.0012918707
16560,0.0011346015
16561,0.0013451555
16562,0.0011058939
16563,0.00082679547
16564,0.0031775765
16565,0.0034779832
16566,0.0018026695
16567,0.0021927443
16568,0.0045682685
16569,0.00481237
16570,0.002654503
16571,0.0012965931
16572,0.0013346644
16573,0.00170786
16574,0.0019182125
16575,0.001852828
16576,0.0015874275
16577,0.0020771718
16578,0.003864279
16579,0.0036131528
16580,0.0016722651
16581,0.002342162
16582,0.0023328112
16583,0.0010257494
16584,0.0011020184
16585,0.0009806666
16586,0.0009885587
16587,0.0010818416
16588,0.0011258464
16589,0.0010266285
16590,0.001960116
16591,0.0023214933
16592,0.0035598709
16593,0.0037047525
16594,0.0026199722
16595,0.0018501242
16596,0.0020523497
16597,0.0023059964
16598,0.0031062039
16599,0.0036637462
16600,0.0029989344
16601,0.002406188
16602,0.0023040012
16603,0.0018468966
16604,0.0016604585
16605,0.0013106803
16606,0.0010132457
16607,0.00070302293
16608,0.0010331564
16609,0.0017564185
16610,0.0032044547
16611,0.0027996968
16612,0.001384898
16613,0.0016860962
16614,0.0016931068
16615,0.0014972675
16616,0.0014986858
16617,0.0017827987
16618,0.002509027
16619,0.002653604
16620,0.004671906
16621,0.004659868
16622,0.0021278216
16623,0.0015282803
16624,0.0014974035
16625,0.0009675805
16626,0.0014863032
16627,0.0026451782
16628,0.0023173399
16629,0.0012111048
16630,0.0009891768
16631,0.001967171
16632,0.0016162076
16633,0.001225106
16634,0.0015039005
16635,0.0030415652
16636,0.0038339663
16637,0.0021544767
16638,0.0012430061
16639,0.00095119915
16640,0.00106087
16641,0.0011687924
16642,0.0013470149
16643,0.0015957112
16644,0.0018919822
16645,0.0019192136
16646,0.0018375916
16647,0.0026031332
16648,0.0041482933
16649,0.0035867405
16650,0.0
16651,0.0021354402
16652,0.0016548225
16653,0.0011586888
16654,0.0013728035
16655,0.0013658534
16656,0.0015360493
16657,0.0019601753
16658,0.0023773492
16659,0.0017368564
16660,0.001115119
16661,0.0008543559
16662,0.0011360627
16663,0.001299799
16664,0.0010414612
16665,0.000755233
16666,0.00082078954
16667,0.0011932871
16668,0.0019958706
16669,0.002547818
16670,0.0025300274
16671,0.0020911084
16672,0.0026757212
16673,0.0026125412
16674,0.0025783065
16675,0.002644452
16676,0.0028050763
16677,0.0019933025
16678,0.0017510914
16679,0.0011534272
16680,0.0013268787
16681,0.0017740598
16682,0.0014843241
16683,0.0013243979
16684,0.0016453157
16685,0.0014282259
16686,0.0009443206
16687,0.0015991728
16688,0.0017002599
16689,0.0014887097
16690,0.0009759365
16691,0.000903882
16692,0.0009837482
16693,0.0006510069
16694,0.0014738758
16695,0.0022929471
16696,0.0018743483
16697,0.0017215742
16698,0.0036618947
16699,0.0050835363
16700,0.006813562
16701,0.0066161854
16702,0.004639393
16703,0.0036829673
16704,0.0040339446
16705,0.0042694965
16706,0.0030436215
16707,0.002309704
16708,0.0031123909
16709,0.0023585814
16710,0.0013367562
16711,0.0012217279
16712,0.0016359492
16713,0.0022833697
16714,0.0026937057
16715,0.0023718092
16716,0.0020446493
16717,0.001907669
16718,0.0014540153
16719,0.0008707877
16720,0.001286724
16721,0.0013847508
16722,0.0016823809
16723,0.0019497693
16724,0.0023137578
16725,0.0028301352
16726,0.0029817563
16727,0.0018637753
16728,0.00066891126
16729,0.0007379246
16730,0.001222228
16731,0.0014215263
16732,0.0010948912
16733,0.000931505
16734,0.0013714673
16735,0.002435809
16736,0.0026489384
16737,0.0014516514
16738,0.00079605705
16739,0.0015002968
16740,0.0019783832
16741,0.0017972366
16742,0.0019592843
16743,0.0016347213
16744,0.0012149436
16745,0.0008397188
16746,0.0007915474
16747,0.0011257946
16748,0.0012902477
16749,0.0013864732
16750,0.0009787059
16751,0.001543157
16752,0.0016949967
16753,0.0014342855
16754,0.0016831247
16755,0.0015121221
16756,0.0015325401
16757,0.0015130842
16758,0.0015597588
16759,0.0014229997
16760,0.0014237971
16761,0.0013209432
16762,0.0017729603
16763,0.0017108056
16764,0.0009455526
16765,0.00082690106
16766,0.0011475837
16767,0.0021156545
16768,0.002830896
16769,0.0019817636
16770,0.001395366
16771,0.0017446475
16772,0.0016099468
16773,0.0014803385
16774,0.0012828731
16775,0.0013103693
16776,0.0008946258
16777,0.0008736573
16778,0.0008144178
16779,0.0008456935
16780,0.0010528564
16781,0.0020643822
16782,0.0022449356
16783,0.0016414195
16784,0.0010873158
16785,0.00066799694
16786,0.001101992
16787,0.0011630761
16788,0.0014822639
16789,0.0011991748
16790,0.00067355065
16791,0.00094253133
16792,0.0010057209
16793,0.0010347889
16794,0.00064145925
16795,0.0011494335
16796,0.0011590655
16797,0.0013660452
16798,0.0015846199
16799,0.0017156302
16800,0.0016691295
16801,0.0016721259
16802,0.0016262068
16803,0.0014114174
16804,0.0012138413
16805,0.0008357931
16806,0.0006445371
16807,0.00028587334
16808,0.0006799156
16809,0.0011634014
16810,0.001505564
16811,0.0010629256
16812,0.0006257499
16813,0.0012412254
16814,0.0016314957
16815,0.0019946017
16816,0.0013687483
16817,0.0015753915
16818,0.0021479016
16819,0.0022999935
16820,0.001947559
16821,0.0010711898
16822,0.0010610895
16823,0.001030505
16824,0.0014676028
16825,0.0015568826
16826,0.001125562
16827,0.0014383786
16828,0.0014601473
16829,0.0014449195
16830,0.0013993233
16831,0.0013048495
16832,0.0011079183
16833,0.0009694736
16834,0.00077358447
16835,0.00096887304
16836,0.0015248677
16837,0.0016228567
16838,0.0017434962
16839,0.0016101999
16840,0.0020939596
16841,0.0022961942
16842,0.0012806479
16843,0.0009773966
16844,0.001234454
16845,0.0016910085
16846,0.0024751124
16847,0.0034828917
16848,0.003842118
16849,0.0033824127
16850,0.0018891497
16851,0.0016835569
16852,0.0011530486
16853,0.0009854921
16854,0.0011719505
16855,0.001242889
16856,0.0004779193
16857,0.00046564316
16858,0.00052310055
16859,0.00070834317
16860,0.0007364243
16861,0.00054522156
16862,0.0005894911
16863,0.00064903684
16864,0.0010062128
16865,0.0011904789
16866,0.0013020138
16867,0.0014482994
16868,0.0010850383
16869,0.0007503617
16870,0.001044865
16871,0.00068918394
16872,0.0011226882
16873,0.0015395506
16874,0.0015871892
16875,0.001315667
16876,0.0019328435
16877,0.0025064622
16878,0.0020100523
16879,0.0015407978
16880,0.0015280517
16881,0.0015706179
16882,0.0012452285
16883,0.0009215159
16884,0.0012291615
16885,0.0033358606
16886,0.0035499402
16887,0.003103026
16888,0.0022859047
16889,0.0012124497
16890,0.0023983617
16891,0.0022587131
16892,0.0018858653
16893,0.0018062018
16894,0.0018299258
16895,0.0014148568
16896,0.0014177542
16897,0.0038322806
16898,0.0040062605
16899,0.0019268866
16900,0.0016029901
16901,0.0049028876
16902,0.0050202054
16903,0.0024171819
16904,0.0019149933
16905,0.0018138073
16906,0.0022920459
16907,0.0021739758
16908,0.0016161535
16909,0.0011956749
16910,0.0013125885
16911,0.0026720313
16912,0.0029140692
16913,0.0013451772
16914,0.0017673539
16915,0.0018731834
16916,0.0009697738
16917,0.00063415826
16918,0.001119131
16919,0.0014155149
16920,0.0011729682
16921,0.00100682
16922,0.0008783418
16923,0.0019620007
16924,0.0023070562
16925,0.0025981308
16926,0.0033325087
16927,0.0030547604
16928,0.0025660298
16929,0.0023244126
16930,0.0017043801
16931,0.0024916485
16932,0.003503313
16933,0.0036313434
16934,0.0028265747
16935,0.0023318005
16936,0.0016631555
16937,0.0012254384
16938,0.00096583436
16939,0.0004966144
16940,0.0007223792
16941,0.0011953827
16942,0.0015948173
16943,0.0032002924
16944,0.003308748
16945,0.0023304024
16946,0.0016263142
16947,0.0013734817
16948,0.0013435101
16949,0.0013188485
16950,0.0013882563
16951,0.0025574977
16952,0.0034245446
16953,0.0055170124
16954,0.0049928776
16955,0.0016744913
16956,0.0014942125
16957,0.0016593188
16958,0.0013042472
16959,0.0017155962
16960,0.002164813
16961,0.0018787684
16962,0.0020636914
16963,0.001996133
16964,0.002119242
16965,0.0015269276
16966,0.00048637015
16967,0.00063434185
16968,0.00197395
16969,0.0030801124
16970,0.0028045368
16971,0.0021694328
16972,0.0016246849
16973,0.0014588911
16974,0.00116807
16975,0.0013396922
16976,0.0012206793
16977,0.0014693469
16978,0.0018044123
16979,0.0018288281
16980,0.0024279822
16981,0.004421206
16982,0.0041741366
16983,0.0
16984,0.0017065644
16985,0.0018147217
16986,0.0022009183
16987,0.002559352
16988,0.0029948556
16989,0.0031786936
16990,0.0035935906
16991,0.0034968355
16992,0.0023269153
16993,0.0012430529
16994,0.0010428855
16995,0.0012769611
16996,0.001304961
16997,0.0010922032
16998,0.00092107366
16999,0.0012991495
17000,0.0012653529
17001,0.0019643134
17002,0.0026446062
17003,0.0029079004
17004,0.002401248
17005,0.0029092412
17006,0.0026627572
17007,0.002587231
17008,0.0026776348
17009,0.002633744
17010,0.0019466621
17011,0.0011030743
17012,0.00080050493
17013,0.0007352377
17014,0.0016156132
17015,0.0015748926
17016,0.0013641476
17017,0.0017924369
17018,0.0015636351
17019,0.00119604
17020,0.0015918033
17021,0.0013278873
17022,0.001093242
17023,0.001290586
17024,0.0015039393
17025,0.0015200503
17026,0.001409106
17027,0.0016815158
17028,0.0019323315
17029,0.0013093917
17030,0.001514257
17031,0.004241971
17032,0.005229336
17033,0.0061940392
17034,0.0064287824
17035,0.0031587721
17036,0.0022508784
17037,0.004235984
17038,0.004766742
17039,0.0037329732
17040,0.0028317184
17041,0.0028715727
17042,0.0018299418
17043,0.00088773505
17044,0.0010426064
17045,0.0013989905
17046,0.0018790318
17047,0.0021800452
17048,0.0018559354
17049,0.0021086547
17050,0.002146085
17051,0.0020039764
17052,0.0018810133
17053,0.001720069
17054,0.0013810047
17055,0.0014428635
17056,0.0014542955
17057,0.0018843214
17058,0.002535405
17059,0.002519237
17060,0.0015677803
17061,0.00072262087
17062,0.0007816686
17063,0.0011505724
17064,0.0014057147
17065,0.001320238
17066,0.0009550466
17067,0.0012902928
17068,0.002119242
17069,0.002150813
17070,0.0013486128
17071,0.00082294963
17072,0.0016158654
17073,0.0021613282
17074,0.0016873212
17075,0.0017921446
17076,0.0014984722
17077,0.001042383
17078,0.0010516671
17079,0.0007615267
17080,0.0008242924
17081,0.0010882255
17082,0.001414795
17083,0.0010861107
17084,0.001340018
17085,0.0015830396
17086,0.0015838116
17087,0.0015949997
17088,0.0016547873
17089,0.0014389451
17090,0.0014025227
17091,0.0014188827
17092,0.0016154872
17093,0.0015160819
17094,0.0015151025
17095,0.0019159201
17096,0.0019405977
17097,0.0015005101
17098,0.0015052547
17099,0.0020371627
17100,0.002518983
17101,0.002571174
17102,0.0017917873
17103,0.002082713
17104,0.0018396494
17105,0.001849668
17106,0.001578492
17107,0.0015559663
17108,0.001461263
17109,0.001053934
17110,0.0008975165
17111,0.00071350136
17112,0.00096203
17113,0.001211201
17114,0.0026300615
17115,0.0024399993
17116,0.000748692
17117,0.0007698887
17118,0.000886751
17119,0.0012949985
17120,0.0013216261
17121,0.0016985815
17122,0.0014364147
17123,0.00088323216
17124,0.0009366461
17125,0.0010155982
17126,0.0010570773
17127,0.0010914302
17128,0.0013459991
17129,0.0011508506
17130,0.0009970308
17131,0.0013175679
17132,0.0015897176
17133,0.0016299073
17134,0.0017103292
17135,0.0016936912
17136,0.0017109417
17137,0.0016904576
17138,0.0012068439
17139,0.0010221681
17140,0.0006604606
17141,0.0006183105
17142,0.0009803401
17143,0.0014166863
17144,0.0011778955
17145,0.0008295015
17146,0.0010345639
17147,0.0015093866
17148,0.0022760928
17149,0.0019315481
17150,0.001810531
17151,0.0017700853
17152,0.0019684874
17153,0.0021889715
17154,0.0015069551
17155,0.0009234089
17156,0.0012423972
17157,0.0013030416
17158,0.0017014063
17159,0.0015884906
17160,0.0014438314
17161,0.001270151
17162,0.00097058376
17163,0.0011701611
17164,0.0010983944
17165,0.0009354335
17166,0.0012295403
17167,0.0010457559
17168,0.0007619852
17169,0.0009727403
17170,0.00050985825
17171,0.00073902804
17172,0.0008299926
17173,0.002596069
17174,0.0029386543
17175,0.0017403216
17176,0.0017312003
17177,0.0018807657
17178,0.001685302
17179,0.0018358169
17180,0.0016889591
17181,0.0017926805
17182,0.0014730463
17183,0.0020210552
17184,0.0019469761
17185,0.0015024872
17186,0.0013416025
17187,0.0015918764
17188,0.0015926624
17189,0.0012149197
17190,0.0010908433
17191,0.0009076415
17192,0.0006705192
17193,0.0005274224
17194,0.0005000601
17195,0.00044013077
17196,0.0005755517
17197,0.0007210888
17198,0.00081905024
17199,0.0007885635
17200,0.0007237477
17201,0.00085646537
17202,0.00095419295
17203,0.0010696673
17204,0.0012717769
17205,0.0017403718
17206,0.0020310532
17207,0.0017467815
17208,0.002071349
17209,0.0019991635
17210,0.0026060273
17211,0.002218226
17212,0.0014307505
17213,0.0010183741
17214,0.0010622682
17215,0.0008138816
17216,0.0007233857
17217,0.0012380088
17218,0.0031075433
17219,0.0033862137
17220,0.0034303018
17221,0.0025450636
17222,0.0012233229
17223,0.0029449067
17224,0.0027240464
17225,0.0016832458
17226,0.0016760201
17227,0.0016690772
17228,0.0012889613
17229,0.002313984
17230,0.0048647546
17231,0.0041978452
17232,0.001420953
17233,0.0016685016
17234,0.0053881733
17235,0.0045785015
17236,0.0015984447
17237,0.0025288537
17238,0.0029931546
17239,0.0029467542
17240,0.003033133
17241,0.0029292305
17242,0.0031925621
17243,0.0032676707
17244,0.0031648197
17245,0.002338481
17246,0.0008793022
17247,0.00085500296
17248,0.0012995526
17249,0.0011801912
17250,0.0011139961
17251,0.0015505137
17252,0.0019135337
17253,0.0012941216
17254,0.00093281636
17255,0.00091571803
17256,0.0016309961
17257,0.0016901821
17258,0.001733015
17259,0.002787748
17260,0.0030582836
17261,0.0030539408
17262,0.0028137679
17263,0.0017759781
17264,0.001724547
17265,0.0026707894
17266,0.0034825574
17267,0.0032890479
17268,0.0027551623
17269,0.0018889339
17270,0.0013877531
17271,0.0011362421
17272,0.0009223998
17273,0.0008397188
17274,0.0009593338
17275,0.0012465833
17276,0.0027927023
17277,0.0037726257
17278,0.0032413076
17279,0.0015260315
17280,0.0013202601
17281,0.001111747
17282,0.0009935511
17283,0.0015863454
17284,0.0025042319
17285,0.0034329563
17286,0.0056340587
17287,0.0049379454
17288,0.0017341733
17289,0.0012052753
17290,0.0012767786
17291,0.0015005295
17292,0.0019309605
17293,0.003865898
17294,0.0044531096
17295,0.0043256246
17296,0.0035027813
17297,0.0025769968
17298,0.0018292577
17299,0.0013198853
17300,0.0009757277
17301,0.0013599383
17302,0.002765737
17303,0.0037533753
17304,0.0039248248
17305,0.0034269402
17306,0.002462735
17307,0.00199501
17308,0.0021119646
17309,0.00090552267
17310,0.0011540831
17311,0.0017266552
17312,0.0017605396
17313,0.0024272988
17314,0.004149598
17315,0.0038350136
17316,0.0
17317,0.0014067702
17318,0.001715698
17319,0.0025971897
17320,0.0029901583
17321,0.0032618227
17322,0.0033797356
17323,0.0041115074
17324,0.004504219
17325,0.003821489
17326,0.002507774
17327,0.002036148
17328,0.0018051219
17329,0.0014154532
17330,0.0010730086
17331,0.0010328182
17332,0.0012228708
17333,0.0011820146
17334,0.0011480654
17335,0.0018968675
17336,0.0022766425
17337,0.0022217524
17338,0.0022292458
17339,0.002481114
17340,0.0027392502
17341,0.0028467868
17342,0.0024587729
17343,0.0016116995
17344,0.0008713557
17345,0.00058894773
17346,0.00083338696
17347,0.0013829211
17348,0.0011708573
17349,0.001162951
17350,0.0014914637
17351,0.0011875172
17352,0.0008692824
17353,0.0010980234
17354,0.0010480911
17355,0.0015123145
17356,0.0017589022
17357,0.0016923676
17358,0.0015795795
17359,0.0016853538
17360,0.0021215067
17361,0.002187841
17362,0.0015963677
17363,0.002530821
17364,0.0048410776
17365,0.005331555
17366,0.0066613746
17367,0.00628751
17368,0.002885707
17369,0.002085743
17370,0.0043936237
17371,0.005308518
17372,0.0040523936
17373,0.0028205346
17374,0.0022041425
17375,0.0016275485
17376,0.0011429586
17377,0.0009153366
17378,0.0011360627
17379,0.0015858132
17380,0.0019678515
17381,0.0023009803
17382,0.0024329156
17383,0.002303395
17384,0.0021081164
17385,0.0020022038
17386,0.0018680023
17387,0.0016344008
17388,0.0011908456
17389,0.0010986328
17390,0.0017063086
17391,0.0022303683
17392,0.0020576748
17393,0.001863791
17394,0.0017303932
17395,0.0018432055
17396,0.0015064916
17397,0.0015597588
17398,0.0013846038
17399,0.0011143357
17400,0.0012869728
17401,0.0019065855
17402,0.0015973336
17403,0.0011616239
17404,0.00083478267
17405,0.00154491
17406,0.0024058374
17407,0.0022692543
17408,0.0016478256
17409,0.0009080262
17410,0.0009698938
17411,0.0013516953
17412,0.00081623823
17413,0.00071870355
17414,0.00090885913
17415,0.0014021698
17416,0.0012963687
17417,0.00089195423
17418,0.00091980887
17419,0.00095361326
17420,0.001075068
17421,0.0013025278
17422,0.0011738115
17423,0.0014789025
17424,0.0014922051
17425,0.0019501126
17426,0.0015629276
17427,0.0016380117
17428,0.001737225
17429,0.0015894979
17430,0.0015020028
17431,0.0016134321
17432,0.0018719089
17433,0.0025108359
17434,0.0024223058
17435,0.0019309755
17436,0.002996886
17437,0.0024875922
17438,0.0015845464
17439,0.0009867613
17440,0.0012454621
17441,0.0010331564
17442,0.0008996865
17443,0.0009610918
17444,0.0006301991
17445,0.0008724572
17446,0.0011933846
17447,0.0026206498
17448,0.0024335138
17449,0.0009558995
17450,0.00067845866
17451,0.0006043617
17452,0.0010082931
17453,0.0012151113
17454,0.0019373405
17455,0.0017577271
17456,0.0011446889
17457,0.0006801724
17458,0.000532912
17459,0.0008339106
17460,0.00095058704
17461,0.0012162126
17462,0.0012231326
17463,0.0007399333
17464,0.0010956352
17465,0.0010032001
17466,0.0010475356
17467,0.0012909017
17468,0.0014554157
17469,0.0018567664
17470,0.001827443
17471,0.0016314957
17472,0.0011273188
17473,0.00091262994
17474,0.0007747499
17475,0.00085707684
17476,0.0012125698
17477,0.0011169444
17478,0.0009846353
17479,0.0007358313
17480,0.001016343
17481,0.0018416891
17482,0.0015816417
17483,0.0014510298
17484,0.0010573526
17485,0.0012243455
17486,0.002005849
17487,0.0017312339
17488,0.0008318839
17489,0.0011936041
17490,0.0015827822
17491,0.0017869241
17492,0.0015968962
17493,0.0012104077
17494,0.0011331899
17495,0.0010361662
17496,0.0010485075
17497,0.0008609392
17498,0.00094702886
17499,0.001259428
17500,0.0011591408
17501,0.00080206676
17502,0.0011726208
17503,0.0009839553
17504,0.0008660623
17505,0.0009508319
17506,0.0034338548
17507,0.0038330855
17508,0.002471653
17509,0.002191297
17510,0.0020705902
17511,0.0015717663
17512,0.0011183505
17513,0.00080308213
17514,0.0009485028
17515,0.001684853
17516,0.0028493006
17517,0.0025795929
17518,0.001131442
17519,0.0008702862
17520,0.0013711489
17521,0.0017080305
17522,0.0017074681
17523,0.0015462093
17524,0.0012752505
17525,0.0012234419
17526,0.0008655581
17527,0.00070965674
17528,0.00071288925
17529,0.00084864796
17530,0.00061315845
17531,0.0005861739
17532,0.00073713536
17533,0.0010517224
17534,0.0012711359
17535,0.0016352197
17536,0.0015283945
17537,0.0017263349
17538,0.0018441053
17539,0.0017420265
17540,0.0016508782
17541,0.0027129552
17542,0.0018042187
17543,0.0013723582
17544,0.001542742
17545,0.0013442897
17546,0.0009531859
17547,0.0010237328
17548,0.0011581864
17549,0.0011956749
17550,0.0014637506
17551,0.0025492455
17552,0.0029674422
17553,0.0036404047
17554,0.0027056613
17555,0.0013181863
17556,0.0029550192
17557,0.002539603
17558,0.0012153268
17559,0.0015627414
17560,0.0017080305
17561,0.0010241307
17562,0.002429492
17563,0.0052973717
17564,0.004610453
17565,0.0013403437
17566,0.0017926967
17567,0.00547536
17568,0.0044526523
17569,0.0016774087
17570,0.0033509636
17571,0.0041784085
17572,0.004584371
17573,0.0045500174
17574,0.0039755735
17575,0.0036123954
17576,0.0032517873
17577,0.0027187741
17578,0.0014737771
17579,0.0009879404
17580,0.001071217
17581,0.0016399649
17582,0.0019485301
17583,0.002318633
17584,0.0022961055
17585,0.0020198165
17586,0.0010918567
17587,0.0008893073
17588,0.0012273844
17589,0.0015213327
17590,0.0015933566
17591,0.0014591105
17592,0.0019846107
17593,0.0026822612
17594,0.002879053
17595,0.0025596817
17596,0.0020687059
17597,0.0018886565
17598,0.0020940707
17599,0.0029723027
17600,0.002782
17601,0.0026880382
17602,0.0019984064
17603,0.0018190147
17604,0.0014698618
17605,0.001136037
17606,0.0012405452
17607,0.001109677
17608,0.0017652282
17609,0.0021043164
17610,0.00355592
17611,0.003866711
17612,0.0021361215
17613,0.0016166217
17614,0.0013298147
17615,0.00082915055
17616,0.0015292512
17617,0.0026426355
17618,0.003917269
17619,0.0053280545
17620,0.004475126
17621,0.0020341172
17622,0.0012095177
17623,0.0010579305
17624,0.0015091359
17625,0.0024664903
17626,0.0041539795
17627,0.004437882
17628,0.0034926382
17629,0.0026144679
17630,0.0015208543
17631,0.0015148912
17632,0.0013928609
17633,0.0012482165
17634,0.001200315
17635,0.0019896782
17636,0.0030726765
17637,0.0035758184
17638,0.0034541024
17639,0.0028681247
17640,0.0034033258
17641,0.0033079034
17642,0.00083090377
17643,0.0011657255
17644,0.0018961463
17645,0.0020393902
17646,0.002451043
17647,0.0037313122
17648,0.0038372441
17649,0.0
17650,0.0013305367
17651,0.0017785492
17652,0.0020330297
17653,0.0022504516
17654,0.0019334758
17655,0.0019119969
17656,0.0028711876
17657,0.0039424263
17658,0.003739275
17659,0.0027149927
17660,0.0018485032
17661,0.0016660055
17662,0.0015640631
17663,0.0014665712
17664,0.0013021926
17665,0.0010861375
17666,0.0008549008
17667,0.00065781135
17668,0.0015829845
17669,0.0020142612
17670,0.0020068497
17671,0.0016620352
17672,0.0019146133
17673,0.0020200182
17674,0.0020591735
17675,0.0019371151
17676,0.0016860444
17677,0.0014304657
17678,0.0010508642
17679,0.001044865
17680,0.0012893451
17681,0.0011645015
17682,0.001217002
17683,0.0010007602
17684,0.00091282127
17685,0.0009184473
17686,0.001206096
17687,0.0019197746
17688,0.002198603
17689,0.0019024137
17690,0.0011610475
17691,0.0012448076
17692,0.0012659738
17693,0.0018215249
17694,0.0014864402
17695,0.001432194
17696,0.0032882248
17697,0.0049026683
17698,0.0072781304
17699,0.008063
17700,0.0059084822
17701,0.0029473172
17702,0.0027025077
17703,0.0045646545
17704,0.0060897386
17705,0.0049672867
17706,0.0027648425
17707,0.001638438
17708,0.001364425
17709,0.0014577735
17710,0.0018540528
17711,0.0019279738
17712,0.0021519896
17713,0.0022196688
17714,0.0025214544
17715,0.0020370625
17716,0.0012392541
17717,0.0011115114
17718,0.0013460856
17719,0.0012647088
17720,0.001313608
17721,0.0008339455
17722,0.0015268322
17723,0.0019032701
17724,0.0020265486
17725,0.001670907
17726,0.0014594895
17727,0.0016097118
17728,0.001824957
17729,0.0018559982
17730,0.001790081
17731,0.0010587829
17732,0.00072955526
17733,0.0011578847
17734,0.0014701588
17735,0.0014736191
17736,0.001304671
17737,0.00079788297
17738,0.0014722162
17739,0.0022103135
17740,0.002245078
17741,0.0017979328
17742,0.0016195715
17743,0.0012668011
17744,0.0015120452
17745,0.0010535473
17746,0.0009879109
17747,0.0010058366
17748,0.001063774
17749,0.0011927015
17750,0.0007650727
17751,0.0006110664
17752,0.0007894488
17753,0.0009883527
17754,0.0012145842
17755,0.0012241316
17756,0.0012204886
17757,0.0016347035
17758,0.0025542297
17759,0.002386013
17760,0.0021587817
17761,0.0015157746
17762,0.00082918565
17763,0.0008794015
17764,0.00092554966
17765,0.0011184546
17766,0.0022569343
17767,0.0021391849
17768,0.0018612752
17769,0.0039941757
17770,0.0034423538
17771,0.0009150822
17772,0.00072979456
17773,0.0009265553
17774,0.0006415046
17775,0.0009313175
17776,0.0011581864
17777,0.0009748623
17778,0.0013017008
17779,0.0016777037
17780,0.0023637214
17781,0.0019330393
17782,0.0009025932
17783,0.0006929742
17784,0.00072735787
17785,0.0008943981
17786,0.0012514998
17787,0.0018884563
17788,0.0021434526
17789,0.0018939502
17790,0.0013705544
17791,0.0010880651
17792,0.0011053937
17793,0.0010980763
17794,0.001532787
17795,0.0015530082
17796,0.0008919216
17797,0.0010005857
17798,0.0009787356
17799,0.00085193384
17800,0.0009914985
17801,0.0011434424
17802,0.0013804145
17803,0.0014039538
17804,0.001371743
17805,0.00068715395
17806,0.00061173283
17807,0.0007046769
17808,0.0007678067
17809,0.0010605956
17810,0.0012644556
17811,0.0010462011
17812,0.00069301616
17813,0.00059577706
17814,0.000903882
17815,0.00080565107
17816,0.00083009776
17817,0.00087072083
17818,0.00094908563
17819,0.0019554482
17820,0.0019503514
17821,0.0010823258
17822,0.001285502
17823,0.0016435635
17824,0.001724665
17825,0.0015531394
17826,0.0010000911
17827,0.0011210019
17828,0.0012214181
17829,0.00097477273
17830,0.0006946102
17831,0.000860432
17832,0.001110909
17833,0.0009559604
17834,0.00092715194
17835,0.0011820146
17836,0.0010784467
17837,0.000883331
17838,0.001178266
17839,0.004471841
17840,0.0045298496
17841,0.002163347
17842,0.0018935044
17843,0.0015942149
17844,0.00095906074
17845,0.0006629676
17846,0.0007548861
17847,0.000987233
17848,0.0015916204
17849,0.0028122573
17850,0.0027307584
17851,0.0011035491
17852,0.00083725434
17853,0.001468158
17854,0.0018774823
17855,0.002233602
17856,0.0016927115
17857,0.0010542101
17858,0.0010504765
17859,0.00069456827
17860,0.0009120877
17861,0.0010284978
17862,0.0011533768
17863,0.0011251223
17864,0.0015181153
17865,0.0014031036
17866,0.0016700533
17867,0.0017932648
17868,0.0024130968
17869,0.0022468276
17870,0.001979633
17871,0.0013633154
17872,0.00096378307
17873,0.0019472003
17874,0.002958425
17875,0.0018761796
17876,0.0009901767
17877,0.0013371916
17878,0.0016847666
17879,0.0011288668
17880,0.0007816686
17881,0.0014632534
17882,0.0017862236
17883,0.0019584077
17884,0.0022648254
17885,0.0025358873
17886,0.0032898353
17887,0.0025432217
17888,0.0014466507
17889,0.0024885864
17890,0.0022162045
17891,0.0013647876
17892,0.0018359595
17893,0.0021227547
17894,0.0022913981
17895,0.0029473172
17896,0.0052896966
17897,0.004693566
17898,0.0012818291
17899,0.0019516045
17900,0.0052798716
17901,0.0042687603
17902,0.0027806605
17903,0.0036319203
17904,0.003901904
17905,0.0037181226
17906,0.003498566
17907,0.0027484887
17908,0.001382837
17909,0.0011638015
17910,0.0007057912
17911,0.00087438984
17912,0.0011597935
17913,0.001680425
17914,0.0020177837
17915,0.0022181736
17916,0.0020911223
17917,0.0019161175
17918,0.0014492035
17919,0.0010727374
17920,0.0011097819
17921,0.0012695092
17922,0.0012377972
17923,0.001365214
17924,0.0011594923
17925,0.0013181863
17926,0.0022169529
17927,0.0024636684
17928,0.0022605937
17929,0.0020217465
17930,0.0018261048
17931,0.001572766
17932,0.0015730435
17933,0.0012394655
17934,0.000948963
17935,0.0012979392
17936,0.0016495379
17937,0.0017479807
17938,0.0015526334
17939,0.0014467916
17940,0.0012401228
17941,0.0019005158
17942,0.001970172
17943,0.0029663043
17944,0.0037798088
17945,0.0032170273
17946,0.003082398
17947,0.002569396
17948,0.0016283888
17949,0.001615343
17950,0.003112073
17951,0.003932877
17952,0.004316026
17953,0.003751087
17954,0.0019664164
17955,0.0014182673
17956,0.0012783733
17957,0.0014942515
17958,0.0025427754
17959,0.0036181917
17960,0.0029119812
17961,0.00103248
17962,0.000953308
17963,0.00072007906
17964,0.0007483421
17965,0.0005615773
17966,0.0012705633
17967,0.0015999188
17968,0.0014500667
17969,0.0014183493
17970,0.0020144924
17971,0.0026540316
17972,0.0025003587
17973,0.003979722
17974,0.0038285195
17975,0.0010727374
17976,0.0011981308
17977,0.001915054
17978,0.0022655448
17979,0.0030252065
17980,0.00374806
17981,0.003580983
17982,0.0
17983,0.0019070281
17984,0.0021792573
17985,0.0016084638
17986,0.0015800401
17987,0.0011537804
17988,0.0012131697
17989,0.002103348
17990,0.002912051
17991,0.0029330433
17992,0.0024286534
17993,0.0014164398
17994,0.0014371034
17995,0.001396075
17996,0.0012118735
17997,0.0012219661
17998,0.0008076715
17999,0.0005547467
18000,0.00047061677
18001,0.00042860632
18002,0.0013863053
18003,0.0015029907
18004,0.00093103625
18005,0.0013083466
18006,0.001560449
18007,0.0015582093
18008,0.0015348742
18009,0.0015738389
18010,0.0015314192
18011,0.001389744
18012,0.0014061286
18013,0.0014242672
18014,0.00086100685
18015,0.00090943533
18016,0.0007999594
18017,0.0012957399
18018,0.001702928
18019,0.0015112365
18020,0.0016845765
18021,0.0015284707
18022,0.0011655508
18023,0.0010258061
18024,0.0011282995
18025,0.0011282995
18026,0.0016462529
18027,0.0010417965
18028,0.0010858695
18029,0.0036186178
18030,0.0049992157
18031,0.007493988
18032,0.008505694
18033,0.0052041253
18034,0.0018665061
18035,0.0029650873
18036,0.0054004043
18037,0.007030051
18038,0.0053685466
18039,0.0025522918
18040,0.0018236646
18041,0.0025790627
18042,0.0025829303
18043,0.002745533
18044,0.0025570197
18045,0.002215561
18046,0.0018479364
18047,0.0020575756
18048,0.0015398152
18049,0.0008457623
18050,0.0011425257
18051,0.0014298145
18052,0.0013307554
18053,0.0012046957
18054,0.00071631034
18055,0.0016199308
18056,0.0018092286
18057,0.0015430062
18058,0.0009841328
18059,0.0010980763
18060,0.0009612129
18061,0.0014517717
18062,0.0023193234
18063,0.0021997278
18064,0.001222728
18065,0.0010739304
18066,0.001469941
18067,0.0015698766
18068,0.0015292512
18069,0.001129537
18070,0.0005288001
18071,0.0010692046
18072,0.0016623328
18073,0.002206254
18074,0.0024596723
18075,0.0028747737
18076,0.0023609125
18077,0.0019360932
18078,0.0012551455
18079,0.00077636354
18080,0.00071631034
18081,0.00085547933
18082,0.0009650807
18083,0.00092523516
18084,0.00091144926
18085,0.0012206316
18086,0.0011915297
18087,0.0014209735
18088,0.0011927504
18089,0.0010038961
18090,0.0015255165
18091,0.0027667892
18092,0.0033192688
18093,0.0029503768
18094,0.0019541827
18095,0.0013669397
18096,0.0012995751
18097,0.00078593876
18098,0.0005894417
18099,0.0022314903
18100,0.002336003
18101,0.0012605136
18102,0.004053428
18103,0.0042170817
18104,0.0014989576
18105,0.0007575032
18106,0.0009565082
18107,0.0009899415
18108,0.0013437051
18109,0.0013360375
18110,0.001729451
18111,0.0019366944
18112,0.001885356
18113,0.0019220926
18114,0.001444577
18115,0.00084541814
18116,0.0008058317
18117,0.0010249546
18118,0.0012610906
18119,0.0015611389
18120,0.0020200901
18121,0.0027652846
18122,0.0023601972
18123,0.0010503933
18124,0.00084134616
18125,0.0009065827
18126,0.0006578556
18127,0.0013334645
18128,0.0016750301
18129,0.0013837627
18130,0.0011975477
18131,0.00094807317
18132,0.0007472524
18133,0.0006622648
18134,0.0006881274
18135,0.0010312109
18136,0.0013677485
18137,0.0012286168
18138,0.0005058467
18139,0.0006033978
18140,0.0008397188
18141,0.00088155
18142,0.0012870632
18143,0.0015425157
18144,0.0011740843
18145,0.000890452
18146,0.00066882424
18147,0.0007104765
18148,0.00068918394
18149,0.00096881296
18150,0.0008724239
18151,0.0010190883
18152,0.0015965499
18153,0.001471089
18154,0.00077587605
18155,0.0010831322
18156,0.001972608
18157,0.001904707
18158,0.0013383881
18159,0.0011556203
18160,0.0011132644
18161,0.001132676
18162,0.0009603041
18163,0.00093459303
18164,0.0012262932
18165,0.0008759196
18166,0.0006306146
18167,0.000931005
18168,0.0009896475
18169,0.00080050493
18170,0.0008496762
18171,0.00147906
18172,0.004158461
18173,0.0043478045
18174,0.002123536
18175,0.0015137573
18176,0.000957299
18177,0.0008671706
18178,0.0007743742
18179,0.0007028987
18180,0.0010229365
18181,0.0012720971
18182,0.0024635384
18183,0.0027248904
18184,0.0016009371
18185,0.0013474037
18186,0.0018062501
18187,0.0021320165
18188,0.0021923461
18189,0.0013527714
18190,0.0009142867
18191,0.0011053937
18192,0.0011057885
18193,0.001427329
18194,0.0011901611
18195,0.0008396148
18196,0.0011421435
18197,0.0021520304
18198,0.0016671405
18199,0.0015456822
18200,0.0018711003
18201,0.0023744951
18202,0.0020961405
18203,0.0016641002
18204,0.0011518617
18205,0.0011792537
18206,0.0025832457
18207,0.0027961081
18208,0.0018644623
18209,0.00046319913
18210,0.0011674968
18211,0.001628907
18212,0.0011662247
18213,0.0011870268
18214,0.0014643072
18215,0.0016096937
18216,0.0018639939
18217,0.0017960704
18218,0.0021855785
18219,0.0026816535
18220,0.0021018533
18221,0.0019653947
18222,0.0019729326
18223,0.0013496914
18224,0.0009494842
18225,0.0011269574
18226,0.0016702625
18227,0.0022481096
18228,0.0033170586
18229,0.0045029074
18230,0.004296013
18231,0.001421342
18232,0.0018333262
18233,0.0050158324
18234,0.003914504
18235,0.0027309395
18236,0.0033342985
18237,0.0024050872
18238,0.0014690101
18239,0.0008703531
18240,0.00077520055
18241,0.0009285635
18242,0.0009847832
18243,0.0007890432
18244,0.0008178412
18245,0.0010456446
18246,0.001523512
18247,0.0013810679
18248,0.0016869935
18249,0.0014004044
18250,0.001161248
18251,0.00063001434
18252,0.00090991525
18253,0.0013211415
18254,0.001507013
18255,0.0013225947
18256,0.0014252476
18257,0.0012963687
18258,0.0011222992
18259,0.002052137
18260,0.0024291207
18261,0.0020656365
18262,0.0014830295
18263,0.0013437484
18264,0.0013737148
18265,0.0014007161
18266,0.0010403428
18267,0.0007151718
18268,0.00096667773
18269,0.0013323509
18270,0.0014597885
18271,0.0013846038
18272,0.0011591157
18273,0.0009824752
18274,0.0017333004
18275,0.001787836
18276,0.0018580983
18277,0.0025768725
18278,0.002748997
18279,0.0029251738
18280,0.0028060721
18281,0.0019743629
18282,0.0015315332
18283,0.0034350073
18284,0.0040671686
18285,0.003764331
18286,0.0035655648
18287,0.0027063603
18288,0.0022801042
18289,0.002495465
18290,0.002502325
18291,0.0032660582
18292,0.0032395024
18293,0.0022398739
18294,0.0014660751
18295,0.0008953412
18296,0.00080043223
18297,0.001064157
18298,0.0012934468
18299,0.0019382567
18300,0.0019604724
18301,0.0014481186
18302,0.00079356704
18303,0.0011562498
18304,0.0019213657
18305,0.0018108203
18306,0.0036355725
18307,0.0035743855
18308,0.0013901419
18309,0.0015400987
18310,0.001868314
18311,0.0021645708
18312,0.002992007
18313,0.004206371
18314,0.003812614
18315,0.0
18316,0.00175159
18317,0.002189357
18318,0.0015573686
18319,0.0011850393
18320,0.0007181364
18321,0.0007816686
18322,0.001966505
18323,0.0023777043
18324,0.0024435034
18325,0.002260027
18326,0.001731923
18327,0.0013915439
18328,0.0012297296
18329,0.00096112204
18330,0.0010088702
18331,0.0008978731
18332,0.00070011907
18333,0.00033931513
18334,0.0005472462
18335,0.0011762141
18336,0.000989118
18337,0.0006137278
18338,0.000951138
18339,0.001110909
18340,0.0010516949
18341,0.0011580858
18342,0.00130563
18343,0.0011844988
18344,0.0009199671
18345,0.0009941075
18346,0.0010285827
18347,0.0007777868
18348,0.00067622436
18349,0.0007345645
18350,0.0018283346
18351,0.0021336812
18352,0.0013207009
18353,0.001071217
18354,0.00087767886
18355,0.0011510024
18356,0.0015295557
18357,0.0015929365
18358,0.0016128006
18359,0.0020482899
18360,0.0017558219
18361,0.0018367044
18362,0.0032896583
18363,0.0049431175
18364,0.0077649886
18365,0.008458508
18366,0.0050423774
18367,0.0015810528
18368,0.0022295723
18369,0.005627955
18370,0.007634036
18371,0.005941834
18372,0.0035529968
18373,0.0027361459
18374,0.0032746638
18375,0.0034044716
18376,0.0032014742
18377,0.0024709583
18378,0.0013759164
18379,0.0013757049
18380,0.001478942
18381,0.0012118495
18382,0.00052103796
18383,0.0017000373
18384,0.0021492832
18385,0.0015626668
18386,0.0010358571
18387,0.0008398574
18388,0.001577699
18389,0.0017031673
18390,0.0010345076
18391,0.00090152846
18392,0.0013927146
18393,0.0021296947
18394,0.0027630313
18395,0.00301696
18396,0.002331601
18397,0.0011024146
18398,0.0012649619
18399,0.002068565
18400,0.0018909667
18401,0.0019346195
18402,0.0014665514
18403,0.0011560484
18404,0.0014317266
18405,0.001721236
18406,0.0018619631
18407,0.0023714167
18408,0.0030280047
18409,0.003457808
18410,0.0033112804
18411,0.0026644615
18412,0.0016941552
18413,0.0010752034
18414,0.00068333145
18415,0.00047572196
18416,0.000588305
18417,0.0011084174
18418,0.0018493218
18419,0.0015319702
18420,0.0014074941
18421,0.0009979936
18422,0.0012835081
18423,0.0017763878
18424,0.002702314
18425,0.0039610816
18426,0.0032376242
18427,0.0016287462
18428,0.0015698024
18429,0.0016298358
18430,0.0007968244
18431,0.0006746732
18432,0.0019318194
18433,0.0022603618
18434,0.0013162419
18435,0.0033540279
18436,0.004145795
18437,0.0026121626
18438,0.0010445864
18439,0.00066546514
18440,0.00090256095
18441,0.0010748515
18442,0.00092831266
18443,0.0015112365
18444,0.0018629163
18445,0.0017440802
18446,0.0016754818
18447,0.0010464515
18448,0.0009950147
18449,0.0008958612
18450,0.0014044718
18451,0.001723399
18452,0.0017548768
18453,0.0017498445
18454,0.0027935775
18455,0.0024908076
18456,0.0010669157
18457,0.0007753132
18458,0.0010619942
18459,0.00089797034
18460,0.0010864323
18461,0.0009806963
18462,0.0007099028
18463,0.0004748647
18464,0.00064917136
18465,0.0007688674
18466,0.0010225951
18467,0.0013318703
18468,0.001787836
18469,0.0017470814
18470,0.0013558874
18471,0.000786383
18472,0.00072278193
18473,0.0009639945
18474,0.00093328423
18475,0.0012223233
18476,0.0013932995
18477,0.0009803994
18478,0.0008602629
18479,0.0009193658
18480,0.0008700521
18481,0.0009308799
18482,0.0011509517
18483,0.0011114328
18484,0.0016407102
18485,0.0019402377
18486,0.0016806502
18487,0.0010730086
18488,0.0013603875
18489,0.002179124
18490,0.0021115236
18491,0.0013956997
18492,0.0011920182
18493,0.00093281636
18494,0.00095492473
18495,0.00094693666
18496,0.0010587005
18497,0.0010312955
18498,0.00093275396
18499,0.00083690666
18500,0.0010130733
18501,0.00072245975
18502,0.00063153694
18503,0.00095492473
18504,0.0016645199
18505,0.0039980793
18506,0.004206115
18507,0.002453915
18508,0.0015253066
18509,0.0009336272
18510,0.0011415064
18511,0.0009085068
18512,0.0007747123
18513,0.0011936041
18514,0.0013927146
18515,0.0020281852
18516,0.0023501508
18517,0.0016899238
18518,0.0015855379
18519,0.0018667555
18520,0.0020022618
18521,0.001641455
18522,0.0012663186
18523,0.0013919203
18524,0.0016173957
18525,0.001469941
18526,0.0012831907
18527,0.0008397188
18528,0.00089417025
18529,0.0018637753
18530,0.0024909477
18531,0.0016250431
18532,0.0010690412
18533,0.0014782727
18534,0.0018519952
18535,0.0016423059
18536,0.0014856373
18537,0.0018108203
18538,0.002851802
18539,0.0035074975
18540,0.0027230098
18541,0.0014662538
18542,0.00079294335
18543,0.0013232107
18544,0.0016112479
18545,0.0014266968
18546,0.0015777175
18547,0.0017251712
18548,0.0014206048
18549,0.0016055299
18550,0.0016929694
18551,0.0018285894
18552,0.0016962839
18553,0.0014571744
18554,0.0017887799
18555,0.0014764012
18556,0.0011049197
18557,0.001136703
18558,0.0011879827
18559,0.0013936128
18560,0.0018680647
18561,0.0028609314
18562,0.0033031667
18563,0.003039957
18564,0.0013347516
18565,0.0021677553
18566,0.0040970277
18567,0.0027724425
18568,0.0019087519
18569,0.0026921495
18570,0.0018563746
18571,0.000890452
18572,0.00058537896
18573,0.0009773073
18574,0.0009717824
18575,0.00077253033
18576,0.0009442898
18577,0.0009507401
18578,0.0012818064
18579,0.0015673346
18580,0.0011576837
18581,0.0010726016
18582,0.0012838709
18583,0.001119677
18584,0.00081377424
18585,0.0007709842
18586,0.0012169064
18587,0.0012902477
18588,0.0012142487
18589,0.0014056525
18590,0.0014609046
18591,0.0014948747
18592,0.0016439884
18593,0.0021655657
18594,0.0021849924
18595,0.0018324052
18596,0.0014300587
18597,0.0014942321
18598,0.001559796
18599,0.0012290668
18600,0.0008433156
18601,0.00080770755
18602,0.00081452494
18603,0.0011205605
18604,0.0009909993
18605,0.0010485075
18606,0.0008709882
18607,0.0010383547
18608,0.0014031657
18609,0.0016987871
18610,0.0021484976
18611,0.0023350061
18612,0.002019269
18613,0.0022623825
18614,0.0018435371
18615,0.0018967908
18616,0.003858317
18617,0.0042312196
18618,0.0028319547
18619,0.0026570344
18620,0.0023479082
18621,0.002273201
18622,0.0025402675
18623,0.0026969558
18624,0.0035033629
18625,0.0036179663
18626,0.0028283761
18627,0.0014991906
18628,0.001294459
18629,0.0016436521
18630,0.0018974046
18631,0.0021964707
18632,0.0023232226
18633,0.0019700096
18634,0.0013342282
18635,0.0007249129
18636,0.0014343059
18637,0.002553147
18638,0.0025804616
18639,0.0030333633
18640,0.002665248
18641,0.0013831736
18642,0.0018813382
18643,0.0027312913
18644,0.0027564508
18645,0.0037638673
18646,0.0045211744
18647,0.0031340378
18648,0.0
18649,0.0018564529
18650,0.001971693
18651,0.0011382126
18652,0.00088125287
18653,0.0011135257
18654,0.0014761054
18655,0.001724412
18656,0.0018768156
18657,0.0017916899
18658,0.0018794809
18659,0.0016568614
18660,0.0014414913
18661,0.0010575728
18662,0.0010357728
18663,0.001062816
18664,0.001149712
18665,0.0012415536
18666,0.0012345247
18667,0.0011559225
18668,0.000924228
18669,0.0008462096
18670,0.0006244929
18671,0.0007560033
18672,0.00094206806
18673,0.0014842458
18674,0.0017303595
18675,0.0015205863
18676,0.0010654962
18677,0.000868914
18678,0.0006128736
18679,0.00053138065
18680,0.0005968508
18681,0.00068158295
18682,0.00088671816
18683,0.0023502375
18684,0.0024902348
18685,0.0012115133
18686,0.0007640068
18687,0.00090529764
18688,0.0013857803
18689,0.0016543652
18690,0.0010739033
18691,0.0013730155
18692,0.0021608702
18693,0.0024187467
18694,0.0024101401
18695,0.0028720086
18696,0.004972118
18697,0.006205109
18698,0.007053366
18699,0.0059297723
18700,0.0025802248
18701,0.0020389478
18702,0.006062422
18703,0.007777336
18704,0.0055003227
18705,0.0048282617
18706,0.0042572566
18707,0.0035685755
18708,0.002739877
18709,0.0020414013
18710,0.0013017455
18711,0.00074326905
18712,0.0008483393
18713,0.000996622
18714,0.0010429692
18715,0.0007490807
18716,0.0022766425
18717,0.002473407
18718,0.0011966481
18719,0.0006284417
18720,0.00096465845
18721,0.001447053
18722,0.0016148204
18723,0.0010564163
18724,0.0011945546
18725,0.0016620702
18726,0.0021613282
18727,0.0025092822
18728,0.0023264776
18729,0.0014213012
18730,0.0014799453
18731,0.00183258
18732,0.0022222502
18733,0.0017570149
18734,0.001966875
18735,0.0015622012
18736,0.0012845055
18737,0.0012449246
18738,0.0012414833
18739,0.001464804
18740,0.0016919376
18741,0.0021868697
18742,0.002837099
18743,0.003125343
18744,0.002848279
18745,0.0021839933
18746,0.0016308534
18747,0.0015385294
18748,0.0011619244
18749,0.0010607328
18750,0.0020487162
18751,0.0023484412
18752,0.0015235501
18753,0.0011201968
18754,0.00086005987
18755,0.0018787839
18756,0.0020005605
18757,0.0024650265
18758,0.0042164815
18759,0.0034696301
18760,0.0008183748
18761,0.0015128149
18762,0.0015953281
18763,0.0007334543
18764,0.00066138536
18765,0.0014509496
18766,0.0021058787
18767,0.0017531844
18768,0.0020877235
18769,0.003264017
18770,0.0027009135
18771,0.0013765085
18772,0.000996622
18773,0.0011864383
18774,0.0009935803
18775,0.0006231399
18776,0.001314339
18777,0.0015895345
18778,0.0011158495
18779,0.0010135615
18780,0.00096209056
18781,0.0014446778
18782,0.0014402793
18783,0.0017200351
18784,0.0017801684
18785,0.0014758492
18786,0.0019558799
18787,0.0030884352
18788,0.0025894912
18789,0.0014131073
18790,0.00079452
18791,0.0008606687
18792,0.00094666
18793,0.001029007
18794,0.00088405557
18795,0.00081737846
18796,0.0006092538
18797,0.00071166345
18798,0.0010819493
18799,0.0016835915
18800,0.0018808121
18801,0.0018306096
18802,0.0013241781
18803,0.0009938147
18804,0.0007779364
18805,0.000472037
18806,0.00062323327
18807,0.0006611213
18808,0.0014583124
18809,0.0017463316
18810,0.0013319795
18811,0.0012945489
18812,0.0009816454
18813,0.00078501244
18814,0.0009425005
18815,0.0010439175
18816,0.0013966794
18817,0.0018830237
18818,0.0019991926
18819,0.001644431
18820,0.0012543105
18821,0.0015921324
18822,0.0023503737
18823,0.0024715352
18824,0.001706752
18825,0.0010077446
18826,0.0007273178
18827,0.0006548403
18828,0.0008649863
18829,0.0008747892
18830,0.000882375
18831,0.0009938147
18832,0.00085125037
18833,0.00094472116
18834,0.0008065176
18835,0.0010994008
18836,0.0008954387
18837,0.0016603007
18838,0.0031957966
18839,0.0035861563
18840,0.0030424835
18841,0.0021892507
18842,0.0019231825
18843,0.0022596794
18844,0.0020459725
18845,0.0018844759
18846,0.0018260729
18847,0.0016380117
18848,0.0024115285
18849,0.0029562796
18850,0.003137676
18851,0.0027010643
18852,0.002258739
18853,0.001613901
18854,0.0012401463
18855,0.001490058
18856,0.0017595971
18857,0.0015044423
18858,0.001166624
18859,0.00079671486
18860,0.0006717334
18861,0.0011150145
18862,0.002001913
18863,0.002151151
18864,0.0016666517
18865,0.0011733404
18866,0.0013194663
18867,0.0015702659
18868,0.0011020184
18869,0.0012826462
18870,0.0021782557
18871,0.0031898262
18872,0.0036513966
18873,0.0026218824
18874,0.0011631761
18875,0.0011891092
18876,0.0013244858
18877,0.0017150532
18878,0.0017871032
18879,0.0021174285
18880,0.0019977654
18881,0.0014293055
18882,0.0014505083
18883,0.0013140953
18884,0.0011637015
18885,0.0011180643
18886,0.0012481932
18887,0.0016345433
18888,0.0012335577
18889,0.0014940372
18890,0.0013802669
18891,0.001868641
18892,0.002298424
18893,0.002554879
18894,0.0032096275
18895,0.0034713242
18896,0.0027723692
18897,0.0017823742
18898,0.0029144885
18899,0.003860956
18900,0.0022170974
18901,0.002080364
18902,0.0026846689
18903,0.0014608249
18904,0.00047517105
18905,0.0006748026
18906,0.0010240739
18907,0.0012457892
18908,0.0013992401
18909,0.001503436
18910,0.0011624754
18911,0.0014608846
18912,0.0020623934
18913,0.0016398585
18914,0.000786346
18915,0.0009591821
18916,0.0013529221
18917,0.0013221104
18918,0.0012355616
18919,0.0013903512
18920,0.0011744065
18921,0.0008741901
18922,0.0009805182
18923,0.0014117473
18924,0.0013968461
18925,0.0015022547
18926,0.002041829
18927,0.0021743642
18928,0.0018706492
18929,0.0014456041
18930,0.0015968052
18931,0.0017053019
18932,0.0011938723
18933,0.0008334568
18934,0.00092211575
18935,0.00095297216
18936,0.0010347889
18937,0.001016887
18938,0.0009663164
18939,0.0006642833
18940,0.0005965094
18941,0.0011053673
18942,0.0012854115
18943,0.002057123
18944,0.002827666
18945,0.0021687082
18946,0.0015630207
18947,0.0015227477
18948,0.0022985125
18949,0.0038570948
18950,0.0038079699
18951,0.0023112532
18952,0.001995929
18953,0.0016973303
18954,0.0016909397
18955,0.0017383303
18956,0.002260555
18957,0.0031567444
18958,0.0036636905
18959,0.0033609106
18960,0.0021819668
18961,0.0018252758
18962,0.0016989585
18963,0.00170221
18964,0.0017878521
18965,0.0019253908
18966,0.0016454041
18967,0.0011462641
18968,0.00095343014
18969,0.0016875454
18970,0.0035986165
18971,0.0035330192
18972,0.002239432
18973,0.0018045898
18974,0.0012739719
18975,0.0020407026
18976,0.0035789749
18977,0.003450334
18978,0.0038686672
18979,0.004387174
18980,0.0027648846
18981,0.0
18982,0.0017289798
18983,0.0012190092
18984,0.00085629546
18985,0.001280966
18986,0.001652288
18987,0.0016902509
18988,0.0014126335
18989,0.0013021032
18990,0.001193409
18991,0.001577865
18992,0.0014977533
18993,0.0013989697
18994,0.0009816454
18995,0.0010194881
18996,0.0012432168
18997,0.0012993735
18998,0.0014402592
18999,0.0013991569
19000,0.0015910352
19001,0.0014133338
19002,0.001210071
19003,0.0007431124
19004,0.0010493122
19005,0.0014437105
19006,0.001712472
19007,0.0014926731
19008,0.0009199671
19009,0.00062145625
19010,0.0008792029
19011,0.00068034354
19012,0.00073575217
19013,0.0009197456
19014,0.00085445814
19015,0.001112663
19016,0.002125988
19017,0.0021221377
19018,0.0010707822
19019,0.00085707684
19020,0.0010999036
19021,0.0016567209
19022,0.0018436791
19023,0.0011163449
19024,0.0010425785
19025,0.0015677803
19026,0.0018608217
19027,0.0021336812
19028,0.0021935008
19029,0.004113015
19030,0.00524544
19031,0.0064268084
19032,0.006032695
19033,0.0031334527
19034,0.0031746808
19035,0.005438324
19036,0.007485043
19037,0.0070592803
19038,0.0059795766
19039,0.0047061183
19040,0.0028641138
19041,0.0024196128
19042,0.001856547
19043,0.0010603211
19044,0.00079675135
19045,0.000766327
19046,0.0011062885
19047,0.0010193168
19048,0.00091689324
19049,0.0022640927
19050,0.002452432
19051,0.0012023016
19052,0.00058597524
19053,0.0009873215
19054,0.0015535328
19055,0.0016807714
19056,0.0014730265
19057,0.0018144972
19058,0.0019392024
19059,0.0016128909
19060,0.0014644264
19061,0.0009492696
19062,0.0013688334
19063,0.0017009273
19064,0.0015466422
19065,0.0019775592
19066,0.0020019275
19067,0.0016773914
19068,0.0012202739
19069,0.0011081285
19070,0.0010418245
19071,0.00084665656
19072,0.0011206903
19073,0.001119703
19074,0.0013737783
19075,0.001350489
19076,0.0014235722
19077,0.0016402311
19078,0.0015095794
19079,0.0013340974
19080,0.0013792122
19081,0.0012732863
19082,0.0014838731
19083,0.0020997336
19084,0.0019473946
19085,0.0009965928
19086,0.00041494367
19087,0.0007470186
19088,0.0024459083
19089,0.0025555738
19090,0.0032032738
19091,0.0042425264
19092,0.003004926
19093,0.00070119905
19094,0.0015497439
19095,0.001693399
19096,0.000840377
19097,0.0005526969
19098,0.001050615
19099,0.0016878215
19100,0.0014954392
19101,0.0015592922
19102,0.0023805178
19103,0.002357557
19104,0.001296638
19105,0.0013843515
19106,0.0015592736
19107,0.0013661091
19108,0.0011897208
19109,0.0016043149
19110,0.0018338817
19111,0.0011500916
19112,0.0007213309
19113,0.0010464515
19114,0.0016321734
19115,0.0014036841
19116,0.0015342672
19117,0.0014546356
19118,0.0008809886
19119,0.0028149984
19120,0.0031102488
19121,0.0019670082
19122,0.0013131648
19123,0.0007085896
19124,0.00045026356
19125,0.00051429134
19126,0.00062342006
19127,0.0007085896
19128,0.0007185821
19129,0.00090793
19130,0.0011873456
19131,0.0016194457
19132,0.001932196
19133,0.0017999066
19134,0.0013387795
19135,0.0010012545
19136,0.00093869463
19137,0.0008505663
19138,0.0006964931
19139,0.0006622648
19140,0.0007232248
19141,0.0015676317
19142,0.0018565312
19143,0.0014366375
19144,0.001087423
19145,0.000726477
19146,0.00077369733
19147,0.000888849
19148,0.0011406902
19149,0.001793135
19150,0.002091637
19151,0.0019008832
19152,0.0014086929
19153,0.0011898187
19154,0.0017423105
19155,0.0023342331
19156,0.0023402104
19157,0.0018847693
19158,0.0013430985
19159,0.00086198654
19160,0.00093337777
19161,0.00073353364
19162,0.0006164721
19163,0.0007523759
19164,0.0009832452
19165,0.0012927715
19166,0.0016521823
19167,0.0015917484
19168,0.0019376259
19169,0.0015283945
19170,0.0013840571
19171,0.0027295433
19172,0.003066039
19173,0.0031325424
19174,0.0026482244
19175,0.002257321
19176,0.002586916
19177,0.002314877
19178,0.0022670217
19179,0.0018486449
19180,0.0016846283
19181,0.0022049346
19182,0.002581014
19183,0.0028135092
19184,0.0024860706
19185,0.0018870224
19186,0.0014387226
19187,0.0015041521
19188,0.0016985473
19189,0.0015814578
19190,0.0009739065
19191,0.00091714715
19192,0.00078523485
19193,0.0007099028
19194,0.0012424908
19195,0.0020920406
19196,0.0019809853
19197,0.001489726
19198,0.0012202739
19199,0.0011298977
19200,0.001393216
19201,0.0008673719
19202,0.0007681857
19203,0.002159806
19204,0.003462224
19205,0.00369243
19206,0.0025990382
19207,0.0011953583
19208,0.0012287352
19209,0.0012402402
19210,0.002023027
19211,0.0023479082
19212,0.0023234356
19213,0.0020279414
19214,0.0016692864
19215,0.0012636037
19216,0.0010365031
19217,0.0007815197
19218,0.0010917501
19219,0.0015055446
19220,0.0018304029
19221,0.0017877057
19222,0.0023280783
19223,0.0025827726
19224,0.0021548683
19225,0.002316536
19226,0.0026096879
19227,0.0031707454
19228,0.0030692173
19229,0.002155422
19230,0.0014422785
19231,0.003160863
19232,0.0033046817
19233,0.0018293372
19234,0.002028759
19235,0.00244617
19236,0.0014597685
19237,0.0006082977
19238,0.00065661565
19239,0.00096333004
19240,0.0013073897
19241,0.0013313458
19242,0.0010396992
19243,0.0007583864
19244,0.0011669982
19245,0.0021537743
19246,0.0020338884
19247,0.0007167166
19248,0.00088500977
19249,0.002115118
19250,0.0021098137
19251,0.0015079591
19252,0.0012304868
19253,0.00067622436
19254,0.0007414264
19255,0.00090256095
19256,0.001264985
19257,0.0014654198
19258,0.0015154098
19259,0.0017060186
19260,0.0021491477
19261,0.002096807
19262,0.0014797485
19263,0.0017456315
19264,0.0020967792
19265,0.0015950727
19266,0.0010669157
19267,0.00063818414
19268,0.00068541523
19269,0.0009275913
19270,0.0012578093
19271,0.0010741472
19272,0.00054926344
19273,0.0005707277
19274,0.00084792747
19275,0.0011210279
19276,0.0020540224
19277,0.0029550095
19278,0.0020586788
19279,0.0011412003
19280,0.001381679
19281,0.0027525413
19282,0.003947576
19283,0.0034651144
19284,0.002431396
19285,0.001960101
19286,0.001722132
19287,0.0017617295
19288,0.0015134304
19289,0.001712234
19290,0.0022164145
19291,0.0031738281
19292,0.00314093
19293,0.0020688043
19294,0.0014139926
19295,0.0009129169
19296,0.000751292
19297,0.0008460032
19298,0.0013959915
19299,0.0012157339
19300,0.00081734284
19301,0.00053252955
19302,0.0016327974
19303,0.004484481
19304,0.004546101
19305,0.0018745036
19306,0.0015255165
19307,0.001484873
19308,0.0020146226
19309,0.004387844
19310,0.0042171786
19311,0.003352943
19312,0.0030343225
19313,0.0010277053
19314,0.0
19315,0.00087058713
19316,0.0006459804
19317,0.0006446274
19318,0.001604587
19319,0.0017479974
19320,0.0012744971
19321,0.0006801724
19322,0.0008576539
19323,0.0009862892
19324,0.0012202978
19325,0.00106787
19326,0.0010090433
19327,0.0007592685
19328,0.001036138
19329,0.0011895007
19330,0.000868445
19331,0.0007468238
19332,0.0011162667
19333,0.0014056732
19334,0.001631674
19335,0.0014577735
19336,0.0009468137
19337,0.0012989254
19338,0.0012308651
19339,0.0010552587
19340,0.00075222115
19341,0.00044695492
19342,0.0005688889
19343,0.00087325746
19344,0.0008145607
19345,0.0009167345
19346,0.0010846091
19347,0.0012725318
19348,0.0016181872
19349,0.0022530754
19350,0.0020129026
19351,0.0010002366
19352,0.00067721354
19353,0.001044475
19354,0.0014924195
19355,0.0018849546
19356,0.0014053626
19357,0.0010701569
19358,0.0009220842
19359,0.0011588394
19360,0.0017214727
19361,0.0020063857
19362,0.0030794414
19363,0.00413428
19364,0.005444422
19365,0.005369148
19366,0.0028426228
19367,0.0032031375
19368,0.0045763203
19369,0.0075512663
19370,0.007786495
19371,0.005854272
19372,0.0047686524
19373,0.0023423857
19374,0.002097806
19375,0.0012919384
19376,0.000907032
19377,0.0005548516
19378,0.0006577228
19379,0.0010933484
19380,0.0009966805
19381,0.0011354734
19382,0.0019898685
19383,0.0021885992
19384,0.0012779407
19385,0.0007422503
19386,0.0009629674
19387,0.0016938458
19388,0.0015491053
19389,0.001360088
19390,0.0016912322
19391,0.002324813
19392,0.0023171012
19393,0.0019628017
19394,0.0014360498
19395,0.0017600602
19396,0.0019395476
19397,0.0018456513
19398,0.001827873
19399,0.0025327406
19400,0.0021597925
19401,0.0014606057
19402,0.0022407442
19403,0.0019883614
19404,0.0017830599
19405,0.0017758308
19406,0.0011833435
19407,0.0014149802
19408,0.0012396768
19409,0.0007837509
19410,0.0010711355
19411,0.0009917626
19412,0.00081773446
19413,0.0010157701
19414,0.0012077359
19415,0.0014867143
19416,0.0017618781
19417,0.0014515312
19418,0.0006225324
19419,0.0005783765
19420,0.0010674883
19421,0.0032718452
19422,0.0033319672
19423,0.0032991553
19424,0.0035399816
19425,0.001932452
19426,0.0007024431
19427,0.0014159876
19428,0.0015400987
19429,0.0010073401
19430,0.00072451134
19431,0.0010144226
19432,0.001450749
19433,0.0011841302
19434,0.0016193199
19435,0.0018617598
19436,0.0014625372
19437,0.001009937
19438,0.0014362525
19439,0.0013914602
19440,0.0012435679
19441,0.0012278111
19442,0.0017670903
19443,0.0019666383
19444,0.0011891092
19445,0.00049208116
19446,0.0008514555
19447,0.0011991748
19448,0.0009018835
19449,0.0011729186
19450,0.0011782413
19451,0.0024670446
19452,0.003920336
19453,0.0033606163
19454,0.0015255546
19455,0.0011106208
19456,0.0008760193
19457,0.0010433319
19458,0.0009812006
19459,0.0007284774
19460,0.00065674866
19461,0.00097441435
19462,0.0015322552
19463,0.0018621975
19464,0.0019062649
19465,0.0018068784
19466,0.0012747026
19467,0.0010861643
19468,0.0013412554
19469,0.0010011382
19470,0.00072967494
19471,0.00061774545
19472,0.00047024558
19473,0.00047724898
19474,0.0015649747
19475,0.001954004
19476,0.0015559663
19477,0.0011201708
19478,0.00081345235
19479,0.0007904804
19480,0.0011283769
19481,0.0015611575
19482,0.0018633225
19483,0.0018503916
19484,0.0014815372
19485,0.0010513073
19486,0.0012237272
19487,0.0016375851
19488,0.0021848727
19489,0.0021625801
19490,0.0019817343
19491,0.0016317989
19492,0.00096854253
19493,0.00083492213
19494,0.0007152125
19495,0.00065042544
19496,0.00080716686
19497,0.0012691653
19498,0.0017638262
19499,0.0017333004
19500,0.0015288705
19501,0.0017660359
19502,0.0016107601
19503,0.0013433369
19504,0.0016828825
19505,0.0021834602
19506,0.003128917
19507,0.0032158056
19508,0.0029571261
19509,0.002398665
19510,0.0015897725
19511,0.001695134
19512,0.0019331296
19513,0.0019806472
19514,0.0016020094
19515,0.0014606057
19516,0.0013855282
19517,0.0015294795
19518,0.0015137573
19519,0.0021222064
19520,0.0019881856
19521,0.0013738631
19522,0.0009967097
19523,0.0008694163
19524,0.00083478267
19525,0.0005313259
19526,0.0006338829
19527,0.0012038015
19528,0.0018564216
19529,0.0020080386
19530,0.0018830237
19531,0.0013881725
19532,0.00090075337
19533,0.0010437502
19534,0.00079452
19535,0.0007023188
19536,0.0018372273
19537,0.0025048594
19538,0.0030576363
19539,0.0025712757
19540,0.0012613906
19541,0.0011393627
19542,0.0014494444
19543,0.0027619884
19544,0.0028817002
19545,0.0023350061
19546,0.0019161175
19547,0.0010536577
19548,0.0008840227
19549,0.0007438953
19550,0.00082086044
19551,0.0012471202
19552,0.0015035522
19553,0.0019616003
19554,0.0019061886
19555,0.0026649314
19556,0.0034089908
19557,0.0030366906
19558,0.0024760999
19559,0.0021715113
19560,0.0024402377
19561,0.002136857
19562,0.001075934
19563,0.0014377715
19564,0.0028164661
19565,0.0029296975
19566,0.001976514
19567,0.0022690108
19568,0.002086887
19569,0.0011465434
19570,0.0007884897
19571,0.00063323975
19572,0.00059528835
19573,0.0009594855
19574,0.0009895004
19575,0.0010456446
19576,0.00097578735
19577,0.0014854413
19578,0.0021460985
19579,0.002221949
19580,0.0012755472
19581,0.0016972959
19582,0.0030144702
19583,0.0026046645
19584,0.001894365
19585,0.0016570897
19586,0.0014744089
19587,0.001556733
19588,0.0012248209
19589,0.00087508856
19590,0.0011584376
19591,0.0015656254
19592,0.0020442507
19593,0.0021551116
19594,0.0017928915
19595,0.0014247167
19596,0.0019803827
19597,0.0024268671
19598,0.0020029305
19599,0.0014557156
19600,0.00097459357
19601,0.0008035893
19602,0.00078782503
19603,0.0012751364
19604,0.0011919205
19605,0.0008963483
19606,0.0012771661
19607,0.0015962764
19608,0.0018055087
19609,0.0019773825
19610,0.0026367148
19611,0.0019679253
19612,0.0010865661
19613,0.0012918032
19614,0.002830094
19615,0.0037848412
19616,0.00272917
19617,0.0020394186
19618,0.0018019106
19619,0.0018998571
19620,0.0019822335
19621,0.0017297202
19622,0.0016577921
19623,0.0025575547
19624,0.0028068086
19625,0.0020712365
19626,0.0014634324
19627,0.00085840013
19628,0.0009215159
19629,0.0009319111
19630,0.001159417
19631,0.0017310657
19632,0.0015523896
19633,0.0009732488
19634,0.0005805864
19635,0.00087409024
19636,0.004547471
19637,0.005310415
19638,0.0025673339
19639,0.001986267
19640,0.0019997747
19641,0.0021675
19642,0.004222861
19643,0.0040605585
19644,0.0024773339
19645,0.002162903
19646,0.00078378804
19647,0.0
19648,0.00063699734
19649,0.0005340576
19650,0.00062042504
19651,0.00160888
19652,0.0017032869
19653,0.0009841919
19654,0.0007431516
19655,0.00081270066
19656,0.0005258751
19657,0.0004779802
19658,0.0008708211
19659,0.0010757716
19660,0.0006938556
19661,0.0008703531
19662,0.0010395872
19663,0.0010427738
19664,0.0012703801
19665,0.0010756094
19666,0.0010876906
19667,0.0013777765
19668,0.0016442894
19669,0.0015727105
19670,0.0015653651
19671,0.0010305897
19672,0.0007836395
19673,0.00065181113
19674,0.00045219852
19675,0.0006173213
19676,0.0010609797
19677,0.0012864074
19678,0.0013750277
19679,0.001483677
19680,0.0015026034
19681,0.0025245573
19682,0.0023529108
19683,0.0014118709
19684,0.0010465905
19685,0.0006798728
19686,0.0011517607
19687,0.0014316656
19688,0.0018406141
19689,0.001726318
19690,0.0012938293
19691,0.0011472793
19692,0.0012690965
19693,0.0017581244
19694,0.0018611032
19695,0.002065383
19696,0.002912041
19697,0.0054360493
19698,0.00520967
19699,0.0021142785
19700,0.0031418472
19701,0.00419779
19702,0.008140307
19703,0.008284648
19704,0.004517523
19705,0.0032971257
19706,0.0021526387
19707,0.0013945106
19708,0.0009538574
19709,0.00059660693
19710,0.00047449683
19711,0.00060156215
19712,0.00094733614
19713,0.000767238
19714,0.0017930213
19715,0.0019070434
19716,0.0018924128
19717,0.0015153906
19718,0.00088658684
19719,0.0010657967
19720,0.0015306209
19721,0.0010860303
19722,0.0013339227
19723,0.001825212
19724,0.002327853
19725,0.0022397179
19726,0.0017633477
19727,0.00173756
19728,0.001758654
19729,0.0017018339
19730,0.0018800846
19731,0.0021507721
19732,0.0032744682
19733,0.0024803865
19734,0.0011637015
19735,0.0032026286
19736,0.003222225
19737,0.0030165743
19738,0.003335974
19739,0.0028610737
19740,0.0020977089
19741,0.0017154944
19742,0.0010192026
19743,0.00059465243
19744,0.0009869972
19745,0.0011043136
19746,0.00096048595
19747,0.001050144
19748,0.0013717855
19749,0.0013036445
19750,0.0009895004
19751,0.00066786626
19752,0.0008721236
19753,0.0014160082
19754,0.0037896594
19755,0.0038539092
19756,0.003008459
19757,0.0027926085
19758,0.0008269715
19759,0.00085968757
19760,0.0014825192
19761,0.0018836109
19762,0.0015843076
19763,0.0012825781
19764,0.0014692874
19765,0.0012511044
19766,0.0010918301
19767,0.0016033532
19768,0.0013968461
19769,0.0009815565
19770,0.0013122336
19771,0.0017478142
19772,0.0015685597
19773,0.0014322753
19774,0.0015738574
19775,0.0022583522
19776,0.0025064042
19777,0.001394114
19778,0.00074631703
19779,0.0010773666
19780,0.0012203692
19781,0.00087038655
19782,0.0014446778
19783,0.0028370784
19784,0.004140456
19785,0.0045061377
19786,0.0031090695
19787,0.0010293747
19788,0.00089540624
19789,0.00095574727
19790,0.0012645937
19791,0.0011795745
19792,0.00096209056
19793,0.00086753967
19794,0.0010923897
19795,0.0017379788
19796,0.0018978186
19797,0.0015219447
19798,0.0011738859
19799,0.0010016904
19800,0.0018686255
19801,0.0018588813
19802,0.001344333
19803,0.0010922032
19804,0.00077846
19805,0.00046576813
19806,0.00040175844
19807,0.0012554006
19808,0.0018079572
19809,0.0015305638
19810,0.00093586894
19811,0.0009098513
19812,0.00089654315
19813,0.0019711615
19814,0.0022121165
19815,0.0018448153
19816,0.001523703
19817,0.0011753725
19818,0.0012883515
19819,0.0018414678
19820,0.0017701347
19821,0.0018373699
19822,0.0017086267
19823,0.0013881935
19824,0.0011507241
19825,0.00079762755
19826,0.0007410338
19827,0.0006748026
19828,0.0006987043
19829,0.0007586166
19830,0.0010603486
19831,0.001189623
19832,0.0009202201
19833,0.0007380429
19834,0.0011024409
19835,0.0012345011
19836,0.001187321
19837,0.0012179104
19838,0.0014420565
19839,0.0025786224
19840,0.0028388114
19841,0.0027855232
19842,0.0019562815
19843,0.0014794929
19844,0.0011901122
19845,0.0014571943
19846,0.0015926259
19847,0.0015143147
19848,0.0016412777
19849,0.0017044996
19850,0.0017652117
19851,0.0019076233
19852,0.002604698
19853,0.0023203145
19854,0.0011968913
19855,0.0007834166
19856,0.0011414044
19857,0.00085466244
19858,0.00070932857
19859,0.0008525486
19860,0.0012584107
19861,0.0018819723
19862,0.0026580968
19863,0.0022152325
19864,0.0012843242
19865,0.0008015586
19866,0.00078058813
19867,0.0009384155
19868,0.0009202834
19869,0.0018662878
19870,0.002805263
19871,0.0031206275
19872,0.0024859887
19873,0.0014720382
19874,0.00079309015
19875,0.0014623383
19876,0.0028256583
19877,0.0031169134
19878,0.0026777
19879,0.0019617486
19880,0.0014256357
19881,0.0009708236
19882,0.00085547933
19883,0.00089146465
19884,0.0015169838
19885,0.0019072418
19886,0.0024442538
19887,0.0015978802
19888,0.0021143886
19889,0.0036313434
19890,0.003891283
19891,0.0034688332
19892,0.002341814
19893,0.0015133534
19894,0.0011487243
19895,0.0011788834
19896,0.0015994275
19897,0.0020555095
19898,0.0019532293
19899,0.0012606753
19900,0.0015934663
19901,0.0010858963
19902,0.00071720366
19903,0.00044112155
19904,0.0006190632
19905,0.0006881697
19906,0.00093387655
19907,0.000868445
19908,0.000944906
19909,0.00085466244
19910,0.001338475
19911,0.0017099718
19912,0.0020787825
19913,0.0014866556
19914,0.0030008843
19915,0.0041499487
19916,0.002711936
19917,0.0018874697
19918,0.0017747487
19919,0.0017959083
19920,0.0018919822
19921,0.0016280492
19922,0.0011486737
19923,0.0009571774
19924,0.0017092228
19925,0.0023631796
19926,0.0023047212
19927,0.0017511081
19928,0.00091733754
19929,0.0017701511
19930,0.0025218006
19931,0.0023026874
19932,0.0017496782
19933,0.0013842043
19934,0.0010575177
19935,0.0013576464
19936,0.0018089872
19937,0.0017564682
19938,0.0013602378
19939,0.0013247054
19940,0.0012995078
19941,0.0013318703
19942,0.0015748002
19943,0.0019195926
19944,0.0015981168
19945,0.0011206643
19946,0.0016017186
19947,0.002629641
19948,0.0034688248
19949,0.0024806212
19950,0.0016253296
19951,0.0017543461
19952,0.0020084588
19953,0.0019078369
19954,0.0017366386
19955,0.0017813615
19956,0.0030056715
19957,0.0030306275
19958,0.0018037509
19959,0.001433758
19960,0.0012827143
19961,0.0016255087
19962,0.0015132381
19963,0.001439572
19964,0.002048773
19965,0.0020717564
19966,0.0019202142
19967,0.0010223389
19968,0.00079202524
19969,0.004148097
19970,0.0052284403
19971,0.003633066
19972,0.0026610952
19973,0.0018914898
19974,0.0017494453
19975,0.0035589307
19976,0.0038145676
19977,0.002421717
19978,0.0017179188
19979,0.0006236067
19980,0.0
19981,0.0011250706
19982,0.00086797564
19983,0.00052193087
19984,0.0014426416
19985,0.0015612321
19986,0.0009537964
19987,0.0007028987
19988,0.0006772565
19989,0.0007795808
19990,0.0008451427
19991,0.0012851397
19992,0.0014057147
19993,0.0009505258
19994,0.0007368984
19995,0.0009902648
19996,0.0012760034
19997,0.0015456633
19998,0.0013962626
19999,0.001425656
20000,0.0011638266
20001,0.0014334534
20002,0.0014937061
20003,0.0015389266
20004,0.0012501037
20005,0.00081844593
20006,0.0007028987
20007,0.0005587197
20008,0.0006705192
20009,0.0011221436
20010,0.0010704016
20011,0.001193409
20012,0.0012789195
20013,0.0016148745
20014,0.0028252155
20015,0.00242257
20016,0.0011462134
20017,0.00079484965
20018,0.0005735255
20019,0.00096974376
20020,0.0015685597
20021,0.002211643
20022,0.0020382768
20023,0.0014383179
20024,0.0016595994
20025,0.0016650793
20026,0.0017268406
20027,0.0014820872
20028,0.0013468205
20029,0.0020561041
20030,0.004745195
20031,0.0048513534
20032,0.0031996921
20033,0.0038947668
20034,0.004992114
20035,0.008039554
20036,0.006952342
20037,0.0033538023
20038,0.003124421
20039,0.0019122252
20040,0.0010927892
20041,0.00075357413
20042,0.0006011266
20043,0.00049172615
20044,0.0008010501
20045,0.0010086395
20046,0.000939903
20047,0.002391447
20048,0.0025794236
20049,0.0017831251
20050,0.0013482891
20051,0.0008914973
20052,0.0012050096
20053,0.0014071425
20054,0.0008617164
20055,0.0013990321
20056,0.001911464
20057,0.001959923
20058,0.0016185469
20059,0.0008351313
20060,0.0017125909
20061,0.0018521838
20062,0.0016672802
20063,0.0020107762
20064,0.002049327
20065,0.0030628669
20066,0.0033071819
20067,0.0036463398
20068,0.00434668
20069,0.003517606
20070,0.0027157108
20071,0.0034889698
20072,0.003660456
20073,0.0029925904
20074,0.0020237032
20075,0.0016481965
20076,0.00083742815
20077,0.0008791036
20078,0.0010281582
20079,0.00062430644
20080,0.0005747421
20081,0.0010653597
20082,0.0010135041
20083,0.00090574764
20084,0.0009925839
20085,0.0014295905
20086,0.0016557192
20087,0.0033666037
20088,0.003588947
20089,0.0025987246
20090,0.0022232977
20091,0.0013256498
20092,0.0014010278
20093,0.0018067817
20094,0.0020636914
20095,0.0015203184
20096,0.0015986267
20097,0.0018455094
20098,0.0016709768
20099,0.0014348739
20100,0.0014068322
20101,0.0010066176
20102,0.0011418887
20103,0.0018843214
20104,0.0020551556
20105,0.0014908977
20106,0.0014788435
20107,0.0016825713
20108,0.0023989927
20109,0.003137203
20110,0.0022667134
20111,0.0011670978
20112,0.001424737
20113,0.0012301792
20114,0.0014861074
20115,0.0025415733
20116,0.0035986004
20117,0.004135561
20118,0.0035134915
20119,0.0014911124
20120,0.0011076557
20121,0.00077632605
20122,0.0006279784
20123,0.00066865014
20124,0.0006735939
20125,0.0007900753
20126,0.0010531328
20127,0.0013159103
20128,0.0017471646
20129,0.0016209187
20130,0.000948963
20131,0.0009492083
20132,0.001791771
20133,0.0026091414
20134,0.0020747045
20135,0.0015311722
20136,0.00126928
20137,0.000861919
20138,0.00068094215
20139,0.0008608378
20140,0.001536826
20141,0.0020228256
20142,0.0013655124
20143,0.0008418649
20144,0.0009958918
20145,0.0012315034
20146,0.0027504258
20147,0.002567413
20148,0.0014591903
20149,0.0011703352
20150,0.002060332
20151,0.002268459
20152,0.0022473845
20153,0.0018748451
20154,0.001842558
20155,0.0016380294
20156,0.0010449486
20157,0.0009524528
20158,0.00096553296
20159,0.00072627666
20160,0.0006923439
20161,0.00084559026
20162,0.0007444819
20163,0.0007665169
20164,0.00081431057
20165,0.00065064913
20166,0.0007095337
20167,0.00093187985
20168,0.0011467211
20169,0.0013185174
20170,0.0015804268
20171,0.0012247734
20172,0.0013043587
20173,0.0017375265
20174,0.0016752385
20175,0.0013406477
20176,0.0011512552
20177,0.0008192634
20178,0.0010684966
20179,0.001181596
20180,0.00095297216
20181,0.0012068921
20182,0.0013127659
20183,0.0014754744
20184,0.0018530322
20185,0.00274833
20186,0.0024954535
20187,0.0012980737
20188,0.000868914
20189,0.0013439433
20190,0.0010396992
20191,0.0010492012
20192,0.0010393913
20193,0.0014721766
20194,0.0026105242
20195,0.0030222035
20196,0.0022221848
20197,0.0010484798
20198,0.00047449683
20199,0.00059558166
20200,0.00088438473
20201,0.0006813267
20202,0.0012960319
20203,0.0026176386
20204,0.003021953
20205,0.0026255317
20206,0.0020371054
20207,0.0008087158
20208,0.0012987462
20209,0.0025837077
20210,0.0029713137
20211,0.0024184699
20212,0.0018174461
20213,0.0014015262
20214,0.0012181016
20215,0.0011475583
20216,0.0006648526
20217,0.0013927564
20218,0.0024742305
20219,0.0029294193
20220,0.0014540753
20221,0.0016171797
20222,0.0027805245
20223,0.0039838664
20224,0.004129512
20225,0.0024968644
20226,0.0014049899
20227,0.0012392541
20228,0.0018110293
20229,0.0018389056
20230,0.0020072993
20231,0.0016003553
20232,0.0012023016
20233,0.001289616
20234,0.0008693828
20235,0.0007099028
20236,0.0010694223
20237,0.0012338645
20238,0.001446369
20239,0.0014174052
20240,0.0012382439
20241,0.0009791816
20242,0.0010556171
20243,0.0013182084
20244,0.0012865204
20245,0.0015268322
20246,0.0015978437
20247,0.0041838447
20248,0.00490716
20249,0.0027360928
20250,0.0018474953
20251,0.0015381699
20252,0.001687166
20253,0.00209012
20254,0.0022476434
20255,0.001457434
20256,0.00079737214
20257,0.0018255787
20258,0.0023505345
20259,0.0020767516
20260,0.0015446651
20261,0.0009925253
20262,0.0015875375
20263,0.0025288537
20264,0.0022306945
20265,0.0016228926
20266,0.0019341832
20267,0.0015608965
20268,0.0016253296
20269,0.0018331674
20270,0.0018411359
20271,0.001460805
20272,0.0010906833
20273,0.00086867955
20274,0.0011720995
20275,0.0017390167
20276,0.0018053314
20277,0.0016227671
20278,0.0015716553
20279,0.0018002784
20280,0.0022459596
20281,0.002793588
20282,0.0024041794
20283,0.0014689309
20284,0.0017673373
20285,0.0023738453
20286,0.0020464847
20287,0.0019886394
20288,0.001847259
20289,0.0028998926
20290,0.0030169408
20291,0.0020177548
20292,0.0018341516
20293,0.0016361094
20294,0.0015579665
20295,0.0010963788
20296,0.0009581499
20297,0.0012564897
20298,0.0016994551
20299,0.00204593
20300,0.0012179104
20301,0.001021513
20302,0.0031279959
20303,0.0046907933
20304,0.0045893267
20305,0.0031409208
20306,0.0012462564
20307,0.001034592
20308,0.0026114827
20309,0.0033458527
20310,0.0029777715
20311,0.0019770882
20312,0.00078308216
20313,0.0
20314,0.0013399745
20315,0.0011264924
20316,0.0005797838
20317,0.0010062705
20318,0.0011729931
20319,0.00078482705
20320,0.00038428223
20321,0.00049497077
20322,0.0007514082
20323,0.00081481074
20324,0.0013269007
20325,0.0014724534
20326,0.0013599596
20327,0.0010562786
20328,0.0013213617
20329,0.0013303617
20330,0.001204599
20331,0.0009502502
20332,0.0012306287
20333,0.0007994863
20334,0.0011927504
20335,0.0012571613
20336,0.0013036892
20337,0.0011726456
20338,0.000634938
20339,0.00093053596
20340,0.0010993743
20341,0.0013080797
20342,0.0012330386
20343,0.0009736076
20344,0.0010485353
20345,0.0014338593
20346,0.0019717815
20347,0.0026440448
20348,0.0021963117
20349,0.0012126658
20350,0.0006092538
20351,0.00043873995
20352,0.0007681857
20353,0.0017425611
20354,0.0030987365
20355,0.0027507432
20356,0.0016635929
20357,0.001706155
20358,0.0015690606
20359,0.0011447652
20360,0.0010137912
20361,0.0013334209
20362,0.001969123
20363,0.004232444
20364,0.0045447825
20365,0.0036189235
20366,0.00431972
20367,0.0048128297
20368,0.006977147
20369,0.0059671667
20370,0.002156475
20371,0.0023433173
20372,0.0016677689
20373,0.0013014325
20374,0.001046952
20375,0.0007675793
20376,0.00077041774
20377,0.0010228227
20378,0.0011012787
20379,0.0010184599
20380,0.0027246766
20381,0.0031019377
20382,0.0014019207
20383,0.0008025746
20384,0.0011477612
20385,0.0018414204
20386,0.0018310547
20387,0.0013613927
20388,0.0018996273
20389,0.0022083637
20390,0.0025274376
20391,0.0019348001
20392,0.0013828791
20393,0.002188227
20394,0.002488294
20395,0.0016508431
20396,0.0019264485
20397,0.0019126817
20398,0.0026165375
20399,0.0035607945
20400,0.00449096
20401,0.0043978347
20402,0.0035877628
20403,0.0017587368
20404,0.0024899426
20405,0.0036344838
20406,0.0035454035
20407,0.003203419
20408,0.0024965263
20409,0.0014684553
20410,0.0011184026
20411,0.0010115207
20412,0.0006143913
20413,0.00057832623
20414,0.000976175
20415,0.0011136042
20416,0.0014503677
20417,0.0016316919
20418,0.0018775132
20419,0.0019349805
20420,0.0027344222
20421,0.003240661
20422,0.0026407957
20423,0.0021192145
20424,0.0013643397
20425,0.001005113
20426,0.0013584179
20427,0.0017841042
20428,0.0011644516
20429,0.0014520123
20430,0.0016126562
20431,0.001610453
20432,0.001594726
20433,0.0016767146
20434,0.0017541967
20435,0.0016800959
20436,0.0018351192
20437,0.0017999066
20438,0.001111747
20439,0.0012508718
20440,0.00200743
20441,0.0035248545
20442,0.0038697128
20443,0.002452705
20444,0.001080415
20445,0.0013965752
20446,0.001357475
20447,0.0018579416
20448,0.0026572098
20449,0.0028352004
20450,0.0028698696
20451,0.001922668
20452,0.0016050766
20453,0.0016229822
20454,0.0012754787
20455,0.00079737214
20456,0.0007921355
20457,0.00075781054
20458,0.0009717824
20459,0.0012272896
20460,0.0015879774
20461,0.0021563806
20462,0.0019929812
20463,0.0011690663
20464,0.002033273
20465,0.0026401563
20466,0.0025716606
20467,0.0015707662
20468,0.0011328302
20469,0.0012319996
20470,0.0006540843
20471,0.0007836395
20472,0.0010636919
20473,0.0018078284
20474,0.0026032228
20475,0.0024017692
20476,0.0015944705
20477,0.0009982852
20478,0.0012880578
20479,0.0031686611
20480,0.0031191537
20481,0.0015659414
20482,0.0011417867
20483,0.0025457153
20484,0.0024322218
20485,0.001770825
20486,0.0018150103
20487,0.001399261
20488,0.0013293112
20489,0.0009406149
20490,0.0011623502
20491,0.0013846668
20492,0.0012867693
20493,0.0012229898
20494,0.0011103062
20495,0.00081416755
20496,0.00078586466
20497,0.0010275353
20498,0.00085520715
20499,0.00093832245
20500,0.0013907697
20501,0.0013414724
20502,0.001635202
20503,0.0020033373
20504,0.0015596842
20505,0.0011474569
20506,0.0012321885
20507,0.0014337173
20508,0.0015611203
20509,0.001461761
20510,0.0010931621
20511,0.0014155766
20512,0.0016420577
20513,0.0011904789
20514,0.0010109163
20515,0.00077943143
20516,0.0015056219
20517,0.0023711834
20518,0.0026369244
20519,0.0022869739
20520,0.0012166433
20521,0.0013446362
20522,0.0017288618
20523,0.001393028
20524,0.0012548208
20525,0.001242889
20526,0.001955463
20527,0.0030515862
20528,0.0027437196
20529,0.0015622571
20530,0.0006453043
20531,0.00066327484
20532,0.0005909211
20533,0.00075016776
20534,0.0006507386
20535,0.00079740863
20536,0.0022618936
20537,0.0028894362
20538,0.0028435134
20539,0.0025316372
20540,0.0012761402
20541,0.0012651229
20542,0.002028874
20543,0.0027104116
20544,0.0022035746
20545,0.0012911496
20546,0.0011447397
20547,0.0011980336
20548,0.0011039183
20549,0.0009323482
20550,0.0015191502
20551,0.0026690126
20552,0.0028146883
20553,0.0011824823
20554,0.0013220004
20555,0.0023381822
20556,0.0038326604
20557,0.0041600913
20558,0.0025464697
20559,0.0014642675
20560,0.0017651623
20561,0.0021852455
20562,0.0023198754
20563,0.0021107516
20564,0.0018497938
20565,0.0018154753
20566,0.001735901
20567,0.0009127575
20568,0.00092749717
20569,0.0013566171
20570,0.0017646346
20571,0.0015672419
20572,0.0015077468
20573,0.001234454
20574,0.000822419
20575,0.0007897437
20576,0.0010312955
20577,0.0012209654
20578,0.0015763887
20579,0.0016855783
20580,0.004109313
20581,0.0045234077
20582,0.0019023524
20583,0.0016024816
20584,0.0013935294
20585,0.0015878308
20586,0.0020084444
20587,0.0024786023
20588,0.0016588803
20589,0.0014092713
20590,0.0020207241
20591,0.002115063
20592,0.0017053531
20593,0.0013568959
20594,0.0010129008
20595,0.0013562524
20596,0.0023043044
20597,0.0021436834
20598,0.0018485662
20599,0.0023638813
20600,0.0018659291
20601,0.0015992092
20602,0.0018778233
20603,0.0019503962
20604,0.0016711509
20605,0.0015278423
20606,0.0011848182
20607,0.0010683876
20608,0.0020442507
20609,0.001867644
20610,0.0016037343
20611,0.0018799299
20612,0.0023704837
20613,0.002696481
20614,0.001979236
20615,0.0017468481
20616,0.001445423
20617,0.0021230702
20618,0.0029641155
20619,0.002656224
20620,0.0020829644
20621,0.002043439
20622,0.0024443727
20623,0.0024595659
20624,0.0020231854
20625,0.0020214585
20626,0.0017431289
20627,0.0014284909
20628,0.0010532157
20629,0.00089387724
20630,0.0005424923
20631,0.0012474702
20632,0.001900531
20633,0.001312655
20634,0.0014185546
20635,0.0029757475
20636,0.0040756324
20637,0.0047007906
20638,0.0033728655
20639,0.0008698848
20640,0.0009860531
20641,0.0020656083
20642,0.003140967
20643,0.003534897
20644,0.0026985202
20645,0.0016722651
20646,0.0
20647,0.0010343388
20648,0.00094107894
20649,0.00056730077
20650,0.00084414345
20651,0.0011984465
20652,0.0011701611
20653,0.0010949975
20654,0.0008589086
20655,0.0008097588
20656,0.0013055854
20657,0.001863791
20658,0.001748014
20659,0.0016249357
20660,0.0013238264
20661,0.0014304657
20662,0.0012877189
20663,0.0010320008
20664,0.0010325647
20665,0.0009949561
20666,0.0007458489
20667,0.00080568716
20668,0.00084234873
20669,0.0013471013
20670,0.0012927491
20671,0.0006302914
20672,0.0010990301
20673,0.0013249471
20674,0.0016950654
20675,0.0015839218
20676,0.0009460757
20677,0.0007950327
20678,0.0012014055
20679,0.0018757143
20680,0.0021181155
20681,0.0022712543
20682,0.002241835
20683,0.0017853435
20684,0.0012224185
20685,0.0008471033
20686,0.0017275483
20687,0.0030736236
20688,0.002935156
20689,0.0018224514
20690,0.0012173367
20691,0.0009875278
20692,0.0010645945
20693,0.0018918437
20694,0.002385403
20695,0.0029315744
20696,0.0038821774
20697,0.004547663
20698,0.004333073
20699,0.004379319
20700,0.003998771
20701,0.005536775
20702,0.004786562
20703,0.0019702902
20704,0.0016076494
20705,0.0011262082
20706,0.0013403437
20707,0.00129841
20708,0.0013115903
20709,0.0012757524
20710,0.001134935
20711,0.00093850854
20712,0.000946414
20713,0.0023659982
20714,0.0029651462
20715,0.0018981099
20716,0.0015068392
20717,0.0020442365
20718,0.0024371587
20719,0.002137497
20720,0.001708269
20721,0.0021763574
20722,0.0028967094
20723,0.0034108257
20724,0.002115696
20725,0.001251616
20726,0.0025482178
20727,0.0032623669
20728,0.0023939041
20729,0.0017670573
20730,0.001395074
20731,0.001539267
20732,0.0020879605
20733,0.0024566294
20734,0.0013828159
20735,0.0013720825
20736,0.0015096758
20737,0.0014591304
20738,0.0027180354
20739,0.002824628
20740,0.003104526
20741,0.002500219
20742,0.0017640408
20743,0.0013535458
20744,0.0010522205
20745,0.0006765686
20746,0.0005966557
20747,0.0009533691
20748,0.001198495
20749,0.0016767146
20750,0.0018965147
20751,0.0019310659
20752,0.0020320846
20753,0.0021122403
20754,0.0025638058
20755,0.0024781795
20756,0.0021513405
20757,0.0016648346
20758,0.0013311271
20759,0.0012152072
20760,0.0012178866
20761,0.0008018853
20762,0.00094908563
20763,0.00085466244
20764,0.0009180353
20765,0.001451511
20766,0.0023846831
20767,0.0023826808
20768,0.0016640652
20769,0.0015980258
20770,0.0016580379
20771,0.0010111178
20772,0.0015153906
20773,0.0028030316
20774,0.0043647406
20775,0.0042047794
20776,0.0025524972
20777,0.0012548673
20778,0.00110463
20779,0.0014855589
20780,0.0019195623
20781,0.001993828
20782,0.0017972366
20783,0.0015193609
20784,0.0014162754
20785,0.0012897964
20786,0.0016684145
20787,0.0013774596
20788,0.0011472793
20789,0.0011374964
20790,0.0010384949
20791,0.0010342544
20792,0.0009943709
20793,0.0016164777
20794,0.0020546173
20795,0.0019174841
20796,0.001022111
20797,0.0021148154
20798,0.0027873092
20799,0.0019634836
20800,0.0012522902
20801,0.0012084104
20802,0.0014250434
20803,0.000804241
20804,0.0009916746
20805,0.0011408178
20806,0.0017711538
20807,0.0026060832
20808,0.0027236617
20809,0.0021461393
20810,0.0018501556
20811,0.0018244784
20812,0.0030996944
20813,0.0031056602
20814,0.0021322896
20815,0.0018298781
20816,0.0024342672
20817,0.0019773825
20818,0.001191432
20819,0.0011576334
20820,0.001038607
20821,0.0013456098
20822,0.0013696622
20823,0.0015427797
20824,0.0016531333
20825,0.0014025848
20826,0.001172174
20827,0.00096752035
20828,0.00084868225
20829,0.0007253544
20830,0.0010736865
20831,0.00096465845
20832,0.0009245114
20833,0.0011309017
20834,0.0008035531
20835,0.0015023322
20836,0.001934123
20837,0.0018223876
20838,0.0014174873
20839,0.0009838074
20840,0.0013480516
20841,0.0018272201
20842,0.0014390462
20843,0.0012081454
20844,0.0024509362
20845,0.0025569058
20846,0.0016355579
20847,0.0014258806
20848,0.0010675974
20849,0.0013658107
20850,0.0025910977
20851,0.0026765587
20852,0.0021602507
20853,0.0016927115
20854,0.0017002599
20855,0.0020962378
20856,0.00155475
20857,0.0012345483
20858,0.0012659738
20859,0.0020416009
20860,0.0026557965
20861,0.002033645
20862,0.00089890976
20863,0.0007715502
20864,0.0007191893
20865,0.000572967
20866,0.00045566075
20867,0.0007195939
20868,0.0007713993
20869,0.0021433574
20870,0.002356174
20871,0.0025448464
20872,0.0027370818
20873,0.0016266721
20874,0.0013424916
20875,0.001930267
20876,0.0025938707
20877,0.002108779
20878,0.0017406226
20879,0.0016775649
20880,0.0016215111
20881,0.0012379853
20882,0.0015868957
20883,0.002001753
20884,0.0026057705
20885,0.002211564
20886,0.00065949047
20887,0.0011466957
20888,0.002201791
20889,0.003580032
20890,0.0037917322
20891,0.00216293
20892,0.001171553
20893,0.003959913
20894,0.0048375474
20895,0.0046890746
20896,0.0034635097
20897,0.002462735
20898,0.0023883053
20899,0.0026014668
20900,0.0020487304
20901,0.0014628755
20902,0.0022813422
20903,0.0023931381
20904,0.0016366785
20905,0.0015175785
20906,0.0013387577
20907,0.0011161102
20908,0.0014388439
20909,0.0018719867
20910,0.0020264338
20911,0.001830864
20912,0.0014744484
20913,0.0031798196
20914,0.003636349
20915,0.0022655448
20916,0.0016456518
20917,0.0011755953
20918,0.0011360114
20919,0.0022584167
20920,0.0026905274
20921,0.0015675018
20922,0.0015858132
20923,0.001644254
20924,0.0014555358
20925,0.0010148529
20926,0.0013182525
20927,0.0016517772
20928,0.0017597625
20929,0.0021199423
20930,0.0018918745
20931,0.0016590732
20932,0.0022837138
20933,0.0021825403
20934,0.0025643052
20935,0.002491345
20936,0.002169084
20937,0.0017730588
20938,0.0021051047
20939,0.0018357376
20940,0.0013065212
20941,0.0018176702
20942,0.0015635419
20943,0.0015738204
20944,0.003180872
20945,0.003674494
20946,0.0030662857
20947,0.0018584272
20948,0.0012183166
20949,0.0011932871
20950,0.0023411429
20951,0.0031291773
20952,0.0028935529
20953,0.002542844
20954,0.00215372
20955,0.0019005004
20956,0.0018889339
20957,0.0018779318
20958,0.002014088
20959,0.0017361525
20960,0.0012122578
20961,0.0008822101
20962,0.0006447177
20963,0.0006284417
20964,0.0010582606
20965,0.0013089916
20966,0.0014497858
20967,0.001878598
20968,0.0026660669
20969,0.004123178
20970,0.0046056337
20971,0.0028948702
20972,0.0006880005
20973,0.00094200624
20974,0.0014155766
20975,0.0024253076
20976,0.0031538205
20977,0.0030099389
20978,0.0022411079
20979,0.0
20980,0.0009282186
20981,0.00078271044
20982,0.0006330099
20983,0.0007161478
20984,0.0011237246
20985,0.0012063374
20986,0.0012400055
20987,0.0011796731
20988,0.0015905047
20989,0.0018836417
20990,0.002113301
20991,0.0017595806
20992,0.0014376906
20993,0.0013894507
20994,0.0010505596
20995,0.00089566625
20996,0.0008269715
20997,0.0008545603
20998,0.00070558494
20999,0.0007536514
21000,0.00084068865
21001,0.0008792029
21002,0.0016133058
21003,0.0014483597
21004,0.0008854372
21005,0.0007059561
21006,0.0010354075
21007,0.0014674045
21008,0.0018303234
21009,0.0010320008
21010,0.00031925165
21011,0.0009806666
21012,0.0016179354
21013,0.0015986267
21014,0.0020518817
21015,0.0022526619
21016,0.0021366118
21017,0.0017179357
21018,0.0017595971
21019,0.0020625487
21020,0.002862335
21021,0.00278065
21022,0.0018819723
21023,0.0011729931
21024,0.0010340855
21025,0.0014694063
21026,0.0020644385
21027,0.0020493837
21028,0.0023422614
21029,0.0033033956
21030,0.0042760223
21031,0.004309109
21032,0.004200271
21033,0.0038752218
21034,0.004576842
21035,0.0041670185
21036,0.001712421
21037,0.0012236797
21038,0.0011306186
21039,0.0013569389
21040,0.001451892
21041,0.0014346914
21042,0.00092107366
21043,0.0011707827
21044,0.0016660579
21045,0.0018974505
21046,0.0018442315
21047,0.0021948272
21048,0.0021250022
21049,0.0022585457
21050,0.002847441
21051,0.0028412505
21052,0.0023493334
21053,0.0017855228
21054,0.0019859155
21055,0.0032679022
21056,0.003949087
21057,0.0021359308
21058,0.001564863
21059,0.0029134098
21060,0.003618449
21061,0.0026273269
21062,0.0016199488
21063,0.0012568372
21064,0.0010905231
21065,0.0012577862
21066,0.0012603982
21067,0.001139286
21068,0.0011556707
21069,0.0012267678
21070,0.0010747974
21071,0.0017375099
21072,0.002047494
21073,0.002635368
21074,0.0020220487
21075,0.001355093
21076,0.0009030445
21077,0.0007181364
21078,0.0006662082
21079,0.0008134881
21080,0.0012298716
21081,0.0013341191
21082,0.001639894
21083,0.0018741775
21084,0.0017534666
21085,0.0018682049
21086,0.0019683987
21087,0.0019196381
21088,0.0018367203
21089,0.0017161899
21090,0.0016071243
21091,0.0021302686
21092,0.00210008
21093,0.0020999832
21094,0.001475001
21095,0.001338562
21096,0.000764578
21097,0.0013678124
21098,0.0024332625
21099,0.002998818
21100,0.0025890977
21101,0.0016805982
21102,0.0016372652
21103,0.0013401265
21104,0.0009563257
21105,0.0015373562
21106,0.0039122654
21107,0.005082969
21108,0.0033917013
21109,0.0010048813
21110,0.0010365031
21111,0.0010831053
21112,0.0014318079
21113,0.0017332836
21114,0.0013778822
21115,0.0010096488
21116,0.0009157498
21117,0.00112388
21118,0.0012814885
21119,0.0019633798
21120,0.0018569859
21121,0.0015916021
21122,0.0014021905
21123,0.0012265779
21124,0.0012425377
21125,0.0012862716
21126,0.0015624806
21127,0.0021644903
21128,0.0020761767
21129,0.0012374681
21130,0.0024182654
21131,0.0028095446
21132,0.0013315425
21133,0.00097483245
21134,0.0012503132
21135,0.0015955105
21136,0.0009473668
21137,0.0010717331
21138,0.0012066992
21139,0.001362098
21140,0.0020638322
21141,0.0028278204
21142,0.0027388146
21143,0.0026610405
21144,0.0022708313
21145,0.0031084798
21146,0.0027201653
21147,0.0017659205
21148,0.0016927974
21149,0.0019016027
21150,0.0018319763
21151,0.00123377
21152,0.0009947806
21153,0.0010383828
21154,0.0013303617
21155,0.0010051999
21156,0.0010237328
21157,0.0011680202
21158,0.0008218526
21159,0.0010884127
21160,0.0012708611
21161,0.0010641844
21162,0.0006820525
21163,0.0011334723
21164,0.0011559225
21165,0.0011894762
21166,0.0010665064
21167,0.00086272904
21168,0.0013018126
21169,0.0015660529
21170,0.0017918685
21171,0.0017636613
21172,0.0011508253
21173,0.00097052375
21174,0.0014749812
21175,0.0011172831
21176,0.0013124554
21177,0.003405574
21178,0.0031506813
21179,0.0012982979
21180,0.0014583723
21181,0.0012836669
21182,0.001079175
21183,0.0025586584
21184,0.0027210962
21185,0.0024344584
21186,0.0019026125
21187,0.0020296914
21188,0.0020798042
21189,0.0012521507
21190,0.00090635795
21191,0.0009628163
21192,0.0016743349
21193,0.0019639134
21194,0.0015465857
21195,0.00087031967
21196,0.0008808234
21197,0.0010374574
21198,0.0008381229
21199,0.00077853474
21200,0.00096736994
21201,0.0009490243
21202,0.0017085926
21203,0.0018936889
21204,0.0019619118
21205,0.0025198031
21206,0.0017018851
21207,0.0014226314
21208,0.0019320152
21209,0.0023523169
21210,0.0024831775
21211,0.0026350918
21212,0.0023386178
21213,0.0017534168
21214,0.0014863227
21215,0.002095474
21216,0.0024535947
21217,0.0023330608
21218,0.0014756717
21219,0.0008952437
21220,0.0014316656
21221,0.002464991
21222,0.0029419602
21223,0.0030602242
21224,0.0022813675
21225,0.0016585819
21226,0.0044213906
21227,0.0050812797
21228,0.004139303
21229,0.0034722798
21230,0.0024609854
21231,0.0027355608
21232,0.003711071
21233,0.003781202
21234,0.0031865854
21235,0.003183954
21236,0.0029849757
21237,0.002205304
21238,0.0025934556
21239,0.0019431455
21240,0.0015137573
21241,0.0017557722
21242,0.0020063133
21243,0.002450022
21244,0.0024755828
21245,0.0019771175
21246,0.0022227347
21247,0.0027876433
21248,0.002452527
21249,0.0017868915
21250,0.0010879581
21251,0.0010490348
21252,0.0023311765
21253,0.00285689
21254,0.0021500278
21255,0.0015662201
21256,0.00093853957
21257,0.00085244613
21258,0.0008493336
21259,0.0014498058
21260,0.0017983213
21261,0.0016771832
21262,0.0016457932
21263,0.0016483377
21264,0.0016719518
21265,0.001969389
21266,0.0021806192
21267,0.003350008
21268,0.0031114088
21269,0.0019087672
21270,0.0013023937
21271,0.0020330725
21272,0.0019536614
21273,0.0015397585
21274,0.001439491
21275,0.0015408166
21276,0.0020220773
21277,0.0043161744
21278,0.004556007
21279,0.0030198528
21280,0.0013843725
21281,0.00076856447
21282,0.0012075913
21283,0.002521593
21284,0.0032968961
21285,0.0032616532
21286,0.0027137704
21287,0.0022032973
21288,0.0019029032
21289,0.0015155443
21290,0.0015279184
21291,0.0016279955
21292,0.0013235406
21293,0.0010821376
21294,0.001033804
21295,0.000691671
21296,0.00077846
21297,0.00073011353
21298,0.0010628434
21299,0.0015390211
21300,0.0019559094
21301,0.0036171135
21302,0.0047245235
21303,0.004090323
21304,0.0023707293
21305,0.00079839345
21306,0.0008900597
21307,0.0010043599
21308,0.0015902484
21309,0.0022518479
21310,0.0029302635
21311,0.0028122056
21312,0.0
21313,0.00070074236
21314,0.00068935286
21315,0.0006237468
21316,0.00084669096
21317,0.0010329029
21318,0.0007336527
21319,0.0006769126
21320,0.0010952102
21321,0.002481325
21322,0.0025218928
21323,0.001849731
21324,0.0013559519
21325,0.0009345619
21326,0.000980726
21327,0.00094413565
21328,0.0008284834
21329,0.00096691854
21330,0.00095208606
21331,0.0007937504
21332,0.00082326785
21333,0.00075423036
21334,0.00077369733
21335,0.0016133419
21336,0.0013112796
21337,0.0006759661
21338,0.0006741985
21339,0.00082760473
21340,0.0012599825
21341,0.0019693743
21342,0.0012806252
21343,0.00043547738
21344,0.00057958293
21345,0.0009996254
21346,0.00095242227
21347,0.000890452
21348,0.0014883969
21349,0.0018826681
21350,0.0017566339
21351,0.0015761303
21352,0.0016668962
21353,0.0015140456
21354,0.0019666236
21355,0.0018976652
21356,0.00096336025
21357,0.0010000038
21358,0.00132769
21359,0.0015541697
21360,0.0014399964
21361,0.0014150831
21362,0.0021413877
21363,0.0022095365
21364,0.0024524913
21365,0.002884002
21366,0.003337823
21367,0.0037592791
21368,0.0029864183
21369,0.0016196793
21370,0.001151154
21371,0.0011849656
21372,0.0014439927
21373,0.0013339664
21374,0.0012348547
21375,0.0009701938
21376,0.0016722478
21377,0.0018871458
21378,0.0015586201
21379,0.0012447375
21380,0.0012607444
21381,0.0015930461
21382,0.0018486135
21383,0.0023443603
21384,0.0020527467
21385,0.0012714335
21386,0.0012516626
21387,0.0015611949
21388,0.0035043762
21389,0.0036332903
21390,0.0014026471
21391,0.0015700064
21392,0.002951649
21393,0.0034689424
21394,0.0023466188
21395,0.0009820901
21396,0.0006630554
21397,0.0013308428
21398,0.0015013632
21399,0.0012336285
21400,0.0012227518
21401,0.0012682707
21402,0.0013600453
21403,0.0014012147
21404,0.0017368564
21405,0.0017102101
21406,0.0019994255
21407,0.001840377
21408,0.0014079282
21409,0.0010239318
21410,0.0007546933
21411,0.00078245014
21412,0.0011774754
21413,0.0015263176
21414,0.0016871833
21415,0.0018106115
21416,0.0019358677
21417,0.001731923
21418,0.0018448153
21419,0.0018557473
21420,0.001417015
21421,0.0011201968
21422,0.001352836
21423,0.0018582236
21424,0.002340745
21425,0.0023125624
21426,0.0021423388
21427,0.0018708825
21428,0.0017996156
21429,0.0017484968
21430,0.00198801
21431,0.0026143454
21432,0.0022706648
21433,0.0016912322
21434,0.001392422
21435,0.0011990777
21436,0.001119079
21437,0.0011711059
21438,0.0034262014
21439,0.0048806127
21440,0.004789759
21441,0.002760091
21442,0.0009273403
21443,0.0008481677
21444,0.0010152543
21445,0.0010375415
21446,0.0010907099
21447,0.0007486532
21448,0.0006876197
21449,0.00059381983
21450,0.0010607328
21451,0.0016214931
21452,0.0021978484
21453,0.0019142788
21454,0.001876769
21455,0.0017365548
21456,0.0020277833
21457,0.0019522307
21458,0.0020204217
21459,0.0016367319
21460,0.00223925
21461,0.0021033343
21462,0.001807281
21463,0.0025259058
21464,0.0025027206
21465,0.0012873572
21466,0.0008485451
21467,0.0013934667
21468,0.0020859244
21469,0.0013622903
21470,0.0014428635
21471,0.0012925239
21472,0.0011702109
21473,0.0017663984
21474,0.0021021578
21475,0.0023017644
21476,0.002292033
21477,0.002482439
21478,0.0033971972
21479,0.0028092028
21480,0.0017796942
21481,0.0016365718
21482,0.0015858132
21483,0.0014319908
21484,0.0012781456
21485,0.0008263377
21486,0.00095297216
21487,0.001119547
21488,0.0006303838
21489,0.0008662975
21490,0.0008167373
21491,0.0006178396
21492,0.0011287895
21493,0.0012607214
21494,0.0009274344
21495,0.0006889305
21496,0.0011268283
21497,0.0012044299
21498,0.0012937842
21499,0.0011757935
21500,0.0013402135
21501,0.0014238585
21502,0.0012466067
21503,0.0014803974
21504,0.0017387656
21505,0.0012982755
21506,0.0010334098
21507,0.0015622012
21508,0.0014906048
21509,0.0034621735
21510,0.004470363
21511,0.003385354
21512,0.00095547317
21513,0.0013555869
21514,0.0014045133
21515,0.00093247305
21516,0.0020091254
21517,0.0025061371
21518,0.002723961
21519,0.0019949372
21520,0.0018014098
21521,0.0015691719
21522,0.000974504
21523,0.0005033088
21524,0.0008521047
21525,0.001452914
21526,0.0014707327
21527,0.0014512104
21528,0.0013561021
21529,0.0013946358
21530,0.0012056858
21531,0.0009170837
21532,0.0010596622
21533,0.0013935084
21534,0.0015106779
21535,0.0018328499
21536,0.0017435128
21537,0.0015128725
21538,0.0021659152
21539,0.0016835915
21540,0.0017835984
21541,0.0019644024
21542,0.0023603453
21543,0.002688991
21544,0.002740132
21545,0.0020647487
21546,0.0010037222
21547,0.0015624433
21548,0.0023461473
21549,0.0030266684
21550,0.0024312045
21551,0.0008495392
21552,0.0013678124
21553,0.0020551556
21554,0.0025477724
21555,0.0026567169
21556,0.002241056
21557,0.0017675844
21558,0.0018271724
21559,0.00425175
21560,0.0039654286
21561,0.0009939903
21562,0.001723247
21563,0.0015393426
21564,0.002285268
21565,0.0050825854
21566,0.0061229826
21567,0.0047410103
21568,0.0037059858
21569,0.0026963407
21570,0.0021785363
21571,0.0031556932
21572,0.0021606681
21573,0.001419129
21574,0.002302561
21575,0.0023284408
21576,0.0027543912
21577,0.002803748
21578,0.00198801
21579,0.0018577693
21580,0.0020549856
21581,0.002391727
21582,0.0018688902
21583,0.0009984892
21584,0.0007222583
21585,0.0019311714
21586,0.0026174495
21587,0.0022446115
21588,0.0014761252
21589,0.00081072864
21590,0.00063649454
21591,0.0008410694
21592,0.0015568826
21593,0.0019053029
21594,0.0019389022
21595,0.0020099075
21596,0.0020191967
21597,0.0019763813
21598,0.0018792021
21599,0.002167688
21600,0.003434126
21601,0.0031678437
21602,0.0015727475
21603,0.0008295015
21604,0.0011447652
21605,0.0011584376
21606,0.0008879973
21607,0.00077234197
21608,0.0015551244
21609,0.0028118019
21610,0.0051302104
21611,0.0043309163
21612,0.0011584376
21613,0.00088812836
21614,0.00083860895
21615,0.0011580355
21616,0.002370717
21617,0.0032478198
21618,0.0033590917
21619,0.0032600467
21620,0.0031140456
21621,0.0022316468
21622,0.0019533485
21623,0.0015970785
21624,0.0011451464
21625,0.0012534285
21626,0.0014884165
21627,0.0011548141
21628,0.000492495
21629,0.00077812345
21630,0.0009030445
21631,0.0015135842
21632,0.0016785709
21633,0.0030731596
21634,0.0044006268
21635,0.004585806
21636,0.00313466
21637,0.001250895
21638,0.00082192343
21639,0.000868445
21640,0.0009170202
21641,0.000988912
21642,0.0015887286
21643,0.0024542708
21644,0.0024837751
21645,0.0
21646,0.0009021094
21647,0.0006458002
21648,0.0009485949
21649,0.0015598334
21650,0.0017367057
21651,0.0015856114
21652,0.0014194775
21653,0.0013203702
21654,0.0026748944
21655,0.0028057091
21656,0.0015577049
21657,0.00077309523
21658,0.0004727763
21659,0.00080990256
21660,0.000974922
21661,0.0010497281
21662,0.0010658785
21663,0.0012269813
21664,0.0010152829
21665,0.000858434
21666,0.0011269574
21667,0.001530925
21668,0.002038348
21669,0.0015569947
21670,0.0009801916
21671,0.0007362267
21672,0.00086286396
21673,0.0009984018
21674,0.001853095
21675,0.0013784101
21676,0.00053530955
21677,0.0008189081
21678,0.001089081
21679,0.0007453415
21680,0.0005075125
21681,0.0011486483
21682,0.0014829118
21683,0.0013132757
21684,0.0009916158
21685,0.0012022532
21686,0.0015775146
21687,0.002048091
21688,0.0018094537
21689,0.0012149676
21690,0.0010092163
21691,0.0013519968
21692,0.0015497252
21693,0.0015957294
21694,0.0014459867
21695,0.001606291
21696,0.00166899
21697,0.0017473146
21698,0.0022492227
21699,0.0022580302
21700,0.0024320304
21701,0.0019174082
21702,0.001346626
21703,0.001028611
21704,0.0013347298
21705,0.001590285
21706,0.0012522205
21707,0.00087462284
21708,0.00052902027
21709,0.0012174802
21710,0.0013293768
21711,0.00057757087
21712,0.0011455276
21713,0.0012458827
21714,0.001162175
21715,0.0012554933
21716,0.001571822
21717,0.0011131598
21718,0.0010750139
21719,0.0015233018
21720,0.0022075598
21721,0.0032590823
21722,0.0029667555
21723,0.0014961397
21724,0.0016271909
21725,0.0023366383
21726,0.0027171357
21727,0.002251964
21728,0.0011738115
21729,0.0005107137
21730,0.0014016508
21731,0.0014033732
21732,0.0010950773
21733,0.0011878847
21734,0.0009979353
21735,0.0007447946
21736,0.0010320008
21737,0.0010699937
21738,0.001203221
21739,0.0016545411
21740,0.0017135593
21741,0.0016823809
21742,0.0018774512
21743,0.0017598121
21744,0.0013980332
21745,0.0017732722
21746,0.00185755
21747,0.0019704232
21748,0.0018167413
21749,0.0017808713
21750,0.0014883578
21751,0.0013930489
21752,0.0012306287
21753,0.0008508058
21754,0.0014300995
21755,0.0022142865
21756,0.002386891
21757,0.0022422115
21758,0.0019527227
21759,0.00166899
21760,0.0016120245
21761,0.0015421571
21762,0.0022340321
21763,0.0022493002
21764,0.0024349603
21765,0.0014311166
21766,0.0011605711
21767,0.0009778432
21768,0.001021285
21769,0.0015573686
21770,0.0020328292
21771,0.0037970785
21772,0.004572573
21773,0.003742146
21774,0.0018044284
21775,0.00061514875
21776,0.00063461706
21777,0.00085439
21778,0.00088263885
21779,0.00076453993
21780,0.0006760091
21781,0.0005386698
21782,0.00038299256
21783,0.0009310675
21784,0.0013850031
21785,0.0015967322
21786,0.001464009
21787,0.0013652566
21788,0.0013399745
21789,0.0013828791
21790,0.0015137765
21791,0.0019586307
21792,0.0017017826
21793,0.0021529363
21794,0.0019954331
21795,0.0019647432
21796,0.0020565146
21797,0.0016472603
21798,0.0010229365
21799,0.0009192708
21800,0.0015313622
21801,0.0028084153
21802,0.0020517115
21803,0.0016635229
21804,0.0016405504
21805,0.0016782761
21806,0.00097348803
21807,0.0009488403
21808,0.0015182303
21809,0.0014648834
21810,0.0018220042
21811,0.0028945988
21812,0.0028018686
21813,0.0018160844
21814,0.0012985669
21815,0.0008241512
21816,0.00093884964
21817,0.0009914398
21818,0.00071631034
21819,0.0010160566
21820,0.0012297534
21821,0.001020829
21822,0.0010677064
21823,0.0008997188
21824,0.0006401876
21825,0.0011265182
21826,0.0012457892
21827,0.00090565125
21828,0.00055903214
21829,0.00087178976
21830,0.00094148086
21831,0.00094939227
21832,0.0006831611
21833,0.000974026
21834,0.000896186
21835,0.0007788711
21836,0.0012207031
21837,0.0016379405
21838,0.0013484186
21839,0.0015668332
21840,0.0019630094
21841,0.002186537
21842,0.004271405
21843,0.004338584
21844,0.002617783
21845,0.0010260898
21846,0.0014887684
21847,0.00150301
21848,0.0010454219
21849,0.0012815112
21850,0.002165727
21851,0.0027657792
21852,0.0022679074
21853,0.0016836433
21854,0.0011999755
21855,0.0006517218
21856,0.0007874925
21857,0.0008039514
21858,0.0012899544
21859,0.0013232327
21860,0.0011250447
21861,0.0012616444
21862,0.0012196298
21863,0.0007723043
21864,0.0010196023
21865,0.0016808925
21866,0.0019996292
21867,0.0020014767
21868,0.0019277624
21869,0.0018572053
21870,0.0013410384
21871,0.0017479474
21872,0.0016429082
21873,0.0017799232
21874,0.002338344
21875,0.0027591523
21876,0.0029954968
21877,0.0026236356
21878,0.0014647841
21879,0.0011429586
21880,0.0017365715
21881,0.002063
21882,0.0029203445
21883,0.003146124
21884,0.0016354155
21885,0.0024802221
21886,0.002842039
21887,0.0025795929
21888,0.0022337064
21889,0.001453715
21890,0.0011084174
21891,0.0012885774
21892,0.003223399
21893,0.0032536036
21894,0.0012639952
21895,0.0011020713
21896,0.001246233
21897,0.002415339
21898,0.0059304005
21899,0.00692169
21900,0.00408618
21901,0.0020701122
21902,0.0020135965
21903,0.0026119286
21904,0.0031024443
21905,0.0019191378
21906,0.002773723
21907,0.0034665589
21908,0.0023848175
21909,0.0020339028
21910,0.0023710483
21911,0.0014029376
21912,0.0015638212
21913,0.0018087137
21914,0.0019791774
21915,0.001625061
21916,0.0009237555
21917,0.0007798047
21918,0.0008343991
21919,0.0015492556
21920,0.0018026049
21921,0.0015097529
21922,0.0014956533
21923,0.0012225376
21924,0.0009893533
21925,0.0010264867
21926,0.0011795745
21927,0.0017942383
21928,0.0021257964
21929,0.0022026764
21930,0.0022248025
21931,0.0020919573
21932,0.0023250259
21933,0.002980077
21934,0.0028116053
21935,0.0018981099
21936,0.00094203715
21937,0.0008499844
21938,0.001096883
21939,0.0009963299
21940,0.0007965687
21941,0.0016248103
21942,0.0035394307
21943,0.0051923734
21944,0.003461148
21945,0.0008203994
21946,0.0011852357
21947,0.0012076877
21948,0.0011594672
21949,0.0021812064
21950,0.0032969138
21951,0.003632938
21952,0.0032107516
21953,0.003423941
21954,0.0028973022
21955,0.0021642481
21956,0.0017417425
21957,0.0012186032
21958,0.0014766575
21959,0.0016754818
21960,0.0013102583
21961,0.0007895594
21962,0.0005924951
21963,0.0009004302
21964,0.0017686214
21965,0.0020534839
21966,0.0033557804
21967,0.0040896116
21968,0.0030279278
21969,0.0015647886
21970,0.0019840533
21971,0.0020765972
21972,0.0019813378
21973,0.0015278423
21974,0.0011185587
21975,0.0010407345
21976,0.0017286262
21977,0.0014911124
21978,0.0
21979,0.00085840013
21980,0.001038607
21981,0.0014653404
21982,0.0018159401
21983,0.0016330291
21984,0.0015679658
21985,0.0016868038
21986,0.0012435913
21987,0.0023247004
21988,0.0028124643
21989,0.0017066497
21990,0.0007740734
21991,0.00066943315
21992,0.000872624
21993,0.00086222286
21994,0.0010932685
21995,0.0010815995
21996,0.0011481922
21997,0.0007944834
21998,0.0008673719
21999,0.0015263747
22000,0.0018661006
22001,0.0017094611
22002,0.0012578093
22003,0.0012008968
22004,0.0010633362
22005,0.00078804663
22006,0.0010753658
22007,0.0014506688
22008,0.0013188706
22009,0.0011179862
22010,0.0010107724
22011,0.0011204565
22012,0.0006349838
22013,0.00050290383
22014,0.00085500296
22015,0.001168643
22016,0.0013906233
22017,0.0013553937
22018,0.0014810854
22019,0.0018219883
22020,0.0023983133
22021,0.0022768343
22022,0.0017017141
22023,0.0010214845
22024,0.0016063998
22025,0.0017822762
22026,0.0018361973
22027,0.0016658133
22028,0.0017793508
22029,0.0018476687
22030,0.0015918764
22031,0.0017682757
22032,0.0016339555
22033,0.0016202183
22034,0.0016907158
22035,0.0011877132
22036,0.0017771577
22037,0.0019430856
22038,0.0018536916
22039,0.0012168825
22040,0.00072278193
22041,0.0007030643
22042,0.001265261
22043,0.0014030413
22044,0.0010473689
22045,0.0011791303
22046,0.0012378207
22047,0.0008246101
22048,0.0008155962
22049,0.00091939745
22050,0.0008869151
22051,0.0012882837
22052,0.0019977072
22053,0.0022932012
22054,0.0026130204
22055,0.0020036567
22056,0.0009736076
22057,0.001259428
22058,0.001776224
22059,0.0019850358
22060,0.001963854
22061,0.0015746154
22062,0.0013967211
22063,0.0020670309
22064,0.0019613183
22065,0.0015052933
22066,0.0011801912
22067,0.0008796993
22068,0.0008535721
22069,0.00086259405
22070,0.00092195795
22071,0.0007938971
22072,0.0012913976
22073,0.0015202992
22074,0.0020533563
22075,0.0023239616
22076,0.002530936
22077,0.0020835092
22078,0.0021153106
22079,0.0018559826
22080,0.0016380294
22081,0.0012521043
22082,0.0009286575
22083,0.00085534324
22084,0.0011996359
22085,0.0012401933
22086,0.0012258184
22087,0.0018124429
22088,0.0020641566
22089,0.0018183585
22090,0.0014025018
22091,0.0013476198
22092,0.0012083622
22093,0.0011261565
22094,0.0012637188
22095,0.0016132516
22096,0.0017392677
22097,0.0018234731
22098,0.001330821
22099,0.0009857579
22100,0.0011888888
22101,0.0014713461
22102,0.001509483
22103,0.001717224
22104,0.0031134381
22105,0.0034262352
22106,0.0022928584
22107,0.0014835985
22108,0.0005943587
22109,0.0006991623
22110,0.0009934045
22111,0.0010186313
22112,0.0007300338
22113,0.00051818136
22114,0.00041704255
22115,0.0006253312
22116,0.0011056833
22117,0.0012196775
22118,0.0010916435
22119,0.0011163449
22120,0.0012306287
22121,0.0012645246
22122,0.0011406902
22123,0.0011091785
22124,0.0017109417
22125,0.0018325958
22126,0.0019141268
22127,0.001593941
22128,0.0017246482
22129,0.0017426946
22130,0.0013709578
22131,0.0010703744
22132,0.0009972643
22133,0.0018300213
22134,0.0029011269
22135,0.002110793
22136,0.0014458055
22137,0.0019047376
22138,0.002011138
22139,0.0013921084
22140,0.0014233883
22141,0.0015311912
22142,0.0016271909
22143,0.0015532143
22144,0.0020057764
22145,0.001954823
22146,0.0012162605
22147,0.0006831611
22148,0.00043574465
22149,0.000584035
22150,0.00091746444
22151,0.00087259064
22152,0.00087864
22153,0.0013409299
22154,0.0012812159
22155,0.0011673223
22156,0.0008334568
22157,0.0007622143
22158,0.0010519715
22159,0.0013265716
22160,0.0013143611
22161,0.0011244754
22162,0.0012217279
22163,0.0010574627
22164,0.0006987459
22165,0.00053373055
22166,0.0006395053
22167,0.00060973136
22168,0.000599915
22169,0.0011320593
22170,0.0011908456
22171,0.0010936412
22172,0.0015279184
22173,0.00177904
22174,0.0024167243
22175,0.003700681
22176,0.002931068
22177,0.00095242227
22178,0.0015983536
22179,0.0017720244
22180,0.0014521125
22181,0.0011454006
22182,0.0008143463
22183,0.0015718034
22184,0.002105077
22185,0.001692677
22186,0.001064239
22187,0.0006569702
22188,0.00055011053
22189,0.00060059375
22190,0.0008094712
22191,0.0011109352
22192,0.00091914413
22193,0.0006857548
22194,0.00089709484
22195,0.00094647554
22196,0.0006711266
22197,0.0011047089
22198,0.0017036628
22199,0.0019107788
22200,0.0016348282
22201,0.0016821388
22202,0.0014114174
22203,0.00096203
22204,0.00094908563
22205,0.0011551921
22206,0.001269578
22207,0.0022967518
22208,0.0026512777
22209,0.0023832426
22210,0.0016176116
22211,0.0014363335
22212,0.0017396692
22213,0.0020042523
22214,0.0019569509
22215,0.0024713704
22216,0.0033922934
22217,0.0020185336
22218,0.0031995557
22219,0.0037662403
22220,0.002740493
22221,0.0022480837
22222,0.0017614155
22223,0.0016161356
22224,0.0019721063
22225,0.0031214203
22226,0.0030066688
22227,0.0018849855
22228,0.0016371052
22229,0.0016239862
22230,0.002556166
22231,0.006137183
22232,0.00762002
22233,0.0046017393
22234,0.0025104766
22235,0.0038169092
22236,0.0039950716
22237,0.002450212
22238,0.0033912894
22239,0.004277921
22240,0.0039102565
22241,0.0018582236
22242,0.0018230741
22243,0.0025768047
22244,0.0020360765
22245,0.0017002256
22246,0.0017961513
22247,0.0016306392
22248,0.0011396947
22249,0.00076129736
22250,0.0011283511
22251,0.00080929144
22252,0.0010417965
22253,0.0012581332
22254,0.0013988657
22255,0.0017557059
22256,0.0014697826
22257,0.00095080136
22258,0.0008586035
22259,0.0010734425
22260,0.0020981666
22261,0.0024000357
22262,0.0021326717
22263,0.0022018042
22264,0.0021821402
22265,0.00249145
22266,0.0031733145
22267,0.0027898871
22268,0.0014788829
22269,0.0005928388
22270,0.00047639446
22271,0.00096956367
22272,0.0008868166
22273,0.0008698848
22274,0.0016153611
22275,0.0036276067
22276,0.004874204
22277,0.0029297073
22278,0.0009714829
22279,0.00096251396
22280,0.0010015742
22281,0.0010233632
22282,0.0018566567
22283,0.0029909366
22284,0.0033447477
22285,0.0028163835
22286,0.0030490863
22287,0.002922586
22288,0.0027085533
22289,0.002162903
22290,0.001970231
22291,0.0018538644
22292,0.0019348451
22293,0.0014363335
22294,0.0007606855
22295,0.00091939745
22296,0.0013068777
22297,0.0026915548
22298,0.0027250934
22299,0.0028541381
22300,0.0028653126
22301,0.001304961
22302,0.0017345089
22303,0.0021835403
22304,0.002309704
22305,0.002385391
22306,0.0019531995
22307,0.0014528539
22308,0.0014244306
22309,0.0024232066
22310,0.0018637285
22311,0.0
22312,0.001089562
22313,0.0014760857
22314,0.001490722
22315,0.001269899
22316,0.0008951787
22317,0.00093940744
22318,0.0010739033
22319,0.0006598875
22320,0.0013627175
22321,0.0023205404
22322,0.0021258374
22323,0.001791836
22324,0.0014011108
22325,0.0016523233
22326,0.0016061099
22327,0.0016758986
22328,0.0016423059
22329,0.0013661304
22330,0.0011516595
22331,0.0011687675
22332,0.0018146576
22333,0.0019115098
22334,0.00095726864
22335,0.00095690374
22336,0.0014483597
22337,0.0015222506
22338,0.0013764874
22339,0.0017289965
22340,0.0019902487
22341,0.0020983054
22342,0.0018269334
22343,0.0013087247
22344,0.0009712132
22345,0.00036779695
22346,0.0006340206
22347,0.0010164576
22348,0.0009895887
22349,0.0014158026
22350,0.0015431382
22351,0.0009492083
22352,0.0011771787
22353,0.0019497693
22354,0.0021003296
22355,0.0018392063
22356,0.0015198971
22357,0.0016744392
22358,0.0020906073
22359,0.001977765
22360,0.0014790404
22361,0.0016398585
22362,0.0016891314
22363,0.0016301037
22364,0.0015753361
22365,0.0012633504
22366,0.0016060917
22367,0.0019915642
22368,0.001753118
22369,0.0022222109
22370,0.0024492852
22371,0.002362305
22372,0.0018550728
22373,0.001573543
22374,0.0011512552
22375,0.0011398223
22376,0.0011643016
22377,0.0009304421
22378,0.00091984053
22379,0.0011374196
22380,0.0009057798
22381,0.000996768
22382,0.0009925546
22383,0.0010332128
22384,0.0015740978
22385,0.002380628
22386,0.0026204942
22387,0.0021778548
22388,0.00093159877
22389,0.00072390854
22390,0.0010167725
22391,0.001178513
22392,0.0012597746
22393,0.0015820833
22394,0.0015345138
22395,0.0020239332
22396,0.0029452033
22397,0.0026551608
22398,0.0019626238
22399,0.0011540578
22400,0.0009632696
22401,0.0011085224
22402,0.0009223998
22403,0.0011630261
22404,0.0009983727
22405,0.0013253863
22406,0.0015942331
22407,0.0023746667
22408,0.002942168
22409,0.0034677507
22410,0.0030026878
22411,0.002413109
22412,0.0015728584
22413,0.0009773966
22414,0.0006300605
22415,0.000601804
22416,0.0008025383
22417,0.0013154899
22418,0.0013526209
22419,0.0013071671
22420,0.0012554006
22421,0.0010549552
22422,0.000845487
22423,0.0009419445
22424,0.00066865014
22425,0.00078793586
22426,0.000873624
22427,0.0011406136
22428,0.0011254327
22429,0.0011214172
22430,0.0009296285
22431,0.00080148596
22432,0.0005945546
22433,0.0009928478
22434,0.0010718417
22435,0.00080304587
22436,0.001341776
22437,0.0024089322
22438,0.0030366716
22439,0.0025213158
22440,0.001386767
22441,0.00085176306
22442,0.0005829377
22443,0.0006579883
22444,0.0008307987
22445,0.0010223389
22446,0.0011486991
22447,0.00149201
22448,0.0016014461
22449,0.0014382977
22450,0.0009838074
22451,0.0006977456
22452,0.00095129095
22453,0.000961334
22454,0.0010532986
22455,0.0011638266
22456,0.0009524528
22457,0.0013271858
22458,0.0015249631
22459,0.00131759
22460,0.0010165148
22461,0.0013788957
22462,0.0013717855
22463,0.001534931
22464,0.0012041399
22465,0.00202366
22466,0.0024180366
22467,0.0024886567
22468,0.0019006688
22469,0.0007924293
22470,0.0015164657
22471,0.0019526631
22472,0.0014076595
22473,0.0016120245
22474,0.0018330404
22475,0.0019766758
22476,0.0019256023
22477,0.0017457815
22478,0.0014674045
22479,0.00090075337
22480,0.0008034444
22481,0.0009861416
22482,0.0010625421
22483,0.0011128983
22484,0.0014415114
22485,0.0013354056
22486,0.0013391054
22487,0.00087791093
22488,0.0007255149
22489,0.0007340096
22490,0.00082326785
22491,0.0011132644
22492,0.0013968877
22493,0.0012501037
22494,0.0010529117
22495,0.0009415118
22496,0.0008284483
22497,0.00076145027
22498,0.0007605707
22499,0.00069636776
22500,0.0007927231
22501,0.0009910874
22502,0.0014320721
22503,0.001339062
22504,0.0012816248
22505,0.0016674896
22506,0.0015090973
22507,0.0018341198
22508,0.002653582
22509,0.0023934664
22510,0.0021388447
22511,0.0017687695
22512,0.001663278
22513,0.0012494517
22514,0.0010016904
22515,0.00075946015
22516,0.0011006442
22517,0.0017173256
22518,0.0015346846
22519,0.00092828134
22520,0.0005937708
22521,0.0002891128
22522,0.000501513
22523,0.00092344044
22524,0.0011697133
22525,0.00090030086
22526,0.00058383564
22527,0.0005667875
22528,0.0006269116
22529,0.00057757087
22530,0.00062439963
22531,0.0011552173
22532,0.0010166579
22533,0.00074166193
22534,0.0007668585
22535,0.0007676172
22536,0.0010962726
22537,0.001021285
22538,0.001219033
22539,0.0015280136
22540,0.002431001
22541,0.0024869603
22542,0.0016123675
22543,0.0013852553
22544,0.001814032
22545,0.001916482
22546,0.0017723693
22547,0.0018771257
22548,0.003738769
22549,0.0044167144
22550,0.0031722689
22551,0.004197436
22552,0.0048216325
22553,0.0030223094
22554,0.0018573307
22555,0.0018044284
22556,0.0017798741
22557,0.0024547214
22558,0.003400862
22559,0.0039950353
22560,0.0038638571
22561,0.0031877998
22562,0.002591446
22563,0.0024866795
22564,0.005110698
22565,0.0070294635
22566,0.00558504
22567,0.0030192262
22568,0.0041852286
22569,0.0051111877
22570,0.0032369408
22571,0.003794418
22572,0.00454065
22573,0.0033022943
22574,0.00068757735
22575,0.0010346202
22576,0.001968916
22577,0.0021369115
22578,0.0021415644
22579,0.0018714735
22580,0.0012091327
22581,0.0007233857
22582,0.00087295746
22583,0.001313896
22584,0.0011455022
22585,0.0008655581
22586,0.0007669344
22587,0.0007072329
22588,0.001215231
22589,0.001030505
22590,0.00088016235
22591,0.0011265699
22592,0.0013921502
22593,0.0024199737
22594,0.003063722
22595,0.0029028316
22596,0.0023101324
22597,0.0018810133
22598,0.002185938
22599,0.0033801058
22600,0.0030169408
22601,0.0013891575
22602,0.0011789822
22603,0.0012467001
22604,0.0012633963
22605,0.0007797674
22606,0.0008817481
22607,0.0017360854
22608,0.003446933
22609,0.0038307994
22610,0.002349482
22611,0.0013521044
22612,0.0009134906
22613,0.0007268375
22614,0.00055965653
22615,0.001612566
22616,0.0026971933
22617,0.0037052552
22618,0.0030960306
22619,0.0025166827
22620,0.0027004608
22621,0.0020340602
22622,0.0014298959
22623,0.0016749953
22624,0.0020423848
22625,0.0022517832
22626,0.0020669042
22627,0.0019462883
22628,0.0020849616
22629,0.0021241254
22630,0.0038809478
22631,0.003647848
22632,0.0020407597
22633,0.0017263687
22634,0.0008461064
22635,0.0011171268
22636,0.0009148595
22637,0.0013074565
22638,0.0016660579
22639,0.001586639
22640,0.0012845962
22641,0.0016508606
22642,0.0032647392
22643,0.0024703103
22644,0.0
22645,0.0015816785
22646,0.0016209725
22647,0.001362098
22648,0.00092094723
22649,0.0008802946
22650,0.0009103629
22651,0.0007989401
22652,0.0004898285
22653,0.0008583323
22654,0.0016291393
22655,0.0021127777
22656,0.0018210935
22657,0.0015269276
22658,0.0015495749
22659,0.0017099548
22660,0.001791235
22661,0.0017829619
22662,0.0013729731
22663,0.0014720976
22664,0.0014673846
22665,0.002161382
22666,0.0020765832
22667,0.00087555405
22668,0.001550082
22669,0.001756054
22670,0.0016376917
22671,0.0013048719
22672,0.001712319
22673,0.0019186676
22674,0.0022151012
22675,0.0021506504
22676,0.0017328302
22677,0.0008283077
22678,0.0005207027
22679,0.0007064918
22680,0.0009970308
22681,0.001019745
22682,0.0013832789
22683,0.0014917174
22684,0.0010196593
22685,0.00079839345
22686,0.0016667914
22687,0.0019549867
22688,0.0017217939
22689,0.0012454855
22690,0.0014986858
22691,0.0020533705
22692,0.001777829
22693,0.0011748772
22694,0.0011374964
22695,0.0010959805
22696,0.0012022532
22697,0.001049118
22698,0.0008655581
22699,0.0017208471
22700,0.0027118928
22701,0.0022863247
22702,0.0025543778
22703,0.0026716392
22704,0.0021058926
22705,0.0020078793
22706,0.0017889751
22707,0.0016813427
22708,0.001389388
22709,0.0010164576
22710,0.00075249193
22711,0.0005507979
22712,0.0009790628
22713,0.0013750913
22714,0.001406915
22715,0.0011936041
22716,0.0009866433
22717,0.0013921293
22718,0.0026152802
22719,0.0028547193
22720,0.0021625264
22721,0.0013178992
22722,0.0013948862
22723,0.001502429
22724,0.0012995526
22725,0.0009146368
22726,0.0009472747
22727,0.0012301792
22728,0.002063776
22729,0.0026011984
22730,0.0020063422
22731,0.0015036103
22732,0.0009039786
22733,0.0010139061
22734,0.0011065253
22735,0.0006893106
22736,0.00094203715
22737,0.0009185423
22738,0.0014783711
22739,0.0016891831
22740,0.0020246091
22741,0.0024063939
22742,0.0028133644
22743,0.0025344063
22744,0.001786696
22745,0.001169116
22746,0.0006158108
22747,0.00056012435
22748,0.00051446114
22749,0.0010395312
22750,0.0015106779
22751,0.0014415317
22752,0.0014074113
22753,0.00077275635
22754,0.00081541773
22755,0.0010036932
22756,0.00095547317
22757,0.0009521778
22758,0.00096420577
22759,0.0009085068
22760,0.00079897646
22761,0.0008645151
22762,0.00071284844
22763,0.0008486137
22764,0.00094018166
22765,0.0008854043
22766,0.00091717887
22767,0.0009376709
22768,0.0008037704
22769,0.0011867081
22770,0.002095599
22771,0.00322143
22772,0.0026665363
22773,0.0013495404
22774,0.00091667107
22775,0.0008549008
22776,0.0010516949
22777,0.0013313458
22778,0.0014614224
22779,0.0015885638
22780,0.0019858568
22781,0.0020690153
22782,0.001796362
22783,0.0012341946
22784,0.0010800647
22785,0.0010374293
22786,0.00096974376
22787,0.0010089857
22788,0.0011069197
22789,0.0012307469
22790,0.0015025453
22791,0.0012401463
22792,0.000979033
22793,0.0008066619
22794,0.0011936284
22795,0.0011017807
22796,0.0012063856
22797,0.0010621311
22798,0.0031565693
22799,0.0033049195
22800,0.001863791
22801,0.0016282101
22802,0.0012860906
22803,0.0016623328
22804,0.0019423965
22805,0.001424165
22806,0.0016497673
22807,0.001927989
22808,0.0019368146
22809,0.0017787619
22810,0.0012980961
22811,0.0011263633
22812,0.001033438
22813,0.0013248373
22814,0.0013213397
22815,0.0012737891
22816,0.0010842602
22817,0.0013058974
22818,0.0010988183
22819,0.0011173612
22820,0.0010205153
22821,0.00088260585
22822,0.00080003217
22823,0.0007006593
22824,0.0010263167
22825,0.0009790033
22826,0.0005497401
22827,0.00034017177
22828,0.00056111073
22829,0.0007481087
22830,0.0007364638
22831,0.0006510963
22832,0.0006807284
22833,0.0008732241
22834,0.00076335896
22835,0.0014239198
22836,0.0012098305
22837,0.0009680616
22838,0.0013398442
22839,0.0009966805
22840,0.0013442464
22841,0.0016495732
22842,0.0016212418
22843,0.0015690235
22844,0.0011581864
22845,0.0011089686
22846,0.0010465905
22847,0.0008757867
22848,0.0006715601
22849,0.0007998502
22850,0.0015429496
22851,0.001428715
22852,0.00090642215
22853,0.0007589235
22854,0.00029420195
22855,0.0006582094
22856,0.001021342
22857,0.0012036564
22858,0.00083881716
22859,0.0008085719
22860,0.0008670027
22861,0.0007139907
22862,0.00072735787
22863,0.00093184866
22864,0.0011608469
22865,0.0010031131
22866,0.00058537896
22867,0.00058696774
22868,0.0008544922
22869,0.001149155
22870,0.0010673248
22871,0.0011964291
22872,0.0013638916
22873,0.001968014
22874,0.0019151148
22875,0.0010658785
22876,0.0013787268
22877,0.0016712903
22878,0.0016923847
22879,0.0016481081
22880,0.0019017863
22881,0.0038577511
22882,0.004084748
22883,0.0028398263
22884,0.0047626
22885,0.005684447
22886,0.0032603324
22887,0.0015338878
22888,0.0017565179
22889,0.0012564665
22890,0.0018167093
22891,0.0031519374
22892,0.004229362
22893,0.00496177
22894,0.004363467
22895,0.0028558404
22896,0.0017228585
22897,0.004029245
22898,0.0063252603
22899,0.00653425
22900,0.004353056
22901,0.0041237776
22902,0.0058490196
22903,0.00422477
22904,0.0035949266
22905,0.003398405
22906,0.001642554
22907,0.0012685918
22908,0.0011751001
22909,0.0011670231
22910,0.0011782908
22911,0.0012767558
22912,0.0013129654
22913,0.0011984708
22914,0.001106157
22915,0.0009506789
22916,0.0013145825
22917,0.0012244881
22918,0.0012478901
22919,0.0008822101
22920,0.00057042163
22921,0.0010650317
22922,0.0012193195
22923,0.0010867269
22924,0.001281284
22925,0.0012604675
22926,0.0024250436
22927,0.003528329
22928,0.0039146305
22929,0.0035525463
22930,0.0025775388
22931,0.0018856493
22932,0.003470016
22933,0.0031803139
22934,0.0017854902
22935,0.0023816423
22936,0.0024772398
22937,0.002324112
22938,0.0016520238
22939,0.0014963731
22940,0.0020037584
22941,0.0028995513
22942,0.00287449
22943,0.002307876
22944,0.0015978437
22945,0.0010188884
22946,0.0006015138
22947,0.0006699547
22948,0.0020383196
22949,0.0030136108
22950,0.0038987102
22951,0.0034596254
22952,0.0020163264
22953,0.0019550314
22954,0.001335362
22955,0.00070003595
22956,0.001068769
22957,0.0017270597
22958,0.0026091414
22959,0.002824628
22960,0.0029195172
22961,0.0024935284
22962,0.0023697224
22963,0.0046446472
22964,0.004170586
22965,0.0017479974
22966,0.0012824647
22967,0.00077204045
22968,0.00083645445
22969,0.0008106209
22970,0.0013026395
22971,0.0015843076
22972,0.0014872232
22973,0.0015162354
22974,0.001830387
22975,0.0032886053
22976,0.002649971
22977,0.0
22978,0.001762902
22979,0.0016084638
22980,0.0011911876
22981,0.0011428823
22982,0.00093788817
22983,0.0005128747
22984,0.0004417808
22985,0.00076533895
22986,0.0008878006
22987,0.0009967097
22988,0.0016635754
22989,0.0011768573
22990,0.001236574
22991,0.0010684421
22992,0.0013813629
22993,0.0012864074
22994,0.0015036103
22995,0.0014741325
22996,0.0019537657
22997,0.001892136
22998,0.0025249722
22999,0.002255967
23000,0.0014922635
23001,0.0017861421
23002,0.0015659228
23003,0.001759349
23004,0.0013159766
23005,0.0010186884
23006,0.0011630511
23007,0.0014918149
23008,0.0017661678
23009,0.0016704019
23010,0.00083888654
23011,0.000486011
23012,0.00066423946
23013,0.0011038919
23014,0.001213961
23015,0.0012958297
23016,0.0014024811
23017,0.0013075011
23018,0.0010251533
23019,0.0018728415
23020,0.0021697816
23021,0.002240796
23022,0.0011435696
23023,0.0012744515
23024,0.0022759265
23025,0.0018492903
23026,0.0008102259
23027,0.0008721236
23028,0.0007855683
23029,0.00082206505
23030,0.000851968
23031,0.0011184546
23032,0.002629475
23033,0.0031253058
23034,0.002653264
23035,0.0027102719
23036,0.002923711
23037,0.00234118
23038,0.0018600551
23039,0.0016708897
23040,0.002000895
23041,0.0021730252
23042,0.0017551421
23043,0.00071162253
23044,0.0006808567
23045,0.0018296395
23046,0.0021436834
23047,0.0024099953
23048,0.0022084955
23049,0.0018917668
23050,0.002139797
23051,0.0027597218
23052,0.0029240395
23053,0.0023667484
23054,0.0018792021
23055,0.0014772683
23056,0.0013136303
23057,0.00090030086
23058,0.0007752381
23059,0.00051705685
23060,0.0009697137
23061,0.0014803188
23062,0.0019145524
23063,0.0016359137
23064,0.001480594
23065,0.00084758416
23066,0.0008726907
23067,0.0011163971
23068,0.0007656811
23069,0.00089706236
23070,0.0011509012
23071,0.0014843438
23072,0.0014997534
23073,0.0013740114
23074,0.00078952254
23075,0.0014357459
23076,0.0014849122
23077,0.00083982275
23078,0.00087857374
23079,0.0005937218
23080,0.0005037134
23081,0.00064277364
23082,0.0014947968
23083,0.0016086809
23084,0.0015271944
23085,0.0014328848
23086,0.0011258206
23087,0.0012793292
23088,0.001135704
23089,0.00083041325
23090,0.0011276029
23091,0.0010757988
23092,0.0007220165
23093,0.0005461815
23094,0.0006523467
23095,0.00088405557
23096,0.0013383663
23097,0.0013493896
23098,0.0011646515
23099,0.0008247866
23100,0.0007486532
23101,0.000906101
23102,0.0009925253
23103,0.0019312467
23104,0.0029993712
23105,0.0023280282
23106,0.0014711878
23107,0.0014662339
23108,0.0016480729
23109,0.0017196289
23110,0.0018591004
23111,0.0017883242
23112,0.0014333925
23113,0.0011284285
23114,0.00094395067
23115,0.0010982619
23116,0.001008322
23117,0.0010279884
23118,0.000979954
23119,0.00094339554
23120,0.0009714829
23121,0.001368408
23122,0.0014741127
23123,0.0013631232
23124,0.0008367328
23125,0.00059558166
23126,0.00062323327
23127,0.0011069197
23128,0.0010067621
23129,0.0007930535
23130,0.0012551455
23131,0.0037030869
23132,0.0035903982
23133,0.0014064598
23134,0.0014063563
23135,0.0011684188
23136,0.0012498476
23137,0.0014245941
23138,0.0012298243
23139,0.0015372994
23140,0.0014900776
23141,0.0010899091
23142,0.0011451211
23143,0.0009494842
23144,0.001189574
23145,0.0013866201
23146,0.001505274
23147,0.0014885925
23148,0.0013003362
23149,0.0009085068
23150,0.000958909
23151,0.0008437986
23152,0.0010979173
23153,0.0010742556
23154,0.0009137136
23155,0.0009805775
23156,0.00077853474
23157,0.0010367278
23158,0.0010069933
23159,0.0009380743
23160,0.0007843448
23161,0.0008198671
23162,0.00081280805
23163,0.0008148822
23164,0.0008951787
23165,0.00084669096
23166,0.0011806842
23167,0.00061500684
23168,0.0012159733
23169,0.0012717769
23170,0.00090442924
23171,0.0014339406
23172,0.0012510811
23173,0.0008714559
23174,0.00046118413
23175,0.00048738637
23176,0.00091326755
23177,0.0009555036
23178,0.0012084345
23179,0.0015874275
23180,0.001443166
23181,0.00085261685
23182,0.00070107455
23183,0.0014792174
23184,0.0016357002
23185,0.0013331153
23186,0.0010710539
23187,0.0004684473
23188,0.00071935117
23189,0.00087950076
23190,0.0011641766
23191,0.00095778535
23192,0.0007313084
23193,0.0010253805
23194,0.0008645824
23195,0.0007612591
23196,0.0008207541
23197,0.00084912794
23198,0.00092652394
23199,0.0007134198
23200,0.0005487333
23201,0.000831289
23202,0.0009879109
23203,0.0009627861
23204,0.0011331899
23205,0.0013588677
23206,0.0014538151
23207,0.0012670079
23208,0.0010645945
23209,0.0015122568
23210,0.0015295176
23211,0.00162352
23212,0.0017933784
23213,0.0021621224
23214,0.0034914797
23215,0.002981356
23216,0.0013281284
23217,0.004405531
23218,0.0057381266
23219,0.0040046256
23220,0.002289365
23221,0.0016565452
23222,0.0010071668
23223,0.0006736371
23224,0.0013423183
23225,0.0021818334
23226,0.0031644793
23227,0.0035727404
23228,0.0017728946
23229,0.0011999755
23230,0.0034645265
23231,0.005761567
23232,0.007866609
23233,0.006071541
23234,0.0056914925
23235,0.0062230565
23236,0.004691358
23237,0.0023757939
23238,0.0020230415
23239,0.0014397741
23240,0.0018122342
23241,0.0019154795
23242,0.0019680585
23243,0.0013269446
23244,0.0010229935
23245,0.0014423592
23246,0.0016539253
23247,0.0015996641
23248,0.0014932384
23249,0.001532654
23250,0.0015700064
23251,0.0016492909
23252,0.001585079
23253,0.000979954
23254,0.0011237764
23255,0.0017843
23256,0.0020227826
23257,0.0015547127
23258,0.0010715158
23259,0.0013547709
23260,0.002741247
23261,0.00387402
23262,0.0038790652
23263,0.0033720974
23264,0.0027047575
23265,0.003299358
23266,0.003656542
23267,0.0039543896
23268,0.0041455072
23269,0.0038866505
23270,0.002948798
23271,0.0023050243
23272,0.00156276
23273,0.0023070814
23274,0.0032448794
23275,0.002939387
23276,0.00192235
23277,0.0016701231
23278,0.0013985743
23279,0.0006529264
23280,0.00094709033
23281,0.0020799441
23282,0.0031918783
23283,0.004442339
23284,0.003953558
23285,0.002238847
23286,0.0015928999
23287,0.0010213135
23288,0.00096923346
23289,0.0011983736
23290,0.0016286211
23291,0.0021265766
23292,0.0022551669
23293,0.0021911776
23294,0.0019197746
23295,0.0026279138
23296,0.005041223
23297,0.004784433
23298,0.0031820338
23299,0.0025272304
23300,0.0015293083
23301,0.0010263167
23302,0.0015197822
23303,0.0018467548
23304,0.0020178559
23305,0.0018963305
23306,0.0019371753
23307,0.001956832
23308,0.0028073476
23309,0.0025172841
23310,0.0
23311,0.0014386214
23312,0.0011323676
23313,0.0008469659
23314,0.0012793519
23315,0.0008798647
23316,0.00033299488
23317,0.0003662904
23318,0.000910299
23319,0.00093891163
23320,0.0008755873
23321,0.0013738843
23322,0.0011576837
23323,0.0012854567
23324,0.0010633362
23325,0.0009349978
23326,0.00082093134
23327,0.00080770755
23328,0.001083374
23329,0.0015902484
23330,0.0017813288
23331,0.0023443727
23332,0.0018824053
23333,0.0014866556
23334,0.00132431
23335,0.001530849
23336,0.0014486209
23337,0.0011584376
23338,0.0008647844
23339,0.000853538
23340,0.0011580355
23341,0.0014031036
23342,0.0014280222
23343,0.0008997835
23344,0.00076381635
23345,0.0009300041
23346,0.0011090211
23347,0.0012445973
23348,0.0013149146
23349,0.0011786366
23350,0.0013217581
23351,0.000958909
23352,0.0012508718
23353,0.002122124
23354,0.002562886
23355,0.0014536349
23356,0.0018242392
23357,0.002405898
23358,0.0015844363
23359,0.0007033127
23360,0.00040900955
23361,0.00023724842
23362,0.00045833553
23363,0.00089276955
23364,0.0016774262
23365,0.002810135
23366,0.0032216469
23367,0.0028941461
23368,0.0029641646
23369,0.0028745004
23370,0.0022348787
23371,0.0017781564
23372,0.0017968479
23373,0.002032271
23374,0.0024543419
23375,0.0024353547
23376,0.0010797683
23377,0.0018602116
23378,0.0025769742
23379,0.0028137679
23380,0.0026582829
23381,0.0022681768
23382,0.0020053554
23383,0.0021041506
23384,0.0024117094
23385,0.0025591245
23386,0.0020218904
23387,0.0013638063
23388,0.0011214431
23389,0.0008831004
23390,0.00064593536
23391,0.0002933103
23392,0.00073377165
23393,0.0013571533
23394,0.0019303273
23395,0.002093181
23396,0.0019834226
23397,0.0016030264
23398,0.0011785377
23399,0.00094024354
23400,0.00091609935
23401,0.00065643835
23402,0.0007233052
23403,0.0008426942
23404,0.0008063371
23405,0.0010994272
23406,0.0013773963
23407,0.0006099223
23408,0.0013031533
23409,0.0015049645
23410,0.0010493122
23411,0.00090994727
23412,0.00047828455
23413,0.00043353494
23414,0.00066721224
23415,0.0014487414
23416,0.0011626256
23417,0.00096091005
23418,0.0012955152
23419,0.0012479133
23420,0.0012074225
23421,0.0011116423
23422,0.0010372049
23423,0.0011168402
23424,0.0009363042
23425,0.00043827534
23426,0.0004614365
23427,0.00071821746
23428,0.001032621
23429,0.0012648008
23430,0.00095058704
23431,0.00093624205
23432,0.0008155605
23433,0.0011091523
23434,0.0014717614
23435,0.001448882
23436,0.0017045508
23437,0.0023008918
23438,0.001911799
23439,0.0014361715
23440,0.0014833042
23441,0.0016374785
23442,0.0015136227
23443,0.0014013186
23444,0.0013356889
23445,0.00093583786
23446,0.00066655764
23447,0.0005214846
23448,0.0008195831
23449,0.0007473692
23450,0.00086374045
23451,0.00059411384
23452,0.00085544534
23453,0.0013253425
23454,0.0017936056
23455,0.0015786395
23456,0.0013035776
23457,0.000764578
23458,0.0006349838
23459,0.00068935286
23460,0.0013112796
23461,0.0011009352
23462,0.00080322707
23463,0.0014141778
23464,0.0033859473
23465,0.0034664078
23466,0.001573765
23467,0.0013040017
23468,0.0012044782
23469,0.0012393951
23470,0.0008998159
23471,0.00054650113
23472,0.0008665326
23473,0.0010156556
23474,0.0008546965
23475,0.001138775
23476,0.0010237612
23477,0.0016722478
23478,0.0013396052
23479,0.0011010673
23480,0.0011655757
23481,0.0010461456
23482,0.00088606146
23483,0.00085340155
23484,0.0008612772
23485,0.0010914302
23486,0.0012284036
23487,0.0011728938
23488,0.0012596821
23489,0.000772455
23490,0.0007666308
23491,0.0007403658
23492,0.00084744685
23493,0.0008521388
23494,0.0010445864
23495,0.0008778778
23496,0.0010066176
23497,0.00095428445
23498,0.0006648526
23499,0.0011008029
23500,0.00062561035
23501,0.0010802264
23502,0.0011840073
23503,0.00060474686
23504,0.0011158495
23505,0.0011715034
23506,0.0012485429
23507,0.0012998885
23508,0.0013381924
23509,0.001376572
23510,0.0014906244
23511,0.0014425811
23512,0.0017450145
23513,0.001589443
23514,0.0010354075
23515,0.000616944
23516,0.0013238044
23517,0.0016227671
23518,0.0015740237
23519,0.0012229898
23520,0.0005769154
23521,0.00079755456
23522,0.0009088271
23523,0.0013175017
23524,0.0011552426
23525,0.0009707636
23526,0.0012077359
23527,0.00087572023
23528,0.00093053596
23529,0.0013236285
23530,0.001469941
23531,0.0015340586
23532,0.00074032653
23533,0.00033560666
23534,0.0008459
23535,0.0009784085
23536,0.0011603956
23537,0.0014929655
23538,0.0015047324
23539,0.0011486483
23540,0.00084352266
23541,0.0012234657
23542,0.0017776162
23543,0.0019433552
23544,0.0019801476
23545,0.002004441
23546,0.001878598
23547,0.002235061
23548,0.0020190815
23549,0.0016031354
23550,0.003473118
23551,0.0052341595
23552,0.005112383
23553,0.003049907
23554,0.0014813604
23555,0.0010095047
23556,0.0010354075
23557,0.0017299389
23558,0.001622749
23559,0.0020557079
23560,0.0036119844
23561,0.003575216
23562,0.0026763955
23563,0.0036493796
23564,0.0055654277
23565,0.008156358
23566,0.0075451396
23567,0.006154406
23568,0.0055579706
23569,0.0038314452
23570,0.0019301162
23571,0.0012467934
23572,0.0012495681
23573,0.0017105334
23574,0.001894365
23575,0.0024238431
23576,0.002255812
23577,0.0018745657
23578,0.0015226138
23579,0.0014087135
23580,0.0012857737
23581,0.0018057988
23582,0.0019972117
23583,0.0019850358
23584,0.0017699867
23585,0.0017949195
23586,0.0014007577
23587,0.0010577379
23588,0.0019195017
23589,0.002637653
23590,0.0022673684
23591,0.0008793684
23592,0.00092331436
23593,0.0022453764
23594,0.003443647
23595,0.00321993
23596,0.0030798477
23597,0.0028132817
23598,0.003265176
23599,0.0035539304
23600,0.0038513786
23601,0.0034268892
23602,0.0029917443
23603,0.0023652723
23604,0.0021743642
23605,0.0017880313
23606,0.0022104187
23607,0.0028917317
23608,0.0030943097
23609,0.0022516928
23610,0.0019269923
23611,0.0017337705
23612,0.0010441963
23613,0.0011386216
23614,0.0020690153
23615,0.0032075502
23616,0.0043299217
23617,0.004175698
23618,0.0027501401
23619,0.0010271104
23620,0.00087555405
23621,0.0015774408
23622,0.0018993055
23623,0.001978898
23624,0.0018715358
23625,0.0017602916
23626,0.0014913856
23627,0.0015866573
23628,0.002570755
23629,0.004848791
23630,0.0047684326
23631,0.0031013372
23632,0.0027398025
23633,0.0023433918
23634,0.0016801999
23635,0.0019096361
23636,0.0021113858
23637,0.0020366483
23638,0.0020334877
23639,0.0018237605
23640,0.0019653207
23641,0.0019288491
23642,0.0018582393
23643,0.0
23644,0.0012110086
23645,0.0011904056
23646,0.0012035597
23647,0.0014044925
23648,0.0009643567
23649,0.0005811876
23650,0.00051705685
23651,0.00087555405
23652,0.0010243581
23653,0.00089139934
23654,0.0012436615
23655,0.0010417965
23656,0.00092981633
23657,0.00082978216
23658,0.00072165363
23659,0.00084541814
23660,0.0005909211
23661,0.00070128206
23662,0.0010915102
23663,0.0015208734
23664,0.0018376391
23665,0.0012750907
23666,0.0009960963
23667,0.00082450424
23668,0.0011620497
23669,0.0012814204
23670,0.0010225666
23671,0.0013027736
23672,0.0015319702
23673,0.0015772746
23674,0.0012501968
23675,0.0010476745
23676,0.001093721
23677,0.0011106732
23678,0.0009154638
23679,0.0010444471
23680,0.0012382204
23681,0.0013268787
23682,0.0011884236
23683,0.0011217286
23684,0.0007406016
23685,0.0006885925
23686,0.0016967128
23687,0.00225607
23688,0.0014448792
23689,0.0020111958
23690,0.002263514
23691,0.0012818291
23692,0.000926304
23693,0.0008122708
23694,0.0008365589
23695,0.0007551174
23696,0.00090455794
23697,0.0016623153
23698,0.002378671
23699,0.0025681385
23700,0.002559932
23701,0.002897493
23702,0.0025244304
23703,0.0017979976
23704,0.0013795709
23705,0.0015853177
23706,0.0015912913
23707,0.0024190836
23708,0.0026368583
23709,0.002186657
23710,0.0032506324
23711,0.0035469383
23712,0.0029797156
23713,0.002281916
23714,0.00163465
23715,0.0020318842
23716,0.0025497135
23717,0.002052761
23718,0.001979192
23719,0.0015232827
23720,0.0008457968
23721,0.00069477776
23722,0.0006117804
23723,0.0012617137
23724,0.0015093094
23725,0.0018291305
23726,0.002093501
23727,0.0021286695
23728,0.0019577835
23729,0.0016094407
23730,0.0011829991
23731,0.0013165515
23732,0.0010752304
23733,0.0008924435
23734,0.00048360974
23735,0.0007430341
23736,0.0011235692
23737,0.0013009851
23738,0.0018016036
23739,0.002065411
23740,0.0016432801
23741,0.001696833
23742,0.0017296865
23743,0.0010602663
23744,0.00096914335
23745,0.0007239889
23746,0.000766403
23747,0.00092385005
23748,0.0015011112
23749,0.0012769838
23750,0.00086286396
23751,0.00076167955
23752,0.0006815403
23753,0.00057250966
23754,0.0011031799
23755,0.0011545368
23756,0.0011149885
23757,0.00090136705
23758,0.0004906003
23759,0.0007772627
23760,0.0009921147
23761,0.0009120238
23762,0.00073666143
23763,0.0006090627
23764,0.00078889565
23765,0.000989618
23766,0.001364297
23767,0.001643298
23768,0.0014698618
23769,0.0016088076
23770,0.001604587
23771,0.0011433406
23772,0.001016343
23773,0.0011469241
23774,0.0012883515
23775,0.0011268283
23776,0.001208603
23777,0.0009131082
23778,0.00051851827
23779,0.0004658306
23780,0.00053269346
23781,0.00072679744
23782,0.0006374084
23783,0.0008025746
23784,0.00081072864
23785,0.0010095047
23786,0.0013052955
23787,0.0013524703
23788,0.0011379058
23789,0.0011595173
23790,0.0010824603
23791,0.0008209668
23792,0.0010257777
23793,0.0012902928
23794,0.0009394694
23795,0.0010689051
23796,0.0012529407
23797,0.0023252387
23798,0.0029516194
23799,0.0026188057
23800,0.0026225483
23801,0.0019907164
23802,0.0015598334
23803,0.0010439175
23804,0.0007612591
23805,0.0007697753
23806,0.0012862037
23807,0.001446872
23808,0.00192029
23809,0.0014990547
23810,0.001712115
23811,0.0011050251
23812,0.000698371
23813,0.00055026927
23814,0.0006695636
23815,0.000750827
23816,0.0008121633
23817,0.00080785167
23818,0.00093222334
23819,0.0010653869
23820,0.0009629674
23821,0.0009909406
23822,0.0005896392
23823,0.000488996
23824,0.0007901121
23825,0.0008542537
23826,0.0010263734
23827,0.0010907099
23828,0.00074483367
23829,0.00090026855
23830,0.0009171154
23831,0.0007494691
23832,0.0009106506
23833,0.00058612425
23834,0.00093810534
23835,0.00097477273
23836,0.00042656437
23837,0.00071935117
23838,0.0011393882
23839,0.0011894762
23840,0.0013407562
23841,0.001647702
23842,0.00197591
23843,0.0015760195
23844,0.0007458099
23845,0.0014391878
23846,0.0015579477
23847,0.0011095196
23848,0.0005055589
23849,0.000751292
23850,0.0014692281
23851,0.0017236522
23852,0.0012398177
23853,0.0009027866
23854,0.0010338322
23855,0.0011399755
23856,0.0012358912
23857,0.00090812234
23858,0.0007348814
23859,0.0008554113
23860,0.0009390356
23861,0.001452934
23862,0.0019892687
23863,0.0019721359
23864,0.0023905586
23865,0.0012280719
23866,0.000343831
23867,0.0009839553
23868,0.0011378034
23869,0.0014727893
23870,0.0016598449
23871,0.0013613927
23872,0.00070061773
23873,0.0005541168
23874,0.0015384159
23875,0.0019062344
23876,0.0018075547
23877,0.0017803973
23878,0.0014723941
23879,0.0011494589
23880,0.0012844602
23881,0.0013256498
23882,0.0015910717
23883,0.0024583112
23884,0.0054164133
23885,0.0058279834
23886,0.0031450693
23887,0.0011651262
23888,0.0011274479
23889,0.0012273844
23890,0.002420142
23891,0.0023634997
23892,0.0019135033
23893,0.0035218396
23894,0.0045380085
23895,0.003729104
23896,0.0020197444
23897,0.0031487131
23898,0.00549631
23899,0.006067609
23900,0.0045979936
23901,0.005222999
23902,0.00389043
23903,0.003187462
23904,0.0024154957
23905,0.0018132296
23906,0.0018779318
23907,0.001589095
23908,0.0021071637
23909,0.0019504857
23910,0.0019591209
23911,0.0017320742
23912,0.0016845765
23913,0.0014350971
23914,0.0015338688
23915,0.0017428115
23916,0.0017013036
23917,0.0019182732
23918,0.0024070346
23919,0.0027378686
23920,0.00195921
23921,0.0017825702
23922,0.0033014128
23923,0.0032044728
23924,0.0013885708
23925,0.00085948437
23926,0.00290735
23927,0.0040422473
23928,0.0023239367
23929,0.0020766114
23930,0.0018361022
23931,0.0017610686
23932,0.0017323095
23933,0.0014882209
23934,0.0012637188
23935,0.0015743566
23936,0.0020474799
23937,0.0018720021
23938,0.0013798663
23939,0.0013344464
23940,0.0024034893
23941,0.0033679954
23942,0.002662593
23943,0.0017878197
23944,0.0015443447
23945,0.0009201885
23946,0.001051418
23947,0.0014834808
23948,0.0027573481
23949,0.004189406
23950,0.00482506
23951,0.0036691676
23952,0.0014521125
23953,0.0012325428
23954,0.0018329928
23955,0.0018105471
23956,0.0014445166
23957,0.0015662573
23958,0.0014074113
23959,0.0011407923
23960,0.0011396691
23961,0.0015373562
23962,0.0037995458
23963,0.0040842495
23964,0.002286452
23965,0.0022723046
23966,0.0026654445
23967,0.002295104
23968,0.002299943
23969,0.0021441448
23970,0.0020251551
23971,0.002098014
23972,0.0018799144
23973,0.0019846107
23974,0.0019410925
23975,0.0017446475
23976,0.0
23977,0.0019986539
23978,0.0017255086
23979,0.0016147844
23980,0.001374689
23981,0.00089566625
23982,0.00050722563
23983,0.000307929
23984,0.00067845866
23985,0.000879236
23986,0.000641686
23987,0.0008793684
23988,0.0008342944
23989,0.00075307186
23990,0.0008163452
23991,0.00075727265
23992,0.00090773765
23993,0.00077192736
23994,0.00084851077
23995,0.0008085719
23996,0.0012689589
23997,0.0014673251
23998,0.0010817341
23999,0.00092243135
24000,0.0009098513
24001,0.00091762305
24002,0.0011235692
24003,0.0014966453
24004,0.0016309068
24005,0.0014684355
24006,0.0010826753
24007,0.00097277027
24008,0.0011131598
24009,0.0011205345
24010,0.0011526195
24011,0.00089475594
24012,0.0011079183
24013,0.0015837748
24014,0.0013979916
24015,0.0011393371
24016,0.00086343713
24017,0.0008759196
24018,0.0013062094
24019,0.0017586044
24020,0.0016721433
24021,0.0012340295
24022,0.001781917
24023,0.0014438112
24024,0.00076453993
24025,0.001019688
24026,0.0009202201
24027,0.001032621
24028,0.0008108363
24029,0.0010025036
24030,0.0016206673
24031,0.0018003754
24032,0.0021307194
24033,0.0026106357
24034,0.0027104223
24035,0.0023226088
24036,0.001089081
24037,0.00092658674
24038,0.0012610676
24039,0.0012876963
24040,0.002024379
24041,0.002021444
24042,0.0025971786
24043,0.0034232354
24044,0.003533604
24045,0.0023664655
24046,0.0019350407
24047,0.0009530027
24048,0.0023093384
24049,0.0026846256
24050,0.0019239845
24051,0.0021021715
24052,0.0016648346
24053,0.0010131882
24054,0.0007424071
24055,0.0011379058
24056,0.0016324408
24057,0.0019365893
24058,0.0019011741
24059,0.0018382883
24060,0.001771318
24061,0.0021825403
24062,0.002190128
24063,0.0018230741
24064,0.0013144055
24065,0.0010398391
24066,0.0010500054
24067,0.0010221681
24068,0.0009581499
24069,0.0012835308
24070,0.0014059424
24071,0.0018147217
24072,0.0022721125
24073,0.0020956267
24074,0.0015695799
24075,0.0015096758
24076,0.0010431088
24077,0.0010377939
24078,0.00077894586
24079,0.0007676172
24080,0.00089664053
24081,0.0011630761
24082,0.0009269008
24083,0.00079323695
24084,0.0006437238
24085,0.000973189
24086,0.0011445109
24087,0.0016257056
24088,0.0013825634
24089,0.0009876752
24090,0.0008187659
24091,0.0015743566
24092,0.002064946
24093,0.0019347699
24094,0.0014676623
24095,0.00090619735
24096,0.00056312996
24097,0.00075136946
24098,0.0010461734
24099,0.0010136476
24100,0.0011023089
24101,0.0010923897
24102,0.0012675362
24103,0.0010036642
24104,0.0007547319
24105,0.0011484203
24106,0.0015922603
24107,0.0015507765
24108,0.0017913975
24109,0.0017480473
24110,0.0010732799
24111,0.0005877605
24112,0.00056750595
24113,0.0007575032
24114,0.000868914
24115,0.0006579883
24116,0.00090323784
24117,0.0012418114
24118,0.0012384789
24119,0.0012254859
24120,0.0010993743
24121,0.00072145194
24122,0.0009642359
24123,0.00092969113
24124,0.00085649936
24125,0.0011025202
24126,0.0012185076
24127,0.00086404366
24128,0.0009353401
24129,0.0008581288
24130,0.0015002385
24131,0.002168829
24132,0.0023139715
24133,0.0024432295
24134,0.0020993731
24135,0.001717241
24136,0.0014439322
24137,0.0009494842
24138,0.0005141782
24139,0.00085452624
24140,0.00111397
24141,0.001435685
24142,0.0011437987
24143,0.0012093012
24144,0.00079481304
24145,0.00035695458
24146,0.0005786784
24147,0.0008318839
24148,0.0008967379
24149,0.0007605707
24150,0.0004528417
24151,0.00061068527
24152,0.0008754211
24153,0.00077275635
24154,0.0009986933
24155,0.0009622115
24156,0.00112688
24157,0.0009891768
24158,0.0006716901
24159,0.00084521156
24160,0.0010508642
24161,0.0011169444
24162,0.00090962736
24163,0.0004219683
24164,0.00048324853
24165,0.0008896018
24166,0.0011061833
24167,0.0015685597
24168,0.0013484617
24169,0.0011706336
24170,0.0009910581
24171,0.0010241591
24172,0.00092498347
24173,0.0017717123
24174,0.0024335976
24175,0.0029958175
24176,0.0021161635
24177,0.0008612434
24178,0.0014178363
24179,0.0015607101
24180,0.0011187668
24181,0.0005971433
24182,0.00056735205
24183,0.0019472899
24184,0.002221949
24185,0.0014139102
24186,0.0009871151
24187,0.00070132356
24188,0.00094425894
24189,0.0011603956
24190,0.0008798316
24191,0.00081538205
24192,0.00096655724
24193,0.0014517317
24194,0.0018018944
24195,0.0017164273
24196,0.0017713838
24197,0.002559568
24198,0.001614568
24199,0.00081762765
24200,0.0010986858
24201,0.0015526708
24202,0.0017386987
24203,0.0019550314
24204,0.0013734817
24205,0.00091565447
24206,0.0006740258
24207,0.0015565648
24208,0.0020593712
24209,0.0021475356
24210,0.0018581923
24211,0.0010528011
24212,0.0011622751
24213,0.0014423793
24214,0.0016301215
24215,0.001929347
24216,0.0024606541
24217,0.0058323117
24218,0.0060500475
24219,0.002430534
24220,0.0009368014
24221,0.0010395872
24222,0.0010686328
24223,0.0031621978
24224,0.002994632
24225,0.0014731253
24226,0.0028272748
24227,0.005185957
24228,0.0049595055
24229,0.0031998286
24230,0.0010921765
24231,0.003218393
24232,0.0035005372
24233,0.0022770003
24234,0.0034592468
24235,0.0036357166
24236,0.002916505
24237,0.0045420537
24238,0.003812423
24239,0.0023436898
24240,0.0015353102
24241,0.0014348536
24242,0.00081933447
24243,0.0011893783
24244,0.0013750701
24245,0.0016024271
24246,0.0012595897
24247,0.0011153799
24248,0.0012326372
24249,0.0014572144
24250,0.0021374836
24251,0.002660625
24252,0.0033874856
24253,0.002561239
24254,0.0012473768
24255,0.002822082
24256,0.003561612
24257,0.0023654199
24258,0.0016654987
24259,0.0032506771
24260,0.0043548075
24261,0.002239588
24262,0.0015148335
24263,0.0012038015
24264,0.0007891907
24265,0.0008493679
24266,0.0010563062
24267,0.0017614155
24268,0.0022923632
24269,0.0018718467
24270,0.0016987871
24271,0.001443771
24272,0.0013783679
24273,0.0013685356
24274,0.0027359014
24275,0.003070715
24276,0.0019509632
24277,0.0011870024
24278,0.0010147095
24279,0.0012080972
24280,0.0014104067
24281,0.0018668179
24282,0.0030116884
24283,0.004718804
24284,0.004413524
24285,0.0031155313
24286,0.002083118
24287,0.0015941967
24288,0.001080792
24289,0.00049591064
24290,0.0010544586
24291,0.00088026153
24292,0.0005641626
24293,0.00085306045
24294,0.0015199546
24295,0.0034593984
24296,0.0037595655
24297,0.0022793766
24298,0.0023602096
24299,0.0032604395
24300,0.0032718452
24301,0.0027860873
24302,0.0023899132
24303,0.001882498
24304,0.0018084884
24305,0.0017046191
24306,0.0016671405
24307,0.0018576126
24308,0.00175159
24309,0.0
24310,0.0017429284
24311,0.0012835081
24312,0.0011681448
24313,0.0008798316
24314,0.00096438685
24315,0.0008079597
24316,0.00080716686
24317,0.0007877142
24318,0.00079944986
24319,0.0007957645
24320,0.00094558334
24321,0.0009860826
24322,0.0007788711
24323,0.0008163452
24324,0.00072503334
24325,0.0006951965
24326,0.00076145027
24327,0.0006563497
24328,0.0006323659
24329,0.0010405947
24330,0.0014472541
24331,0.0011073928
24332,0.00066349417
24333,0.0004994778
24334,0.0004248552
24335,0.000980251
24336,0.0013276462
24337,0.0010277618
24338,0.0010012545
24339,0.0011053673
24340,0.0014308522
24341,0.0012518718
24342,0.0015616982
24343,0.0016794376
24344,0.0012315271
24345,0.0013434452
24346,0.0020166729
24347,0.0018290508
24348,0.0014360296
24349,0.0006470608
24350,0.0010941466
24351,0.0014798862
24352,0.0013900371
24353,0.0010613637
24354,0.0014167274
24355,0.0017022272
24356,0.0012262932
24357,0.00089195423
24358,0.0011894272
24359,0.0009492083
24360,0.0011089424
24361,0.0010296856
24362,0.0012821923
24363,0.0015572564
24364,0.001569617
24365,0.0018973125
24366,0.0023837676
24367,0.0026475647
24368,0.0024629713
24369,0.0014328238
24370,0.0011907723
24371,0.000868445
24372,0.0009499439
24373,0.0016001734
24374,0.0016971073
24375,0.0020586504
24376,0.002642999
24377,0.002070815
24378,0.0011200928
24379,0.00076396874
24380,0.00090178667
24381,0.0020839563
24382,0.0026407847
24383,0.0026272826
24384,0.00277931
24385,0.0019931418
24386,0.0012825328
24387,0.00091746444
24388,0.0014388844
24389,0.0017594813
24390,0.0014177542
24391,0.00089842395
24392,0.0009614248
24393,0.0011005385
24394,0.0015929365
24395,0.0017778781
24396,0.0019000103
24397,0.0015805005
24398,0.0014232247
24399,0.0012362445
24400,0.0014255336
24401,0.0012342418
24402,0.0011076557
24403,0.0007383583
24404,0.00065741304
24405,0.0014520123
24406,0.0016494674
24407,0.0012248921
24408,0.0011224807
24409,0.0007880097
24410,0.00088026153
24411,0.00095945515
24412,0.0013836996
24413,0.0014251455
24414,0.0010681152
24415,0.0007123992
24416,0.0007699643
24417,0.00081659475
24418,0.001256814
24419,0.0016129991
24420,0.0016550863
24421,0.0012234419
24422,0.0010220257
24423,0.0015063563
24424,0.002157541
24425,0.0021847528
24426,0.0015687639
24427,0.0013918366
24428,0.00089152995
24429,0.0008593489
24430,0.0010115207
24431,0.0009900884
24432,0.0009006887
24433,0.0011747533
24434,0.0015515833
24435,0.0015877391
24436,0.0011789575
24437,0.0010533815
24438,0.0013071671
24439,0.0013511139
24440,0.0012850265
24441,0.0024850871
24442,0.002446848
24443,0.00080329954
24444,0.000497083
24445,0.0005817382
24446,0.00066327484
24447,0.0008488537
24448,0.0010626517
24449,0.0013027289
24450,0.001381679
24451,0.0010750139
24452,0.000966226
24453,0.0010103404
24454,0.00076286314
24455,0.0005812878
24456,0.0008690815
24457,0.0010774747
24458,0.0010818955
24459,0.0010429692
24460,0.0008967379
24461,0.0010200018
24462,0.0008868494
24463,0.0012468634
24464,0.0011908701
24465,0.0014408855
24466,0.0014896088
24467,0.0014328238
24468,0.0015176743
24469,0.0018009734
24470,0.0017473312
24471,0.0012873798
24472,0.0006733778
24473,0.00075345824
24474,0.0007795061
24475,0.00067540613
24476,0.00060175563
24477,0.0006843954
24478,0.0005800849
24479,0.0005636982
24480,0.0007424855
24481,0.0007032299
24482,0.0008365589
24483,0.0007239889
24484,0.0009773966
24485,0.001265629
24486,0.00135092
24487,0.0013944688
24488,0.0014432467
24489,0.0016450504
24490,0.0014256152
24491,0.0012511277
24492,0.00093621097
24493,0.0010734425
24494,0.0010135903
24495,0.0009142867
24496,0.00093368953
24497,0.0011981064
24498,0.0016615273
24499,0.0018499669
24500,0.0021584984
24501,0.0020678053
24502,0.001941857
24503,0.0017676008
24504,0.0015795426
24505,0.0013292017
24506,0.0015868407
24507,0.0021240842
24508,0.003319418
24509,0.0026995337
24510,0.0014689309
24511,0.001369641
24512,0.0012379853
24513,0.0009400578
24514,0.0010024165
24515,0.00071882503
24516,0.0021843796
24517,0.0023443976
24518,0.0010564439
24519,0.000787862
24520,0.00055427436
24521,0.0008597891
24522,0.0010842065
24523,0.0010385229
24524,0.001044865
24525,0.0012249396
24526,0.001376424
24527,0.0012134096
24528,0.001089562
24529,0.0014591704
24530,0.002301031
24531,0.0015751328
24532,0.0008058678
24533,0.0012687066
24534,0.0019546147
24535,0.0021978617
24536,0.0018806574
24537,0.0011250965
24538,0.0008989421
24539,0.00076313014
24540,0.0013774596
24541,0.0016459523
24542,0.002000226
24543,0.0018553865
24544,0.0012067474
24545,0.0016186907
24546,0.0021729046
24547,0.0024189271
24548,0.0031727
24549,0.0048075477
24550,0.006019302
24551,0.0050350595
24552,0.0011014108
24553,0.0014261866
24554,0.0011877377
24555,0.0017843815
24556,0.0034078977
24557,0.0031714982
24558,0.0015740793
24559,0.0027699221
24560,0.0044752043
24561,0.0047263405
24562,0.0047281077
24563,0.0031621424
24564,0.0023166868
24565,0.0025509119
24566,0.001329749
24567,0.0030092136
24568,0.0039772424
24569,0.005148451
24570,0.0066240416
24571,0.0049125957
24572,0.0026940405
24573,0.0019115859
24574,0.0019962497
24575,0.0013207229
24576,0.0012465599
24577,0.0013421664
24578,0.00116807
24579,0.001194652
24580,0.0011113805
24581,0.0014220586
24582,0.001723703
24583,0.002022279
24584,0.0026314112
24585,0.004388832
24586,0.0039009566
24587,0.0013995104
24588,0.0020693108
24589,0.0035330357
24590,0.0030563797
24591,0.0016400537
24592,0.0028458051
24593,0.0041862787
24594,0.0023831937
24595,0.0012196059
24596,0.00096227205
24597,0.0007034782
24598,0.00091396837
24599,0.0013249032
24600,0.002208746
24601,0.0028132196
24602,0.0020224084
24603,0.0016759507
24604,0.001615379
24605,0.001539248
24606,0.0016530805
24607,0.002625188
24608,0.0029199359
24609,0.0019639134
24610,0.0011526953
24611,0.00092608406
24612,0.0011619746
24613,0.0015376211
24614,0.0016598098
24615,0.0023646078
24616,0.0038013684
24617,0.0039686714
24618,0.0029997786
24619,0.0017815413
24620,0.0010762045
24621,0.00067850156
24622,0.0004261548
24623,0.0009129488
24624,0.0009431487
24625,0.000561681
24626,0.0009406149
24627,0.0018241274
24628,0.0030672255
24629,0.003025601
24630,0.0020521227
24631,0.00246134
24632,0.0036583564
24633,0.004074511
24634,0.0034203096
24635,0.0031013184
24636,0.0021525577
24637,0.0012777357
24638,0.001096883
24639,0.0012284984
24640,0.0016851984
24641,0.001662578
24642,0.0
24643,0.0011054201
24644,0.0008759196
24645,0.000845487
24646,0.000982653
24647,0.0012185794
24648,0.0009234089
24649,0.0010305332
24650,0.0008487166
24651,0.0007891907
24652,0.000896121
24653,0.00095080136
24654,0.0012475635
24655,0.0010062128
24656,0.00093826046
24657,0.0010023875
24658,0.001016343
24659,0.001255841
24660,0.001019688
24661,0.0005831373
24662,0.00072217773
24663,0.0011286348
24664,0.0008191213
24665,0.0004480605
24666,0.0004967316
24667,0.00065851887
24668,0.0011528215
24669,0.0012388784
24670,0.0009691133
24671,0.000920884
24672,0.0011139177
24673,0.0011070248
24674,0.0008876367
24675,0.0017688188
24676,0.0020604592
24677,0.0013152908
24678,0.001248776
24679,0.0022029274
24680,0.0020303796
24681,0.001483108
24682,0.000587612
24683,0.0010370646
24684,0.0011761399
24685,0.0010920432
24686,0.0010960602
24687,0.0015305638
24688,0.0015849137
24689,0.00086787506
24690,0.00066625193
24691,0.0009239131
24692,0.0009868792
24693,0.0011232584
24694,0.0012787147
24695,0.0017725007
24696,0.0018696064
24697,0.0015578917
24698,0.0017972852
24699,0.0020892008
24700,0.0022617648
24701,0.0022919315
24702,0.0015431382
24703,0.0010229935
24704,0.00065555103
24705,0.00091396837
24706,0.0015033586
24707,0.0015456257
24708,0.0018945647
24709,0.0019186524
24710,0.001119079
24711,0.0007714748
24712,0.0011899654
24713,0.0016161175
24714,0.0017218953
24715,0.0021345268
24716,0.002686587
24717,0.0032633303
24718,0.0022563927
24719,0.0009162264
24720,0.0010999566
24721,0.0015879591
24722,0.0015482972
24723,0.0010789054
24724,0.00087232376
24725,0.0009525445
24726,0.0010033161
24727,0.0010994272
24728,0.0010473412
24729,0.0013522765
24730,0.0013194663
24731,0.0010559479
24732,0.00084314303
24733,0.0010734696
24734,0.0012681789
24735,0.0009936097
24736,0.00078107265
24737,0.0009971475
24738,0.0015730435
24739,0.0014022321
24740,0.0009045258
24741,0.0008535721
24742,0.0008378451
24743,0.0010106284
24744,0.0014792174
24745,0.0018061373
24746,0.0014262071
24747,0.0010445586
24748,0.0006834166
24749,0.00028485342
24750,0.00063480047
24751,0.001371446
24752,0.0016292286
24753,0.001119001
24754,0.0008573824
24755,0.0009206944
24756,0.0013344681
24757,0.0016695479
24758,0.0013495404
24759,0.0007792447
24760,0.0012678575
24761,0.0009924667
24762,0.0010660423
24763,0.00090439705
24764,0.0007345645
24765,0.0008586035
24766,0.0010813035
24767,0.0014131896
24768,0.0014035805
24769,0.0013307335
24770,0.0014698618
24771,0.0014206457
24772,0.0011598185
24773,0.0007901121
24774,0.0026627134
24775,0.0030968294
24776,0.0021974114
24777,0.00071235833
24778,0.00072068506
24779,0.0011598938
24780,0.0016007189
24781,0.0017164273
24782,0.0015738574
24783,0.0010899091
24784,0.0009027221
24785,0.00077211583
24786,0.00083041325
24787,0.000706986
24788,0.00051207957
24789,0.0009697738
24790,0.0012029308
24791,0.0011799939
24792,0.0012413191
24793,0.0011849165
24794,0.0011243719
24795,0.0011246825
24796,0.0013439433
24797,0.0014249617
24798,0.0013405391
24799,0.0009446904
24800,0.0013178108
24801,0.001474172
24802,0.0018359754
24803,0.0018025888
24804,0.0013960333
24805,0.00076095323
24806,0.0007004931
24807,0.0007002853
24808,0.00060834555
24809,0.0006500674
24810,0.0010251249
24811,0.0010568295
24812,0.0008670027
24813,0.00096333004
24814,0.00096592476
24815,0.0014200924
24816,0.0016091875
24817,0.0020354905
24818,0.0020064728
24819,0.0019883174
24820,0.0010800647
24821,0.001289661
24822,0.0013029746
24823,0.0014886706
24824,0.001487145
24825,0.0011313134
24826,0.0006597552
24827,8.181614e-05
24828,0.0009438273
24829,0.0014656979
24830,0.0018665841
24831,0.00199466
24832,0.0018748451
24833,0.0020072705
24834,0.0020014478
24835,0.0017536326
24836,0.0019029032
24837,0.0015295176
24838,0.0013397356
24839,0.0011598436
24840,0.0019898538
24841,0.003396649
24842,0.0036776848
24843,0.0028021696
24844,0.0012853662
24845,0.0008620878
24846,0.0008104055
24847,0.0010603486
24848,0.0007412694
24849,0.0020389904
24850,0.0022701134
24851,0.0013578393
24852,0.0009341258
24853,0.0004990114
24854,0.000451941
24855,0.00064023305
24856,0.0010800108
24857,0.0013547709
24858,0.0014665315
24859,0.001142653
24860,0.00085534324
24861,0.0012196059
24862,0.0015873725
24863,0.0017461649
24864,0.0011842531
24865,0.0007890063
24866,0.001490722
24867,0.0021240842
24868,0.0019169679
24869,0.0012604443
24870,0.0009146368
24871,0.0009345619
24872,0.0009882938
24873,0.0016536262
24874,0.0019015874
24875,0.0021147053
24876,0.0018203421
24877,0.0009103949
24878,0.001271525
24879,0.0017797106
24880,0.0025243843
24881,0.003876896
24882,0.005082202
24883,0.0053070597
24884,0.004223447
24885,0.0015141417
24886,0.0015682257
24887,0.0010445307
24888,0.0015752437
24889,0.003019313
24890,0.0028469912
24891,0.002119393
24892,0.002472489
24893,0.003025341
24894,0.0035354733
24895,0.0053437576
24896,0.0049316525
24897,0.003044941
24898,0.002117071
24899,0.0020189804
24900,0.003153682
24901,0.0050321915
24902,0.0064794943
24903,0.006857663
24904,0.004577395
24905,0.0028749963
24906,0.0024134344
24907,0.0025275643
24908,0.0018080861
24909,0.0020426982
24910,0.0017287272
24911,0.0014011108
24912,0.0011623752
24913,0.0012440125
24914,0.0017651623
24915,0.0019894587
24916,0.0019375959
24917,0.0029220681
24918,0.004708202
24919,0.0042809946
24920,0.0020949324
24921,0.001310125
24922,0.0028410354
24923,0.0029215002
24924,0.0017298716
24925,0.0020779844
24926,0.0034876266
24927,0.0025476352
24928,0.0011689916
24929,0.00052902027
24930,0.0006935619
24931,0.0008675732
24932,0.0011998784
24933,0.0021373064
24934,0.0032315147
24935,0.00244342
24936,0.0013366255
24937,0.0015196865
24938,0.001408011
24939,0.001692677
24940,0.0020641848
24941,0.0022712157
24942,0.0017611842
24943,0.0012670079
24944,0.0010156556
24945,0.0011762141
24946,0.0015432136
24947,0.0015288705
24948,0.0017255592
24949,0.0023129904
24950,0.0028372116
24951,0.0027606287
24952,0.0019458695
24953,0.0008241865
24954,0.0009550161
24955,0.0010398112
24956,0.0012801933
24957,0.0017114179
24958,0.0010571874
24959,0.0010861107
24960,0.0027946087
24961,0.0034333123
24962,0.002259821
24963,0.0010161712
24964,0.0015573498
24965,0.0034999885
24966,0.0047846828
24967,0.0049055465
24968,0.003834361
24969,0.0024526338
24970,0.0009345619
24971,0.00072451134
24972,0.0011564512
24973,0.0016182591
24974,0.0015577236
24975,0.0
24976,0.0008369415
24977,0.0008125574
24978,0.001456655
24979,0.0014945242
24980,0.0011888888
24981,0.0007563882
24982,0.00093356485
24983,0.0008462096
24984,0.000926995
24985,0.0012491022
24986,0.0012402167
24987,0.0012965931
24988,0.0011180122
24989,0.0012328497
24990,0.0013396922
24991,0.0011297431
24992,0.001399261
24993,0.0013294863
24994,0.00089195423
24995,0.0008722904
24996,0.00093506003
24997,0.0007186225
24998,0.00075291726
24999,0.0009064543
25000,0.001037766
25001,0.0012348547
25002,0.0012001694
25003,0.0010103117
25004,0.0011950175
25005,0.0011985922
25006,0.0008308687
25007,0.00080304587
25008,0.0018259613
25009,0.0019680732
25010,0.0013487423
25011,0.0015790451
25012,0.0022662769
25013,0.0021577298
25014,0.0016309248
25015,0.0008881939
25016,0.0013179876
25017,0.0014970148
25018,0.0013620553
25019,0.0011751001
25020,0.0010647585
25021,0.0010103117
25022,0.0008025383
25023,0.00085690705
25024,0.0012337937
25025,0.001260098
25026,0.0009594855
25027,0.0015303736
25028,0.002074957
25029,0.0021955695
25030,0.0020392474
25031,0.0016697223
25032,0.0014643668
25033,0.0017335187
25034,0.0017699209
25035,0.0013974711
25036,0.0010405947
25037,0.0005971433
25038,0.00093884964
25039,0.0011786366
25040,0.0008817481
25041,0.0014358878
25042,0.0015115062
25043,0.0007999594
25044,0.0008899943
25045,0.0016662499
25046,0.001981088
25047,0.0019097885
25048,0.0022280444
25049,0.0027226678
25050,0.0030416704
25051,0.0021175246
25052,0.0007476417
25053,0.0011729682
25054,0.0014405622
25055,0.0014592302
25056,0.0015622012
25057,0.0012417879
25058,0.000853538
25059,0.0010196593
25060,0.0012781229
25061,0.00079484965
25062,0.0004277907
25063,0.00069217576
25064,0.000783268
25065,0.00084981316
25066,0.00082897505
25067,0.00088668533
25068,0.00074483367
25069,0.0011387239
25070,0.0016032805
25071,0.0018195267
25072,0.0014212397
25073,0.0011797225
25074,0.00091584516
25075,0.00060801057
25076,0.00094527553
25077,0.0012588039
25078,0.0012686149
25079,0.0006535947
25080,0.0008204349
25081,0.0007081377
25082,0.00024378274
25083,0.0009282186
25084,0.0015413454
25085,0.0014433475
25086,0.00080035947
25087,0.00070144807
25088,0.0009538574
25089,0.0012305577
25090,0.001244527
25091,0.000996184
25092,0.00079740863
25093,0.0008224544
25094,0.00082446897
25095,0.00082918565
25096,0.0007586166
25097,0.00065426226
25098,0.0008953412
25099,0.0011604959
25100,0.0012831226
25101,0.0008996865
25102,0.00078058813
25103,0.00096048595
25104,0.00090674317
25105,0.0009996254
25106,0.00077812345
25107,0.0023918
25108,0.0031402814
25109,0.0026350033
25110,0.0012267203
25111,0.00087767886
25112,0.0012388548
25113,0.0016766625
25114,0.0014438314
25115,0.0010770694
25116,0.000734723
25117,0.0007957645
25118,0.000868914
25119,0.0010551207
25120,0.0009215159
25121,0.00089800276
25122,0.0012445505
25123,0.0012121857
25124,0.0012890968
25125,0.0013283694
25126,0.0012786692
25127,0.001132162
25128,0.0012821469
25129,0.0011908945
25130,0.001461741
25131,0.0012832134
25132,0.0007174471
25133,0.0009433647
25134,0.00087038655
25135,0.0013322417
25136,0.0015232445
25137,0.0012189137
25138,0.00088260585
25139,0.0006929742
25140,0.0009707636
25141,0.0013349042
25142,0.0015189011
25143,0.0015473006
25144,0.001393404
25145,0.0010850115
25146,0.0011548141
25147,0.0011155104
25148,0.0014854218
25149,0.0017188672
25150,0.0018658667
25151,0.0020934592
25152,0.0021409935
25153,0.0014224064
25154,0.0013544271
25155,0.0011458832
25156,0.0012981858
25157,0.0013213617
25158,0.0011425767
25159,0.0010117509
25160,0.0010602663
25161,0.0018444683
25162,0.0020753776
25163,0.0018891188
25164,0.0015835175
25165,0.0012492187
25166,0.001370512
25167,0.0012304394
25168,0.0009568429
25169,0.0010330155
25170,0.0010015742
25171,0.0012396768
25172,0.0013740114
25173,0.0018481883
25174,0.0029664023
25175,0.0037464679
25176,0.0033598973
25177,0.0012779407
25178,0.0009406149
25179,0.0008236567
25180,0.0009698938
25181,0.00094761257
25182,0.0015967322
25183,0.0015465105
25184,0.0012158775
25185,0.0013506183
25186,0.0012870632
25187,0.0012479133
25188,0.00089263916
25189,0.0011937504
25190,0.0013374744
25191,0.0014293055
25192,0.0010967769
25193,0.000932317
25194,0.0014822836
25195,0.0014969759
25196,0.0013256498
25197,0.00096227205
25198,0.0008537085
25199,0.0016678037
25200,0.0021840467
25201,0.0016402843
25202,0.0008558535
25203,0.000801377
25204,0.00088075735
25205,0.0012094696
25206,0.002386501
25207,0.002522216
25208,0.0020503066
25209,0.0015539636
25210,0.0012573001
25211,0.0016310317
25212,0.0018455567
25213,0.0028950612
25214,0.0035443772
25215,0.0039373883
25216,0.003173718
25217,0.0016641002
25218,0.0015281279
25219,0.0017416255
25220,0.0012185794
25221,0.0016609667
25222,0.002769176
25223,0.0031515865
25224,0.003401093
25225,0.0030355116
25226,0.0024435988
25227,0.0017810347
25228,0.004527678
25229,0.005446228
25230,0.0037120748
25231,0.0020896604
25232,0.0027955251
25233,0.0026494
25234,0.003115522
25235,0.0033938803
25236,0.0030212498
25237,0.0018481568
25238,0.003975061
25239,0.0048480467
25240,0.0037469727
25241,0.0031829483
25242,0.0031651324
25243,0.0027655372
25244,0.001843979
25245,0.000840377
25246,0.001319797
25247,0.001827236
25248,0.0017912999
25249,0.0014569347
25250,0.0024985538
25251,0.005076317
25252,0.0050671357
25253,0.0022470865
25254,0.00095805875
25255,0.0022503352
25256,0.0026476858
25257,0.00179091
25258,0.0018022335
25259,0.0028617857
25260,0.0025043015
25261,0.0013842253
25262,0.00049000676
25263,0.00076522486
25264,0.0010509196
25265,0.0016067983
25266,0.0018747054
25267,0.002851802
25268,0.0026343074
25269,0.0014434484
25270,0.0014717614
25271,0.0013693435
25272,0.0013873336
25273,0.0017355992
25274,0.0013185174
25275,0.0014403602
25276,0.0015019835
25277,0.0009393145
25278,0.0011491043
25279,0.0017949357
25280,0.0019716634
25281,0.0015605981
25282,0.0017205258
25283,0.0023979128
25284,0.0028283452
25285,0.0026159035
25286,0.0016316206
25287,0.001439491
25288,0.0016390241
25289,0.0012717769
25290,0.003170571
25291,0.0036500413
25292,0.0040808846
25293,0.004318783
25294,0.0036050403
25295,0.0017855228
25296,0.0009571774
25297,0.0014654
25298,0.0028922248
25299,0.0046601426
25300,0.0054801255
25301,0.004466181
25302,0.0030664757
25303,0.0019265392
25304,0.0010786356
25305,0.0013313239
25306,0.0017722544
25307,0.0016856128
25308,0.0
25309,0.0007799167
25310,0.0008626616
25311,0.0016582836
25312,0.0014230406
25313,0.0008788718
25314,0.0007599199
25315,0.0007869009
25316,0.0008392334
25317,0.0008123066
25318,0.0016129811
25319,0.0014707525
25320,0.0009942246
25321,0.00085288985
25322,0.0011634264
25323,0.0011297688
25324,0.00067682663
25325,0.0008471033
25326,0.0010221965
25327,0.001087423
25328,0.0010586455
25329,0.0009879109
25330,0.0007548861
25331,0.0007497797
25332,0.00067116995
25333,0.00083781034
25334,0.00077617605
25335,0.0006497539
25336,0.0007458879
25337,0.0010037222
25338,0.0009752802
25339,0.001013619
25340,0.0013860114
25341,0.0015982807
25342,0.0014434282
25343,0.0009275913
25344,0.0014557156
25345,0.0018803014
25346,0.0017428449
25347,0.0011569543
25348,0.0007330574
25349,0.0007802152
25350,0.0010746348
25351,0.0011150145
25352,0.0012301792
25353,0.0007954719
25354,0.00081126695
25355,0.00047901418
25356,0.00059928396
25357,0.0008944306
25358,0.0011698129
25359,0.000901593
25360,0.0016349527
25361,0.002173159
25362,0.0027577914
25363,0.002385159
25364,0.0015034748
25365,0.001157734
25366,0.0011481415
25367,0.0014192519
25368,0.0013415157
25369,0.0010796335
25370,0.00092969113
25371,0.0013901419
25372,0.0016220136
25373,0.0013289608
25374,0.0019537956
25375,0.0018406141
25376,0.00073230267
25377,0.0011929212
25378,0.002443563
25379,0.0022878898
25380,0.0019189103
25381,0.0019530803
25382,0.0022096154
25383,0.0023659489
25384,0.0017646841
25385,0.0008238686
25386,0.0009803994
25387,0.001316883
25388,0.0013541047
25389,0.0017993568
25390,0.0015206055
25391,0.0008837263
25392,0.0010668611
25393,0.0012142967
25394,0.00076621305
25395,0.00062964467
25396,0.00086579344
25397,0.00082792115
25398,0.00076034106
25399,0.00063612865
25400,0.0008726907
25401,0.0013900371
25402,0.0017323262
25403,0.0017440135
25404,0.0014329863
25405,0.00065599487
25406,0.0010626517
25407,0.0009773073
25408,0.0005049253
25409,0.0006582536
25410,0.00081126695
25411,0.00095425395
25412,0.00064912654
25413,0.0008039514
25414,0.00060901494
25415,0.00033115438
25416,0.0011605711
25417,0.0015944522
25418,0.0010677337
25419,0.0005819883
25420,0.0007112953
25421,0.0010834815
25422,0.0011693649
25423,0.0010944924
25424,0.00096935354
25425,0.00066054874
25426,0.00064733066
25427,0.0007260362
25428,0.0007421719
25429,0.00075291726
25430,0.0006453945
25431,0.0008471377
25432,0.0009538269
25433,0.0008889472
25434,0.0012332982
25435,0.0017330485
25436,0.0015839218
25437,0.0014360498
25438,0.00094459794
25439,0.00080445805
25440,0.0008413116
25441,0.0023865618
25442,0.0025441942
25443,0.0017701511
25444,0.0014579732
25445,0.0013763183
25446,0.0014950888
25447,0.0012925464
25448,0.0013316955
25449,0.0011840565
25450,0.0007715502
25451,0.00083041325
25452,0.0008834628
25453,0.00069053395
25454,0.0009833636
25455,0.0014446375
25456,0.0013401265
25457,0.0013651074
25458,0.0014497255
25459,0.0011739603
25460,0.000906101
25461,0.0009807557
25462,0.0034495327
25463,0.0041725743
25464,0.0038248766
25465,0.0028407895
25466,0.00217336
25467,0.0016967815
25468,0.0018699956
25469,0.0018018944
25470,0.0013418194
25471,0.0010249546
25472,0.00066494016
25473,0.001043025
25474,0.001080388
25475,0.0013014548
25476,0.0012534285
25477,0.0011635264
25478,0.0009109382
25479,0.0008342944
25480,0.0007753132
25481,0.0007959839
25482,0.0008848453
25483,0.0007330177
25484,0.0017454481
25485,0.00218406
25486,0.0017949357
25487,0.001623036
25488,0.0013831527
25489,0.0012159254
25490,0.001109913
25491,0.0012290668
25492,0.0012192718
25493,0.0015900288
25494,0.002090468
25495,0.002451055
25496,0.0020002404
25497,0.0017990818
25498,0.0014940568
25499,0.0012929967
25500,0.0010107724
25501,0.0007561958
25502,0.0007605324
25503,0.0008854043
25504,0.00090298004
25505,0.0008483393
25506,0.00075334235
25507,0.001255841
25508,0.0033492781
25509,0.0041165445
25510,0.002860789
25511,0.0011772282
25512,0.00077192736
25513,0.00067974435
25514,0.00096923346
25515,0.0010069356
25516,0.0008505321
25517,0.0011441548
25518,0.0012399115
25519,0.001132342
25520,0.001040231
25521,0.00065154315
25522,0.001021342
25523,0.0012783733
25524,0.001374562
25525,0.0010719232
25526,0.0010518609
25527,0.0016058199
25528,0.0014917174
25529,0.0010882255
25530,0.00059391785
25531,0.00096136425
25532,0.0016491144
25533,0.002112571
25534,0.0015398152
25535,0.00093723624
25536,0.000979241
25537,0.00091144926
25538,0.0014364147
25539,0.002631389
25540,0.0026136106
25541,0.0016783627
25542,0.0010458116
25543,0.0013882354
25544,0.0018524195
25545,0.0020093427
25546,0.0033672175
25547,0.0036968018
25548,0.0028592015
25549,0.0023915689
25550,0.0016996434
25551,0.0023085696
25552,0.0021639524
25553,0.0018365618
25554,0.0020385622
25555,0.002704865
25556,0.0025478865
25557,0.0020771858
25558,0.0016489555
25559,0.001431503
25560,0.0012009937
25561,0.002494462
25562,0.004382508
25563,0.0041651605
25564,0.0023218442
25565,0.0035594949
25566,0.0037128509
25567,0.003261439
25568,0.0024368481
25569,0.0012314325
25570,0.0012294219
25571,0.0053295456
25572,0.0061775628
25573,0.003492763
25574,0.002935771
25575,0.0032442694
25576,0.002984137
25577,0.0021427465
25578,0.001444577
25579,0.001814032
25580,0.0017137801
25581,0.0011510781
25582,0.0012587807
25583,0.0025537738
25584,0.004812104
25585,0.005043451
25586,0.0023300152
25587,0.0010971483
25588,0.00157969
25589,0.0017556064
25590,0.0011821376
25591,0.001200921
25592,0.0018110775
25593,0.0020841658
25594,0.0016895793
25595,0.00081097987
25596,0.0010861375
25597,0.0014811247
25598,0.0018300053
25599,0.002038548
25600,0.0024797411
25601,0.0023663917
25602,0.0013899744
25603,0.0014543555
25604,0.0013939053
25605,0.0014253294
25606,0.0019254058
25607,0.0013855493
25608,0.0012281904
25609,0.0015586949
25610,0.0014142189
25611,0.0016050404
25612,0.0022130373
25613,0.0018201664
25614,0.0013713824
25615,0.0014227338
25616,0.0017142385
25617,0.0026855795
25618,0.0029731742
25619,0.0021025732
25620,0.0014779182
25621,0.001876862
25622,0.001965839
25623,0.00410504
25624,0.0046354583
25625,0.004064377
25626,0.0038066627
25627,0.002584406
25628,0.0012539857
25629,0.00138391
25630,0.0016419868
25631,0.0021188161
25632,0.0037257778
25633,0.005401304
25634,0.004882944
25635,0.0037555613
25636,0.002665914
25637,0.0015785658
25638,0.0015751328
25639,0.0018949027
25640,0.0016140813
25641,0.0
25642,0.00097522046
25643,0.0011482936
25644,0.0017016971
25645,0.0014019
25646,0.00095208606
25647,0.0007453024
25648,0.0009027221
25649,0.00089404004
25650,0.00076381635
25651,0.001637443
25652,0.0014237971
25653,0.0010052867
25654,0.0009356201
25655,0.0011640516
25656,0.0009817048
25657,0.0009001392
25658,0.00097605574
25659,0.0010764749
25660,0.0014124892
25661,0.0012865204
25662,0.0011066304
25663,0.00075804093
25664,0.00066423946
25665,0.0006586072
25666,0.00073543563
25667,0.00071935117
25668,0.0008025746
25669,0.00086323486
25670,0.00084428134
25671,0.0010898557
25672,0.0014038293
25673,0.0016215111
25674,0.0013315643
25675,0.00081844593
25676,0.00077365973
25677,0.0011596178
25678,0.001393028
25679,0.0014198056
25680,0.0009829787
25681,0.000619768
25682,0.0008412078
25683,0.0009455526
25684,0.0010748244
25685,0.001016887
25686,0.00069770386
25687,0.00081370276
25688,0.0008187659
25689,0.0006611653
25690,0.00092040986
25691,0.0012210369
25692,0.0010265434
25693,0.0018387316
25694,0.0021094552
25695,0.0029459146
25696,0.002600404
25697,0.0014981225
25698,0.0012703572
25699,0.0013013654
25700,0.0012995078
25701,0.0012000967
25702,0.0010012254
25703,0.0013247054
25704,0.0016889418
25705,0.001653098
25706,0.0010610895
25707,0.0019917542
25708,0.002232729
25709,0.0022070587
25710,0.0025798976
25711,0.003190346
25712,0.0023862815
25713,0.0016403198
25714,0.0015937036
25715,0.0016850602
25716,0.001309036
25717,0.0008041324
25718,0.00073902804
25719,0.0008038428
25720,0.00095006643
25721,0.0011936284
25722,0.0019441488
25723,0.0017764369
25724,0.0011252
25725,0.0009751906
25726,0.0011564512
25727,0.0010270253
25728,0.0006510516
25729,0.0006668632
25730,0.0008646834
25731,0.0010497004
25732,0.001223537
25733,0.0014400571
25734,0.0018208377
25735,0.0016217264
25736,0.0010160566
25737,0.0007593452
25738,0.00077369733
25739,0.0010776907
25740,0.000910299
25741,0.00064602547
25742,0.000820293
25743,0.001002939
25744,0.0010753928
25745,0.0006627042
25746,0.00065288186
25747,0.0007894488
25748,0.00088825944
25749,0.0012944139
25750,0.0014456041
25751,0.0009025287
25752,0.0006510963
25753,0.0010446978
25754,0.0013840782
25755,0.0014872623
25756,0.0012042848
25757,0.0011958209
25758,0.0007661371
25759,0.0008413116
25760,0.00077943143
25761,0.00073780626
25762,0.00065949047
25763,0.00047602775
25764,0.0008206477
25765,0.00096785114
25766,0.0013863053
25767,0.002014478
25768,0.0020681992
25769,0.0016828825
25770,0.0014429039
25771,0.00092765404
25772,0.001093375
25773,0.001265629
25774,0.0019007148
25775,0.001973316
25776,0.0015918947
25777,0.0014687129
25778,0.0013116347
25779,0.0014538752
25780,0.0018934583
25781,0.0020070674
25782,0.0018104024
25783,0.0012947287
25784,0.0010831322
25785,0.0010148241
25786,0.0008299575
25787,0.0012097824
25788,0.0015754099
25789,0.0012195105
25790,0.0011676713
25791,0.00155692
25792,0.0010787705
25793,0.00088638987
25794,0.0019675852
25795,0.004523356
25796,0.005020269
25797,0.0044013145
25798,0.0036139984
25799,0.0027680933
25800,0.001971058
25801,0.0018247975
25802,0.0019561178
25803,0.0012886678
25804,0.0009610918
25805,0.0007545776
25806,0.0010477301
25807,0.000945768
25808,0.0010127572
25809,0.0008617839
25810,0.0009215791
25811,0.0008443503
25812,0.00078058813
25813,0.00078693795
25814,0.00069799577
25815,0.0007178121
25816,0.00058048614
25817,0.00096462824
25818,0.0014257173
25819,0.0013872916
25820,0.0010954493
25821,0.0008555134
25822,0.0009938147
25823,0.001044057
25824,0.0012556324
25825,0.0013310178
25826,0.0015060664
25827,0.0020728097
25828,0.0025033369
25829,0.0025566441
25830,0.002726097
25831,0.0026857853
25832,0.002003773
25833,0.0015495562
25834,0.0012630278
25835,0.0008730908
25836,0.00044662922
25837,0.00045045745
25838,0.00039348745
25839,0.00043138137
25840,0.0007330574
25841,0.0033149258
25842,0.004111359
25843,0.0023899619
25844,0.0008447983
25845,0.00087048684
25846,0.0009206944
25847,0.00091352244
25848,0.0007325013
25849,0.0006888038
25850,0.0009106826
25851,0.0009438273
25852,0.0010824603
25853,0.0011894518
25854,0.0008908768
25855,0.0011413279
25856,0.0014611436
25857,0.0016982388
25858,0.0011572813
25859,0.0008537085
25860,0.0017028596
25861,0.0015577984
25862,0.00046657975
25863,0.00031797282
25864,0.0005288001
25865,0.0013757683
25866,0.0020198165
25867,0.0019450916
25868,0.0014939399
25869,0.0010948912
25870,0.0010493677
25871,0.0015175976
25872,0.0023891337
25873,0.0025383537
25874,0.001876862
25875,0.0012349254
25876,0.0015481092
25877,0.0016931241
25878,0.0019662387
25879,0.003676442
25880,0.0037329888
25881,0.0019887858
25882,0.0018599925
25883,0.0022992722
25884,0.0029822444
25885,0.0025025345
25886,0.0021674733
25887,0.0020410877
25888,0.0024930732
25889,0.0025316372
25890,0.0020599365
25891,0.0025904574
25892,0.0026628773
25893,0.0023870496
25894,0.0032890479
25895,0.004143513
25896,0.004560572
25897,0.0030652226
25898,0.003717692
25899,0.0045715356
25900,0.0038663645
25901,0.002730055
25902,0.0015764256
25903,0.0017404219
25904,0.0058992095
25905,0.0067979274
25906,0.0028967396
25907,0.0017885357
25908,0.0031052667
25909,0.0041131284
25910,0.003263464
25911,0.0017668926
25912,0.0021746184
25913,0.0015311722
25914,0.0006048912
25915,0.0015635234
25916,0.0020375627
25917,0.004453639
25918,0.005241616
25919,0.0025652698
25920,0.00097109337
25921,0.0011165795
25922,0.0011669482
25923,0.0007402872
25924,0.00075105956
25925,0.0015346846
25926,0.0021413197
25927,0.0019377611
25928,0.0014477166
25929,0.0012996646
25930,0.0015634676
25931,0.0016914903
25932,0.0020601768
25933,0.00200232
25934,0.0018858345
25935,0.0014649829
25936,0.001333028
25937,0.0013687696
25938,0.0013406043
25939,0.0017703812
25940,0.001304024
25941,0.0011628759
25942,0.0014357256
25943,0.0013500795
25944,0.001612584
25945,0.002283803
25946,0.0018240795
25947,0.0013861794
25948,0.0016092779
25949,0.0019803534
25950,0.0027995096
25951,0.0032113951
25952,0.0023228594
25953,0.0009735478
25954,0.001148395
25955,0.0019426512
25956,0.0037683959
25957,0.003963454
25958,0.0016111938
25959,0.00092912745
25960,0.0012710443
25961,0.0015486355
25962,0.0011287637
25963,0.00149201
25964,0.0027440907
25965,0.003372995
25966,0.0040170047
25967,0.003968642
25968,0.0036077679
25969,0.0029857652
25970,0.0023905463
25971,0.0024208154
25972,0.0028042255
25973,0.002119036
25974,0.0
25975,0.0009906174
25976,0.0011008822
25977,0.0014284501
25978,0.0010612814
25979,0.000694694
25980,0.00044512792
25981,0.00087342405
25982,0.0008097588
25983,0.00087462284
25984,0.0013955329
25985,0.0011828515
25986,0.00083247846
25987,0.000976175
25988,0.0013479869
25989,0.001146848
25990,0.0011945546
25991,0.0010297705
25992,0.00092432246
25993,0.0011210019
25994,0.0010062417
25995,0.0009949561
25996,0.0007561958
25997,0.0006523467
25998,0.00059660693
25999,0.0008025746
26000,0.0008722237
26001,0.00083544484
26002,0.00095275836
26003,0.00114733
26004,0.0013784945
26005,0.0012710443
26006,0.000996914
26007,0.0007742238
26008,0.00081033364
26009,0.0011093097
26010,0.0011773271
26011,0.001238338
26012,0.0013808783
26013,0.0009121834
26014,0.00072394876
26015,0.0008456591
26016,0.0008236567
26017,0.0010008765
26018,0.0012643635
26019,0.001240334
26020,0.0013501657
26021,0.0013457828
26022,0.00082188804
26023,0.0008319539
26024,0.001106499
26025,0.00091895415
26026,0.0018746278
26027,0.0021470478
26028,0.003007927
26029,0.0027175748
26030,0.0015754099
26031,0.0016833841
26032,0.0014487414
26033,0.001273492
26034,0.0008385395
26035,0.0007275179
26036,0.001663208
26037,0.0018558258
26038,0.0015490113
26039,0.0012577862
26040,0.0017490959
26041,0.0022100369
26042,0.0027376134
26043,0.0030070075
26044,0.002983581
26045,0.0018220202
26046,0.0008881939
26047,0.0009807853
26048,0.0012180299
26049,0.0013806885
26050,0.0009752802
26051,0.0005916102
26052,0.00058043597
26053,0.0006881274
26054,0.0011121397
26055,0.0016058381
26056,0.0015928451
26057,0.0010394192
26058,0.0006902389
26059,0.00086161506
26060,0.001029403
26061,0.0008121633
26062,0.001116032
26063,0.0014982973
26064,0.0016038069
26065,0.0015648444
26066,0.002147156
26067,0.002302877
26068,0.0015995186
26069,0.0008476872
26070,0.00087508856
26071,0.0009694736
26072,0.0009879109
26073,0.0010078601
26074,0.0008158816
26075,0.00072378793
26076,0.00079583767
26077,0.00077565096
26078,0.00073780626
26079,0.0009671894
26080,0.0012342181
26081,0.0014736191
26082,0.0015529145
26083,0.0013077459
26084,0.000867808
26085,0.0009896769
26086,0.0016324408
26087,0.0017940437
26088,0.0019371603
26089,0.0016403553
26090,0.0013995313
26091,0.000858434
26092,0.0010544308
26093,0.0008130229
26094,0.0006109711
26095,0.00061249355
26096,0.00058711646
26097,0.0008104055
26098,0.0012284036
26099,0.0015366555
26100,0.0017750602
26101,0.0012995303
26102,0.00076943496
26103,0.0010614459
26104,0.0010493122
26105,0.0014016508
26106,0.0014596888
26107,0.0015658485
26108,0.0015132381
26109,0.001262221
26110,0.0014021283
26111,0.0010472577
26112,0.0010968035
26113,0.0014410471
26114,0.0015392292
26115,0.0016228029
26116,0.0014937646
26117,0.0013244638
26118,0.0011213652
26119,0.00086552446
26120,0.0011076031
26121,0.0012950659
26122,0.0013137853
26123,0.0019381966
26124,0.0026080592
26125,0.0024554564
26126,0.0021273976
26127,0.0027029063
26128,0.0042865793
26129,0.003709165
26130,0.0011465688
26131,0.0014963731
26132,0.0013715733
26133,0.0009757277
26134,0.0013850661
26135,0.0016907502
26136,0.0011318536
26137,0.0008472064
26138,0.0008602967
26139,0.0008809886
26140,0.0011655258
26141,0.0013380619
26142,0.0008849769
26143,0.0007834166
26144,0.00073638477
26145,0.00058368605
26146,0.00057509646
26147,0.0003740738
26148,0.0005745902
26149,0.00084541814
26150,0.000602867
26151,0.0010918567
26152,0.0010425785
26153,0.00091790844
26154,0.0006770846
26155,0.00070875394
26156,0.00067277247
26157,0.0008363501
26158,0.0010114345
26159,0.0010489238
26160,0.001996891
26161,0.0030648902
26162,0.0030001763
26163,0.0026507946
26164,0.0025710494
26165,0.0019806765
26166,0.0015380942
26167,0.0013709366
26168,0.001053934
26169,0.0008198671
26170,0.001119729
26171,0.0012477034
26172,0.0013604731
26173,0.0013938217
26174,0.003660273
26175,0.0045204274
26176,0.0027493674
26177,0.0014540753
26178,0.0012538463
26179,0.0011034172
26180,0.0011605961
26181,0.0012643175
26182,0.0017865495
26183,0.002051087
26184,0.0021025592
26185,0.0019161328
26186,0.0016030446
26187,0.0011071826
26188,0.0010544033
26189,0.0013636142
26190,0.0019129708
26191,0.0014316859
26192,0.0008839239
26193,0.0017685061
26194,0.0015641375
26195,0.00026855036
26196,0.0005306681
26197,0.0008821441
26198,0.0014463891
26199,0.0017926967
26200,0.0019958706
26201,0.0018555277
26202,0.0016641702
26203,0.0016758639
26204,0.0018454463
26205,0.0016423236
26206,0.0015967869
26207,0.0015115446
26208,0.0010626791
26209,0.0014229178
26210,0.001417015
26211,0.0020960295
26212,0.0037982664
26213,0.00356434
26214,0.0014452216
26215,0.0021766517
26216,0.0031607617
26217,0.0036730366
26218,0.0026907977
26219,0.0022102476
26220,0.0016627004
26221,0.002520981
26222,0.0027835374
26223,0.003080887
26224,0.0030224826
26225,0.0027818116
26226,0.002981366
26227,0.0039279675
26228,0.0035066428
26229,0.004899919
26230,0.004906757
26231,0.005291083
26232,0.004934284
26233,0.0035338348
26234,0.0025915022
26235,0.0016776517
26236,0.0024791542
26237,0.0057428414
26238,0.0065222937
26239,0.0030415459
26240,0.0019613183
26241,0.0029828104
26242,0.0043225014
26243,0.0037456986
26244,0.0027826065
26245,0.002500219
26246,0.0018434582
26247,0.0010970422
26248,0.0014178979
26249,0.001802847
26250,0.00378511
26251,0.0050661997
26252,0.0039774985
26253,0.0022325986
26254,0.00092249445
26255,0.001069776
26256,0.0010596622
26257,0.0005419556
26258,0.001449083
26259,0.0022307336
26260,0.0024312164
26261,0.0022433274
26262,0.0013272077
26263,0.0019743629
26264,0.0022793638
26265,0.0023146758
26266,0.0022078103
26267,0.0018162928
26268,0.0018004725
26269,0.0016498201
26270,0.0017536326
26271,0.0018614942
26272,0.0019273094
26273,0.0015374129
26274,0.0010643484
26275,0.001370512
26276,0.0015207203
26277,0.0016791256
26278,0.0020056313
26279,0.0012863395
26280,0.0011201968
26281,0.0015046551
26282,0.002142203
26283,0.0033565
26284,0.0034236605
26285,0.002151922
26286,0.0010561408
26287,0.0014272883
26288,0.001952678
26289,0.0028213498
26290,0.0029820784
26291,0.0014814194
26292,0.0011545368
26293,0.0017193751
26294,0.0016375141
26295,0.0008709882
26296,0.0016544708
26297,0.0030574175
26298,0.0032037825
26299,0.0028638088
26300,0.0030225308
26301,0.0030626864
26302,0.0028365243
26303,0.0023766023
26304,0.0026043293
26305,0.0029270537
26306,0.0022416662
26307,0.0
26308,0.0012181733
26309,0.0011583873
26310,0.0009775752
26311,0.00052193087
26312,0.00069770386
26313,0.0008353403
26314,0.0012134576
26315,0.0009385706
26316,0.0010769614
26317,0.0013171923
26318,0.0009840736
26319,0.00091822544
26320,0.0014605459
26321,0.00188307
26322,0.0016180433
26323,0.0019374456
26324,0.0016586346
26325,0.0011042873
26326,0.0017590512
26327,0.0017771577
26328,0.0015521084
26329,0.0010937476
26330,0.0007057912
26331,0.0006380473
26332,0.0007119905
26333,0.00075857824
26334,0.00087125547
26335,0.0011558974
26336,0.0012640642
26337,0.0010816803
26338,0.00088405557
26339,0.000920726
26340,0.0011881052
26341,0.0014758294
26342,0.0017197306
26343,0.0015586949
26344,0.0014042646
26345,0.0014903705
26346,0.001040091
26347,0.0007622143
26348,0.0007301932
26349,0.0007103126
26350,0.0013113018
26351,0.0017253906
26352,0.0015990636
26353,0.0017059332
26354,0.0017714823
26355,0.0009655028
26356,0.0010713529
26357,0.0011939942
26358,0.0010209145
26359,0.0021525307
26360,0.0023752549
26361,0.0026770153
26362,0.0026124744
26363,0.0020138712
26364,0.0018053637
26365,0.0011024673
26366,0.0007953255
26367,0.00059440767
26368,0.00075857824
26369,0.0019894002
26370,0.0018979873
26371,0.001118845
26372,0.0010481466
26373,0.00088963454
26374,0.0010926028
26375,0.001218006
26376,0.0013260449
26377,0.0013310178
26378,0.0013409733
26379,0.0014209735
26380,0.0015674647
26381,0.0017385982
26382,0.0019544656
26383,0.0012986118
26384,0.00088953634
26385,0.0006586072
26386,0.0007469407
26387,0.00095851434
26388,0.0010229365
26389,0.0013980541
26390,0.0014358675
26391,0.0010665337
26392,0.0012432168
26393,0.0014248393
26394,0.00094558334
26395,0.0009323482
26396,0.0012530105
26397,0.0011356528
26398,0.0012244405
26399,0.0018604619
26400,0.0016506667
26401,0.0012108885
26402,0.0011105946
26403,0.0010107148
26404,0.00090439705
26405,0.0008881939
26406,0.0008617164
26407,0.0005272016
26408,0.0003757041
26409,0.0006447628
26410,0.00086841144
26411,0.00095040334
26412,0.0011476597
26413,0.0010955821
26414,0.001245392
26415,0.0010920966
26416,0.0009817048
26417,0.0009883232
26418,0.0011566525
26419,0.001415556
26420,0.0012093975
26421,0.0012352081
26422,0.0011949932
26423,0.00085649936
26424,0.0007850866
26425,0.0013100362
26426,0.0011234138
26427,0.0010129871
26428,0.00070207013
26429,0.00048840046
26430,0.00045687272
26431,0.0008482363
26432,0.0010587005
26433,0.001136447
26434,0.001026997
26435,0.00068277755
26436,0.0013626748
26437,0.0012379383
26438,0.0012253672
26439,0.0012549368
26440,0.0012415536
26441,0.0011877132
26442,0.001458911
26443,0.0015340776
26444,0.00082978216
26445,0.001000353
26446,0.0010088126
26447,0.0008877678
26448,0.0015719145
26449,0.0017169528
26450,0.0012769611
26451,0.00088730874
26452,0.0006157163
26453,0.0008035893
26454,0.0011868307
26455,0.0016081925
26456,0.002395156
26457,0.0029793347
26458,0.0030198721
26459,0.0023735142
26460,0.0022266463
26461,0.0031007365
26462,0.0026808176
26463,0.0012304158
26464,0.0012132417
26465,0.0010828903
26466,0.00062565686
26467,0.0012877189
26468,0.0014206457
26469,0.0007227417
26470,0.0007795434
26471,0.000685585
26472,0.0005761582
26473,0.0014181852
26474,0.0014994235
26475,0.00094853353
26476,0.00090030086
26477,0.000626958
26478,0.001029205
26479,0.0014814391
26480,0.0014945047
26481,0.0015721737
26482,0.0016737438
26483,0.0013017679
26484,0.0014928485
26485,0.0014548557
26486,0.001227503
26487,0.00081712916
26488,0.0006789304
26489,0.00048318828
26490,0.0005219866
26491,0.00046200378
26492,0.00096227205
26493,0.002151381
26494,0.003136405
26495,0.0026001912
26496,0.001796362
26497,0.002381679
26498,0.0019208203
26499,0.001417672
26500,0.0015260505
26501,0.0014449396
26502,0.0016122592
26503,0.0019447923
26504,0.0021853654
26505,0.0030008748
26506,0.0039923755
26507,0.0047366866
26508,0.004535532
26509,0.0016950654
26510,0.0015523146
26511,0.0010614459
26512,0.0010594974
26513,0.001239536
26514,0.0011984708
26515,0.0016515304
26516,0.0018490542
26517,0.0020907742
26518,0.0024564161
26519,0.0026190947
26520,0.0018710847
26521,0.0010789054
26522,0.0010855746
26523,0.0018251961
26524,0.001420236
26525,0.000724431
26526,0.0016328687
26527,0.0014834023
26528,0.0008369415
26529,0.0012049372
26530,0.0010293747
26531,0.0012753647
26532,0.0015444955
26533,0.0019565194
26534,0.0019245138
26535,0.0015376401
26536,0.0014081763
26537,0.001426452
26538,0.00090937136
26539,0.0010070801
26540,0.001224084
26541,0.0011350889
26542,0.001354556
26543,0.0014755336
26544,0.0020415725
26545,0.0034475073
26546,0.002944116
26547,0.0017192566
26548,0.004706972
26549,0.0057507013
26550,0.005596113
26551,0.0040396904
26552,0.0027059624
26553,0.0019924701
26554,0.003009552
26555,0.0027256806
26556,0.0034008534
26557,0.0036829594
26558,0.0026360415
26559,0.0027466668
26560,0.004067362
26561,0.0047031427
26562,0.0049903938
26563,0.0041911285
26564,0.0042196624
26565,0.0039056987
26566,0.002702917
26567,0.0019717077
26568,0.0020705059
26569,0.004348708
26570,0.006775027
26571,0.0066325553
26572,0.0038027845
26573,0.0014186366
26574,0.0020767935
26575,0.0040917103
26576,0.0040675695
26577,0.002942346
26578,0.0023513392
26579,0.0020533705
26580,0.0015603558
26581,0.0013735876
26582,0.0013929444
26583,0.0025539561
26584,0.0043955776
26585,0.004439285
26586,0.0030920515
26587,0.0014539952
26588,0.0017707758
26589,0.002156421
26590,0.00182991
26591,0.0015494246
26592,0.002031125
26593,0.002302864
26594,0.0024259316
26595,0.0014386214
26596,0.0025379981
26597,0.003002368
26598,0.0022820563
26599,0.0022030596
26600,0.0024833533
26601,0.0025567466
26602,0.0023119582
26603,0.002069353
26604,0.0022348135
26605,0.0018922898
26606,0.001855465
26607,0.0018231061
26608,0.0017462149
26609,0.0014759083
26610,0.0012318105
26611,0.0015260124
26612,0.0014924195
26613,0.00090712827
26614,0.00095945515
26615,0.0020731888
26616,0.0037385512
26617,0.0039569796
26618,0.0026179831
26619,0.0013325694
26620,0.0016094407
26621,0.0018974505
26622,0.0018813072
26623,0.0019760428
26624,0.0014076388
26625,0.0017359178
26626,0.0018963459
26627,0.0014906244
26628,0.00077041774
26629,0.0018104507
26630,0.0033381805
26631,0.0032630002
26632,0.002700159
26633,0.0024039615
26634,0.0021224257
26635,0.0021117718
26636,0.0021682116
26637,0.0029592807
26638,0.0029415842
26639,0.0022605937
26640,0.0
26641,0.001132676
26642,0.0006866455
26643,0.0007403658
26644,0.0007452243
26645,0.0009879404
26646,0.000901593
26647,0.0009841623
26648,0.00089117076
26649,0.0010185171
26650,0.0010393632
26651,0.0009261155
26652,0.001380815
26653,0.0017958597
26654,0.0018833791
26655,0.0017953896
26656,0.0023294655
26657,0.0021704521
26658,0.0016975531
26659,0.0022210188
26660,0.00217194
26661,0.0016819139
26662,0.0011855549
26663,0.00080655364
26664,0.000775801
26665,0.0010552035
26666,0.0010887069
26667,0.0009477047
26668,0.0009820901
26669,0.0010547069
26670,0.0009726206
26671,0.0011974261
26672,0.0012338645
26673,0.0010818955
26674,0.0012595435
26675,0.001495264
26676,0.0015131419
26677,0.0013915647
26678,0.0012791471
26679,0.00075307186
26680,0.00029871784
26681,0.00046376427
26682,0.00070941064
26683,0.0016271909
26684,0.0019156922
26685,0.0013349697
26686,0.0013393662
26687,0.0016439353
26688,0.00094951486
26689,0.0011572562
26690,0.0013638703
26691,0.00092331436
26692,0.0020519667
26693,0.0025347392
26694,0.0025643734
26695,0.0026301057
26696,0.0022353216
26697,0.0015962218
26698,0.00087791093
26699,0.0005825881
26700,0.00072104845
26701,0.0011958209
26702,0.0022015397
26703,0.0018104507
26704,0.0009648394
26705,0.0007946299
26706,0.00062201795
26707,0.0004849319
26708,0.0007035609
26709,0.0010641296
26710,0.0012234657
26711,0.0016620877
26712,0.0017935893
26713,0.0017555899
26714,0.0018032991
26715,0.002075616
26716,0.0015434776
26717,0.0016373718
26718,0.0014911124
26719,0.0013635075
26720,0.0011261824
26721,0.0010484798
26722,0.0016367496
26723,0.0020478778
26724,0.0018395702
26725,0.0011737371
26726,0.001298903
26727,0.0009292527
26728,0.0006842253
26729,0.00088108773
26730,0.00095449795
26731,0.0012518485
26732,0.0015205098
26733,0.0011363957
26734,0.0010772316
26735,0.0015276327
26736,0.0014628357
26737,0.0013027065
26738,0.0011482936
26739,0.0008506347
26740,0.0006202843
26741,0.0006672559
26742,0.0009803994
26743,0.0011261824
26744,0.0012069886
26745,0.0013370174
26746,0.0011398734
26747,0.0010920167
26748,0.0007549632
26749,0.0010204013
26750,0.0011821376
26751,0.00095190265
26752,0.0008857658
26753,0.0008919868
26754,0.0014355837
26755,0.001347663
26756,0.00058899715
26757,0.0006334695
26758,0.0009506789
26759,0.001129305
26760,0.0013018796
26761,0.0009600616
26762,0.000664765
26763,0.00038684867
26764,0.0008590102
26765,0.00092243135
26766,0.0009993342
26767,0.0010985533
26768,0.0008038428
26769,0.001543157
26770,0.0015403632
26771,0.0012018415
26772,0.0012789879
26773,0.0013568959
26774,0.0011754221
26775,0.0015669818
26776,0.0016723522
26777,0.0010445864
26778,0.0009020126
26779,0.0009084427
26780,0.00075032294
26781,0.0014554957
26782,0.001873463
26783,0.0017369738
26784,0.0011250706
26785,0.0006317212
26786,0.00085234374
26787,0.0012315271
26788,0.0016621577
26789,0.0018100005
26790,0.0022666878
26791,0.00247223
26792,0.001815283
26793,0.0013995313
26794,0.0019365291
26795,0.0018126516
26796,0.0014882013
26797,0.001573136
26798,0.0015732655
26799,0.0011584124
26800,0.0018362448
26801,0.0016029538
26802,0.00063042995
26803,0.00078782503
26804,0.00065532903
26805,0.000458399
26806,0.0013012536
26807,0.0016224441
26808,0.0011161102
26809,0.0009247632
26810,0.0010761775
26811,0.0016554731
26812,0.0021360398
26813,0.002210366
26814,0.0024720533
26815,0.0028855656
26816,0.0025642938
26817,0.0021959406
26818,0.001452373
26819,0.0010099083
26820,0.0007458489
26821,0.0006655526
26822,0.0006183105
26823,0.0006280711
26824,0.0006529264
26825,0.0012978719
26826,0.0023931381
26827,0.003453479
26828,0.0024621794
26829,0.0012102635
26830,0.0028372116
26831,0.0029507417
26832,0.002017654
26833,0.0016311567
26834,0.0019109311
26835,0.00218949
26836,0.0021409662
26837,0.0021762638
26838,0.0028169518
26839,0.0037738907
26840,0.0039428547
26841,0.0037931444
26842,0.0018192547
26843,0.0015639886
26844,0.0013006271
26845,0.0016754643
26846,0.0014881035
26847,0.0010574627
26848,0.0013517383
26849,0.0013218683
26850,0.0017393513
26851,0.0027345927
26852,0.00301859
26853,0.0024789546
26854,0.0017730588
26855,0.0011327018
26856,0.0014036634
26857,0.0011669731
26858,0.00055348617
26859,0.0012603982
26860,0.0013840991
26861,0.0015183837
26862,0.0018126516
26863,0.0013797396
26864,0.00091984053
26865,0.0013028405
26866,0.0016549632
26867,0.0016334924
26868,0.0011667238
26869,0.00067850156
26870,0.0006159998
26871,0.0008675061
26872,0.0014165837
26873,0.0017292154
26874,0.0018315791
26875,0.0016992325
26876,0.0016966099
26877,0.0024459916
26878,0.0029254525
26879,0.0019309152
26880,0.0019620156
26881,0.005268035
26882,0.005793675
26883,0.0045485655
26884,0.003382972
26885,0.0025639648
26886,0.0024248636
26887,0.0031713513
26888,0.002752404
26889,0.0033992357
26890,0.003673187
26891,0.0026403216
26892,0.0025073676
26893,0.0035475537
26894,0.004413273
26895,0.0031340844
26896,0.0014067495
26897,0.0012203931
26898,0.0018533305
26899,0.0016212598
26900,0.0017565179
26901,0.0022089304
26902,0.006816991
26903,0.007899567
26904,0.006130972
26905,0.0032815887
26906,0.0011106208
26907,0.0020486878
26908,0.004198379
26909,0.0041716537
26910,0.0027675359
26911,0.0019469761
26912,0.0012491255
26913,0.00074974087
26914,0.0007811844
26915,0.0010926295
26916,0.0017088652
26917,0.0031942846
26918,0.004721843
26919,0.0053307745
26920,0.0038035421
26921,0.00213845
26922,0.0023960671
26923,0.0022240437
26924,0.0014054662
26925,0.0019913013
26926,0.002245428
26927,0.0023009044
26928,0.0018046543
26929,0.0028193477
26930,0.0031344558
26931,0.0016457578
26932,0.0036655013
26933,0.0042836247
26934,0.00398816
26935,0.0030660864
26936,0.0023827297
26937,0.0019836132
26938,0.0015335273
26939,0.0012597514
26940,0.0014457854
26941,0.0011316478
26942,0.0010113481
26943,0.001151887
26944,0.0016607038
26945,0.0019015874
26946,0.001502216
26947,0.0011846217
26948,0.0020440656
26949,0.003614433
26950,0.004250196
26951,0.003359187
26952,0.0017870055
26953,0.0019026737
26954,0.0019108244
26955,0.0017980138
26956,0.0017279526
26957,0.0014772486
26958,0.0022270253
26959,0.002530982
26960,0.0021992913
26961,0.0016856646
26962,0.0022951292
26963,0.0033683323
26964,0.0032362754
26965,0.0028878644
26966,0.0024967478
26967,0.0018194306
26968,0.001971073
26969,0.0022780993
26970,0.0030712364
26971,0.0025295096
26972,0.001803767
26973,0.0
26974,0.00074526336
26975,0.00073194486
26976,0.00086256035
26977,0.0006807284
26978,0.00082792115
26979,0.0009849605
26980,0.0011840318
26981,0.001261506
26982,0.0011035755
26983,0.0013605587
26984,0.0015811081
26985,0.0017950005
26986,0.0020190815
26987,0.0019662534
26988,0.0018622287
26989,0.0025874223
26990,0.0025696
26991,0.0021203677
26992,0.002177347
26993,0.001785588
26994,0.0009862892
26995,0.00093621097
26996,0.0009630581
26997,0.0012196775
26998,0.001366237
26999,0.0011038128
27000,0.0008123066
27001,0.0007699265
27002,0.00094807317
27003,0.0008099744
27004,0.000823798
27005,0.0008456247
27006,0.0007436214
27007,0.0011040765
27008,0.0013228367
27009,0.0013404088
27010,0.0012111769
27011,0.0010874765
27012,0.0006032048
27013,0.00033220736
27014,0.0006648964
27015,0.00089055
27016,0.0020684665
27017,0.0022648638
27018,0.0011934334
27019,0.0013396052
27020,0.0021035557
27021,0.0015034748
27022,0.0016209187
27023,0.0016321734
27024,0.00093853957
27025,0.001832707
27026,0.0025044759
27027,0.002382974
27028,0.0025446976
27029,0.0023750344
27030,0.0016672628
27031,0.0013109689
27032,0.00095562544
27033,0.0005235455
27034,0.00145109
27035,0.002090468
27036,0.0015123339
27037,0.0011397202
27038,0.0012322358
27039,0.0010109452
27040,0.0010097929
27041,0.00080929144
27042,0.001072086
27043,0.00085084
27044,0.000920726
27045,0.0010623778
27046,0.0010188028
27047,0.0016266005
27048,0.001744414
27049,0.0016382426
27050,0.0019435948
27051,0.0022167822
27052,0.0020864825
27053,0.0018078928
27054,0.0016472603
27055,0.0015529145
27056,0.0015113135
27057,0.0016866485
27058,0.0010902295
27059,0.0009924374
27060,0.00095449795
27061,0.0010086971
27062,0.0011945791
27063,0.0012819653
27064,0.0014163165
27065,0.0013028183
27066,0.000908667
27067,0.0009498826
27068,0.0013161534
27069,0.0012384554
27070,0.00096420577
27071,0.00077320816
27072,0.00070128206
27073,0.00063886784
27074,0.00069293217
27075,0.0007636639
27076,0.0007801406
27077,0.0010918034
27078,0.0014825192
27079,0.0016395567
27080,0.0013741808
27081,0.001226388
27082,0.0014233064
27083,0.001067979
27084,0.000853538
27085,0.0010220257
27086,0.0010887336
27087,0.0014846378
27088,0.001500413
27089,0.0011060517
27090,0.0008358976
27091,0.0009089872
27092,0.0013645956
27093,0.0019540486
27094,0.001384898
27095,0.0011698129
27096,0.00087355735
27097,0.0010647312
27098,0.0011191571
27099,0.0009992468
27100,0.00090075337
27101,0.0008296068
27102,0.0015369585
27103,0.0015072061
27104,0.0008819131
27105,0.0009564474
27106,0.0010488961
27107,0.0008239393
27108,0.001672387
27109,0.0015646212
27110,0.0006412777
27111,0.0006117804
27112,0.00065452914
27113,0.00059072406
27114,0.0012635347
27115,0.0019357475
27116,0.0018032184
27117,0.0010599094
27118,0.00076875376
27119,0.0010554241
27120,0.0014293666
27121,0.0018661942
27122,0.0017583561
27123,0.0019106874
27124,0.0019704527
27125,0.0014244511
27126,0.0011234138
27127,0.0012284036
27128,0.0013189367
27129,0.0014749812
27130,0.0015032812
27131,0.0016646073
27132,0.0016055299
27133,0.0023128141
27134,0.0020097338
27135,0.0011479387
27136,0.0006110188
27137,0.0006170855
27138,0.00044309642
27139,0.0010857891
27140,0.0015222315
27141,0.0011057622
27142,0.001119677
27143,0.0015300884
27144,0.0018342467
27145,0.0021115788
27146,0.0019936238
27147,0.002276783
27148,0.0029564274
27149,0.0027379005
27150,0.0020645936
27151,0.00097441435
27152,0.00071010774
27153,0.000664765
27154,0.0006211283
27155,0.0005689401
27156,0.0005712374
27157,0.0006527927
27158,0.001474626
27159,0.002383328
27160,0.003060966
27161,0.002296524
27162,0.0012991495
27163,0.0036632854
27164,0.0038492016
27165,0.002119558
27166,0.0017954544
27167,0.0021911378
27168,0.0023194237
27169,0.0018814774
27170,0.0016781547
27171,0.0018799144
27172,0.0018287804
27173,0.0016463236
27174,0.0018409303
27175,0.0017743879
27176,0.0013539328
27177,0.0015976069
27178,0.001788552
27179,0.0015381889
27180,0.0014544956
27181,0.0016762111
27182,0.0013915439
27183,0.0008174141
27184,0.0018200384
27185,0.0023157569
27186,0.002156205
27187,0.0017691972
27188,0.0010302225
27189,0.0012169781
27190,0.0010229365
27191,0.00074440375
27192,0.00116022
27193,0.0012863395
27194,0.0016796628
27195,0.0023510794
27196,0.002262048
27197,0.0013580965
27198,0.0009006887
27199,0.0013967836
27200,0.0014398751
27201,0.00095763337
27202,0.00068401254
27203,0.00059047766
27204,0.00090227067
27205,0.0016450504
27206,0.0019645505
27207,0.0023255642
27208,0.0024301987
27209,0.0023261022
27210,0.0023273656
27211,0.002013481
27212,0.0013768045
27213,0.0038341635
27214,0.005749406
27215,0.0045974557
27216,0.0014738955
27217,0.0023739068
27218,0.0033589618
27219,0.0029588086
27220,0.00279667
27221,0.0025709814
27222,0.0032633839
27223,0.0037893138
27224,0.0030983514
27225,0.0027998735
27226,0.003852882
27227,0.004782949
27228,0.0031724065
27229,0.0019446427
27230,0.0017143234
27231,0.0026595418
27232,0.0032532725
27233,0.0042756614
27234,0.0049255113
27235,0.0078211045
27236,0.0076330025
27237,0.0036490606
27238,0.0011934577
27239,0.0014963731
27240,0.004236932
27241,0.0055958685
27242,0.0049790144
27243,0.0033131607
27244,0.0022842744
27245,0.0015708588
27246,0.0013881725
27247,0.0013400397
27248,0.0012237749
27249,0.0013125663
27250,0.0026009523
27251,0.004493558
27252,0.0069170212
27253,0.0055132075
27254,0.0011109876
27255,0.001393759
27256,0.0018339452
27257,0.0012778495
27258,0.0023939041
27259,0.0028346665
27260,0.0019161328
27261,0.0018726239
27262,0.0027854186
27263,0.0032873396
27264,0.0027119145
27265,0.0040846625
27266,0.0039683855
27267,0.002981161
27268,0.00198147
27269,0.0018068784
27270,0.0014021283
27271,0.00091851066
27272,0.0007221374
27273,0.0011856776
27274,0.0011834418
27275,0.0015115062
27276,0.0015735615
27277,0.0018412308
27278,0.0021712566
27279,0.0014372045
27280,0.0011487243
27281,0.0016523409
27282,0.0024658293
27283,0.0035910467
27284,0.0037633413
27285,0.0025281976
27286,0.0018188067
27287,0.0016217803
27288,0.0018437423
27289,0.001604841
27290,0.0015372047
27291,0.0021124608
27292,0.0023990534
27293,0.0020601768
27294,0.0021708813
27295,0.002500126
27296,0.0031521681
27297,0.0033312684
27298,0.0033402462
27299,0.0026284566
27300,0.001917393
27301,0.0016390241
27302,0.0021044132
27303,0.002944205
27304,0.002422438
27305,0.001749911
27306,0.0
27307,0.0008541856
27308,0.0008878334
27309,0.0010025036
27310,0.0007619852
27311,0.0007844932
27312,0.00079981383
27313,0.0009102031
27314,0.000979954
27315,0.0011891092
27316,0.0016269762
27317,0.0017675678
27318,0.0018614942
27319,0.0018877164
27320,0.0018794809
27321,0.0015678545
27322,0.0021305417
27323,0.0019397576
27324,0.001392631
27325,0.0013080129
27326,0.0008728574
27327,0.0006579883
27328,0.00075688824
27329,0.000686815
27330,0.00082732335
27331,0.0006965349
27332,0.00078679
27333,0.0007028987
27334,0.0006013202
27335,0.00061514875
27336,0.00034306836
27337,0.0004503282
27338,0.00053530955
27339,0.0005283046
27340,0.0009603041
27341,0.0013241122
27342,0.0012243455
27343,0.0010520545
27344,0.0008087158
27345,0.000976175
27346,0.0007771129
27347,0.0009116727
27348,0.000832863
27349,0.0020806019
27350,0.0024769462
27351,0.001738414
27352,0.0017294846
27353,0.0021423388
27354,0.0014845398
27355,0.001416522
27356,0.0013832789
27357,0.0011302325
27358,0.0013704695
27359,0.002117401
27360,0.0022727018
27361,0.002519965
27362,0.0021411702
27363,0.001635718
27364,0.0017001914
27365,0.0012252722
27366,0.0012114892
27367,0.0017574455
27368,0.0016598799
27369,0.0006125886
27370,0.0009384776
27371,0.0013257377
27372,0.0014872819
27373,0.0013989488
27374,0.0009955118
27375,0.0009891473
27376,0.0006639327
27377,0.00048174054
27378,0.0007596517
27379,0.00091339496
27380,0.0011910166
27381,0.0011967211
27382,0.0016183491
27383,0.00196723
27384,0.002206096
27385,0.0020813989
27386,0.0019456601
27387,0.0023308643
27388,0.0023150279
27389,0.0011580606
27390,0.001551677
27391,0.0012486362
27392,0.00090256095
27393,0.001356188
27394,0.0014477969
27395,0.0015614372
27396,0.0015667217
27397,0.0013289389
27398,0.00081223494
27399,0.0010741472
27400,0.0011482936
27401,0.0013891784
27402,0.0015714515
27403,0.0011143357
27404,0.0008266899
27405,0.0006835869
27406,0.0008506347
27407,0.001205058
27408,0.0011252
27409,0.0012756613
27410,0.0010968035
27411,0.0013353402
27412,0.0013352095
27413,0.0011081811
27414,0.0016290856
27415,0.0020823216
27416,0.002007488
27417,0.0013669397
27418,0.0008530946
27419,0.00072217773
27420,0.001214752
27421,0.0013441598
27422,0.0013571103
27423,0.0009331907
27424,0.0010984474
27425,0.0017404386
27426,0.0021156685
27427,0.0013026395
27428,0.001119651
27429,0.00077842263
27430,0.001249242
27431,0.0012906988
27432,0.0008266899
27433,0.00067781494
27434,0.0012864299
27435,0.0018264872
27436,0.0017580085
27437,0.0012510114
27438,0.0010390552
27439,0.00082294963
27440,0.0008793353
27441,0.0016005554
27442,0.001497112
27443,0.00086276274
27444,0.0008417612
27445,0.000694694
27446,0.00082192343
27447,0.0011962346
27448,0.0018247018
27449,0.001822659
27450,0.001201236
27451,0.001024983
27452,0.0012229184
27453,0.0016650793
27454,0.0018140961
27455,0.001566536
27456,0.0015905778
27457,0.0018727483
27458,0.001377185
27459,0.001000062
27460,0.00080532586
27461,0.0009991885
27462,0.0011569292
27463,0.0013033543
27464,0.0010928692
27465,0.0013362989
27466,0.0021834336
27467,0.0021796848
27468,0.0013750701
27469,0.00072040234
27470,0.0005803357
27471,0.0004538047
27472,0.0009773073
27473,0.001321582
27474,0.0011555699
27475,0.0016219418
27476,0.0019443134
27477,0.0019371301
27478,0.0020206233
27479,0.0018236008
27480,0.001699044
27481,0.0019115707
27482,0.002025773
27483,0.001330974
27484,0.00086753967
27485,0.00075969007
27486,0.00063594565
27487,0.00071935117
27488,0.0006754492
27489,0.0005811876
27490,0.00058637245
27491,0.0013327223
27492,0.0022978287
27493,0.0028684393
27494,0.0023138584
27495,0.001833104
27496,0.0034358883
27497,0.0042498056
27498,0.0026705496
27499,0.0020686074
27500,0.0023536528
27501,0.0022089435
27502,0.0018376233
27503,0.0020278122
27504,0.0020723043
27505,0.0020265055
27506,0.0018595387
27507,0.0017730588
27508,0.0013525347
27509,0.00073567306
27510,0.0014226314
27511,0.0018398708
27512,0.0016988042
27513,0.0015841791
27514,0.001979192
27515,0.0017066838
27516,0.000851558
27517,0.0012931542
27518,0.0015848404
27519,0.0017443473
27520,0.0016323696
27521,0.0012012845
27522,0.0012050339
27523,0.0010838306
27524,0.0008819131
27525,0.001330821
27526,0.0015495749
27527,0.0018068784
27528,0.0023418015
27529,0.0023196621
27530,0.0020283575
27531,0.0018154272
27532,0.0016337952
27533,0.0012563971
27534,0.0010226804
27535,0.00091441406
27536,0.00062042504
27537,0.0012998438
27538,0.0016255982
27539,0.0019046153
27540,0.0019109311
27541,0.00211432
27542,0.0017908612
27543,0.0016496085
27544,0.0014335347
27545,0.0021561915
27546,0.004689602
27547,0.0053998437
27548,0.0038231413
27549,0.001762836
27550,0.0025345786
27551,0.0032279822
27552,0.0032174976
27553,0.0028013906
27554,0.0023715885
27555,0.0028270176
27556,0.002942346
27557,0.0030795927
27558,0.004113199
27559,0.0047762385
27560,0.0047408813
27561,0.0017944005
27562,0.0017191381
27563,0.0012053236
27564,0.0019292415
27565,0.002836945
27566,0.0040907003
27567,0.004806234
27568,0.007183337
27569,0.00628863
27570,0.0012136734
27571,0.0016209546
27572,0.003960604
27573,0.0058146096
27574,0.006341656
27575,0.005381482
27576,0.0035326898
27577,0.0029014477
27578,0.0019237726
27579,0.001643475
27580,0.0014385809
27581,0.00135148
27582,0.0011120873
27583,0.0015785474
27584,0.003253532
27585,0.0074471645
27586,0.0063539073
27587,0.0014669483
27588,0.002137783
27589,0.0024547689
27590,0.0017774852
27591,0.002940179
27592,0.0037005553
27593,0.0023608261
27594,0.002029046
27595,0.0022804234
27596,0.0027503835
27597,0.003493788
27598,0.004267301
27599,0.0029567028
27600,0.0005235455
27601,0.00067850156
27602,0.0006883388
27603,0.00080014125
27604,0.0007606855
27605,0.0006091105
27606,0.0009123748
27607,0.00083300273
27608,0.0012734463
27609,0.0012227756
27610,0.0018213332
27611,0.0022121824
27612,0.0015426666
27613,0.0013552004
27614,0.0018706492
27615,0.0020127147
27616,0.0029538567
27617,0.00344051
27618,0.0028432063
27619,0.0019619563
27620,0.0012166194
27621,0.0015501195
27622,0.0011510276
27623,0.0011603454
27624,0.0014914832
27625,0.0015123145
27626,0.00094462873
27627,0.0020328723
27628,0.002728722
27629,0.0028511998
27630,0.0033947034
27631,0.003423992
27632,0.002574556
27633,0.0019869558
27634,0.0015624806
27635,0.0020174952
27636,0.0024819935
27637,0.0025006032
27638,0.002161907
27639,0.0
27640,0.0014351985
27641,0.0013840571
27642,0.0016217264
27643,0.0014177952
27644,0.0015033393
27645,0.0013259352
27646,0.0012949985
27647,0.0016997976
27648,0.0016001007
27649,0.0017181559
27650,0.0014939593
27651,0.0016633305
27652,0.0016533798
27653,0.0015799664
27654,0.0010765289
27655,0.0018893653
27656,0.0016618426
27657,0.0013541692
27658,0.0008639089
27659,0.00077512546
27660,0.0006793589
27661,0.00040074298
27662,0.0002824937
27663,0.0006630554
27664,0.00075565674
27665,0.0008855686
27666,0.0006236067
27667,0.00047351443
27668,0.00070760323
27669,0.0007507107
27670,0.0007510208
27671,0.00047191366
27672,0.0003153073
27673,0.00069895416
27674,0.0011581109
27675,0.0013684293
27676,0.0012935818
27677,0.0007008669
27678,0.00095945515
27679,0.00071805535
27680,0.00092059956
27681,0.0009089872
27682,0.0017952275
27683,0.0023399119
27684,0.0017019365
27685,0.001571822
27686,0.0018350716
27687,0.0013568101
27688,0.0010470076
27689,0.0013473606
27690,0.0011070775
27691,0.0013345772
27692,0.0021295305
27693,0.0024722065
27694,0.0021578781
27695,0.0015241231
27696,0.0016430322
27697,0.00199928
27698,0.0012039948
27699,0.0012468868
27700,0.0013591248
27701,0.0012123778
27702,0.00029439974
27703,0.0010567469
27704,0.0010715158
27705,0.0010990301
27706,0.0012560958
27707,0.0012461863
27708,0.00088451634
27709,0.0007541532
27710,0.000777899
27711,0.0012528014
27712,0.0012795565
27713,0.00089933054
27714,0.0010333253
27715,0.001452393
27716,0.0016968672
27717,0.0019182883
27718,0.0020852408
27719,0.0020285584
27720,0.0023592352
27721,0.0023977065
27722,0.0016439353
27723,0.0015753361
27724,0.0014798469
27725,0.0008284834
27726,0.0009979645
27727,0.0009866433
27728,0.0015356893
27729,0.0016429791
27730,0.0013335082
27731,0.0013687058
27732,0.0020216457
27733,0.0020537388
27734,0.0019805003
27735,0.0017542962
27736,0.001431503
27737,0.0010037802
27738,0.0009802807
27739,0.0013327223
27740,0.0014278591
27741,0.0009027866
27742,0.0014998893
27743,0.0013720188
27744,0.0012513603
27745,0.0011786366
27746,0.0009868202
27747,0.0016167117
27748,0.0023161464
27749,0.0023203646
27750,0.0019192894
27751,0.0016684145
27752,0.0014481186
27753,0.0011435951
27754,0.0009820901
27755,0.0011803884
27756,0.00092249445
27757,0.0015648259
27758,0.0018492746
27759,0.0017105674
27760,0.0010915102
27761,0.001131442
27762,0.0007243506
27763,0.0013915647
27764,0.0012938967
27765,0.00062783936
27766,0.0013675145
27767,0.0017572137
27768,0.0017614816
27769,0.0013605801
27770,0.0008501898
27771,0.0009429635
27772,0.0009933753
27773,0.0013717855
27774,0.0019822628
27775,0.0018154753
27776,0.00093222334
27777,0.00095848396
27778,0.0011912365
27779,0.0013914602
27780,0.001311213
27781,0.0014815177
27782,0.0016526931
27783,0.0012570455
27784,0.0012963687
27785,0.001773108
27786,0.0020046153
27787,0.0017638097
27788,0.0011914565
27789,0.0013693435
27790,0.0015268704
27791,0.001151887
27792,0.0011276545
27793,0.0007574648
27794,0.0004216923
27795,0.0007125626
27796,0.00093059853
27797,0.0007911796
27798,0.0008900924
27799,0.0018215249
27800,0.002152152
27801,0.0014817927
27802,0.0008021756
27803,0.00069578236
27804,0.0008124499
27805,0.0009337207
27806,0.0008549689
27807,0.0012505692
27808,0.0017491624
27809,0.0020252126
27810,0.0018690771
27811,0.0019994255
27812,0.0018096307
27813,0.001544194
27814,0.0017950654
27815,0.0022348266
27816,0.0017609859
27817,0.0011862421
27818,0.0007512533
27819,0.0010059524
27820,0.0013072784
27821,0.001216404
27822,0.0006719067
27823,0.0008248219
27824,0.0014136015
27825,0.0023125499
27826,0.0025665062
27827,0.0025917941
27828,0.0024419308
27829,0.0037323183
27830,0.004273714
27831,0.002737454
27832,0.0016270478
27833,0.0017608372
27834,0.0021220143
27835,0.0021386542
27836,0.002149879
27837,0.0019338221
27838,0.001664345
27839,0.0012756613
27840,0.00085728057
27841,0.0007440909
27842,0.0006353046
27843,0.0010955556
27844,0.0014596689
27845,0.0015725254
27846,0.0016933647
27847,0.001893735
27848,0.0016536262
27849,0.00089459325
27850,0.0012265068
27851,0.0013683442
27852,0.0015642678
27853,0.0012077359
27854,0.0010184599
27855,0.001075068
27856,0.0011071826
27857,0.0011512298
27858,0.0013819737
27859,0.0014718998
27860,0.001561959
27861,0.0020392046
27862,0.0023283781
27863,0.0025322924
27864,0.0023240368
27865,0.0020127725
27866,0.0013350568
27867,0.0008280969
27868,0.0011582115
27869,0.0012661117
27870,0.0014437508
27871,0.0014899995
27872,0.0017173256
27873,0.0013963251
27874,0.001016343
27875,0.00091746444
27876,0.00083787984
27877,0.0012971541
27878,0.0025160583
27879,0.0041660336
27880,0.0045341654
27881,0.0024111783
27882,0.0014718998
27883,0.0027764917
27884,0.003022598
27885,0.0034537571
27886,0.0030689328
27887,0.0018348971
27888,0.0023723
27889,0.002419745
27890,0.0020413727
27891,0.003631055
27892,0.0039251065
27893,0.0038615891
27894,0.0012744515
27895,0.0014958284
27896,0.0016583538
27897,0.0016728916
27898,0.001981984
27899,0.0024073247
27900,0.0021252076
27901,0.0048625767
27902,0.0043348926
27903,0.0011264666
27904,0.0027048222
27905,0.0054434272
27906,0.006397155
27907,0.0053605824
27908,0.0034073
27909,0.0025779677
27910,0.0018027986
27911,0.0013971378
27912,0.0010889206
27913,0.0008525827
27914,0.0010324237
27915,0.00081420335
27916,0.0012486594
27917,0.0028303408
27918,0.006690522
27919,0.0060364134
27920,0.0027981682
27921,0.002908861
27922,0.0028777283
27923,0.0020853523
27924,0.0036419793
27925,0.004486415
27926,0.0027773092
27927,0.0022019628
27928,0.0024933766
27929,0.0028349028
27930,0.0039030898
27931,0.0036046365
27932,0.0016445018
27933,0.00054660765
27934,0.0005241011
27935,0.0009307236
27936,0.0013063654
27937,0.0012504528
27938,0.00086198654
27939,0.00089878024
27940,0.0009189225
27941,0.0009944002
27942,0.0007839365
27943,0.0024678821
27944,0.0026826083
27945,0.0014166246
27946,0.0012986118
27947,0.0020928334
27948,0.0019594328
27949,0.0023873667
27950,0.003106035
27951,0.002830053
27952,0.0021504203
27953,0.0017501605
27954,0.0019510079
27955,0.0013427084
27956,0.0015227477
27957,0.0017394852
27958,0.001761812
27959,0.0010614734
27960,0.0018131975
27961,0.00273488
27962,0.0025415733
27963,0.0031626394
27964,0.0033843738
27965,0.0028617552
27966,0.0023057186
27967,0.0017506094
27968,0.0017750602
27969,0.0019283511
27970,0.0022416662
27971,0.0028909969
27972,0.0
27973,0.0016151809
27974,0.0016418096
27975,0.0017021929
27976,0.001490351
27977,0.0017555732
27978,0.0016088618
27979,0.0016575288
27980,0.0020202054
27981,0.0018595544
27982,0.001979192
27983,0.0017519223
27984,0.0017229937
27985,0.0017047045
27986,0.0016996092
27987,0.0016446965
27988,0.0021009806
27989,0.0017543958
27990,0.0013027065
27991,0.0008660287
27992,0.0008047836
27993,0.00067802955
27994,0.000555795
27995,0.00057913084
27996,0.0007233052
27997,0.0007364243
27998,0.0006922598
27999,0.0007741862
28000,0.000825915
28001,0.0009477354
28002,0.00072189554
28003,0.0006719933
28004,0.00078693795
28005,0.0008919216
28006,0.0009258326
28007,0.00096797146
28008,0.001331608
28009,0.0014570146
28010,0.0008582645
28011,0.0009857285
28012,0.0007047595
28013,0.00093621097
28014,0.0009112896
28015,0.0013243979
28016,0.002121891
28017,0.0020068644
28018,0.0020687901
28019,0.0017748143
28020,0.0012816021
28021,0.0009938732
28022,0.0011053147
28023,0.0005910196
28024,0.0014038915
28025,0.002455729
28026,0.0025927147
28027,0.0017722708
28028,0.0008952112
28029,0.001625079
28030,0.0018224834
28031,0.0007172442
28032,0.00065225747
28033,0.00069351995
28034,0.0008943981
28035,0.0005843837
28036,0.0012685918
28037,0.0012105039
28038,0.0007706066
28039,0.0010477301
28040,0.0010796604
28041,0.00072048313
28042,0.0010036352
28043,0.0013613714
28044,0.0017449311
28045,0.0016046958
28046,0.0013204144
28047,0.0015518458
28048,0.0014039745
28049,0.001289616
28050,0.0014791387
28051,0.0019015721
28052,0.0021434934
28053,0.002559136
28054,0.0028881265
28055,0.002162136
28056,0.001672004
28057,0.0017757324
28058,0.0013352748
28059,0.0011100704
28060,0.00097321894
28061,0.0014267784
28062,0.0014954587
28063,0.0016014279
28064,0.0018754349
28065,0.002209497
28066,0.0020301072
28067,0.0023687887
28068,0.0023644723
28069,0.002054929
28070,0.0013439216
28071,0.0014276756
28072,0.0018872384
28073,0.0018327546
28074,0.0008361413
28075,0.0016067259
28076,0.0015314573
28077,0.0011421945
28078,0.001339388
28079,0.0010033161
28080,0.0008025383
28081,0.0014489423
28082,0.0021125157
28083,0.0026630084
28084,0.0021836602
28085,0.0010888138
28086,0.0011803884
28087,0.0010343388
28088,0.0012508252
28089,0.00157969
28090,0.0020612078
28091,0.0019241055
28092,0.0012827824
28093,0.001144816
28094,0.0013478573
28095,0.00065847463
28096,0.0014847554
28097,0.0015342672
28098,0.00091759133
28099,0.0018051219
28100,0.0017886985
28101,0.0012084345
28102,0.0007279178
28103,0.00081887253
28104,0.0011835156
28105,0.0012504528
28106,0.0015287373
28107,0.0020273814
28108,0.0021872425
28109,0.0013112796
28110,0.0012429125
28111,0.0012674673
28112,0.0010227374
28113,0.0009389736
28114,0.0012709756
28115,0.0015406088
28116,0.0015164657
28117,0.0014298959
28118,0.0018980486
28119,0.0020239188
28120,0.0011210279
28121,0.0009415118
28122,0.0010928692
28123,0.0010558928
28124,0.0010043599
28125,0.0010919634
28126,0.0007330574
28127,0.000489115
28128,0.00078415923
28129,0.00083888654
28130,0.00080622884
28131,0.0012537536
28132,0.001793703
28133,0.001688218
28134,0.0012920285
28135,0.0009039786
28136,0.0005740327
28137,0.0009412026
28138,0.0008952437
28139,0.0009217054
28140,0.0016449973
28141,0.0018262004
28142,0.001956921
28143,0.0018901816
28144,0.0019269622
28145,0.0018278889
28146,0.00135505
28147,0.001958155
28148,0.0024709583
28149,0.0018812144
28150,0.0012916004
28151,0.0014062528
28152,0.0018930894
28153,0.0022039972
28154,0.0022473198
28155,0.0015086537
28156,0.0016963526
28157,0.0021026146
28158,0.0029023604
28159,0.0030877376
28160,0.003010248
28161,0.002249365
28162,0.0030846444
28163,0.003609373
28164,0.0026236465
28165,0.0013580751
28166,0.0017000202
28167,0.0021496082
28168,0.0017784019
28169,0.0013562952
28170,0.0010139921
28171,0.0011028368
28172,0.00068545766
28173,0.00051846216
28174,0.0005903791
28175,0.00059042836
28176,0.001159919
28177,0.0016313529
28178,0.001990892
28179,0.0021614763
28180,0.0021431267
28181,0.001782015
28182,0.0011224807
28183,0.0012458593
28184,0.0014378929
28185,0.0016897
28186,0.001064157
28187,0.0007932002
28188,0.000621222
28189,0.00085162633
28190,0.0011268283
28191,0.0011641766
28192,0.00087572023
28193,0.0010638287
28194,0.0018046543
28195,0.0021628896
28196,0.0021656598
28197,0.0021070116
28198,0.0019046153
28199,0.0015649374
28200,0.00089015777
28201,0.0010484243
28202,0.0013532232
28203,0.0014858135
28204,0.0012609983
28205,0.0016588803
28206,0.0015891317
28207,0.0012207031
28208,0.0010718417
28209,0.0008732241
28210,0.0017628195
28211,0.0027624203
28212,0.0032269543
28213,0.0038583924
28214,0.0033705349
28215,0.0024161583
28216,0.0030776642
28217,0.002838227
28218,0.003511337
28219,0.003230542
28220,0.0017537819
28221,0.0018987078
28222,0.0016654463
28223,0.00093003537
28224,0.0012352318
28225,0.0011866591
28226,0.00069473585
28227,0.0010782578
28228,0.001665656
28229,0.002296511
28230,0.0023728644
28231,0.0029335693
28232,0.0032695138
28233,0.0033202858
28234,0.0052535958
28235,0.004517916
28236,0.0019746576
28237,0.00303624
28238,0.006029626
28239,0.005810479
28240,0.0035937608
28241,0.0026162039
28242,0.0009625442
28243,0.0006571031
28244,0.0008653563
28245,0.0011800185
28246,0.0011173091
28247,0.0011731171
28248,0.0009130763
28249,0.0017626379
28250,0.0029023404
28251,0.005131271
28252,0.0046235453
28253,0.0027735762
28254,0.0027206682
28255,0.0024759471
28256,0.0016056387
28257,0.0034487986
28258,0.00436334
28259,0.003557483
28260,0.0033403507
28261,0.0028713397
28262,0.002581048
28263,0.003564487
28264,0.0033484872
28265,0.0015667403
28266,0.0005309423
28267,0.0005195276
28268,0.0011800185
28269,0.0017136612
28270,0.0013907279
28271,0.0012029308
28272,0.0010876638
28273,0.0010036932
28274,0.00092268374
28275,0.001545249
28276,0.0029451242
28277,0.0026056478
28278,0.0011318536
28279,0.0013647237
28280,0.0021392528
28281,0.0024575416
28282,0.0026539767
28283,0.0024864336
28284,0.0021972922
28285,0.0021051185
28286,0.0020394614
28287,0.002286414
28288,0.0015290037
28289,0.0014939203
28290,0.0018603212
28291,0.0023360653
28292,0.0022062014
28293,0.0018448312
28294,0.0022578498
28295,0.002495955
28296,0.0032902511
28297,0.003717833
28298,0.0030588545
28299,0.0025470755
28300,0.0021203952
28301,0.0014854806
28302,0.0014650623
28303,0.0018478892
28304,0.0029408322
28305,0.0
28306,0.001523512
28307,0.0013964084
28308,0.0011998784
28309,0.00091885915
28310,0.0012267678
28311,0.0013458693
28312,0.0016420754
28313,0.001992032
28314,0.0018092124
28315,0.0019802798
28316,0.0019822335
28317,0.0018532521
28318,0.0020866918
28319,0.0018454936
28320,0.0017340054
28321,0.0017510914
28322,0.0015353102
28323,0.0013414073
28324,0.0012751136
28325,0.0009483187
28326,0.0008469659
28327,0.00089706236
28328,0.0006598434
28329,0.000823798
28330,0.0008228082
28331,0.0007959839
28332,0.0007311492
28333,0.00083181396
28334,0.0009680917
28335,0.0006968273
28336,0.0009773966
28337,0.0010102252
28338,0.0010225382
28339,0.0009157498
28340,0.0009887648
28341,0.0012257709
28342,0.0012676279
28343,0.0010770154
28344,0.0011225326
28345,0.0008759196
28346,0.0012432402
28347,0.0010365874
28348,0.0008807243
28349,0.0016472603
28350,0.001879868
28351,0.002106238
28352,0.0017211684
28353,0.0011682195
28354,0.0009788546
28355,0.0009692034
28356,0.00034736792
28357,0.0015986632
28358,0.002569181
28359,0.0020932923
28360,0.0009398101
28361,0.00044669438
28362,0.0015364282
28363,0.0016245595
28364,0.0007840108
28365,0.00071051746
28366,0.0007909589
28367,0.00092580117
28368,0.00052802905
28369,0.001135704
28370,0.0011284285
28371,0.0004674522
28372,0.00049836945
28373,0.0006877466
28374,0.0008799639
28375,0.0017346599
28376,0.0020202342
28377,0.0018110132
28378,0.0014282259
28379,0.0014841869
28380,0.0017515402
28381,0.0016850602
28382,0.0014166863
28383,0.0013238264
28384,0.0013856123
28385,0.0018293214
28386,0.002365826
28387,0.0024695797
28388,0.0017669421
28389,0.0015085766
28390,0.0016885455
28391,0.0017893817
28392,0.0015543569
28393,0.0017265878
28394,0.0016531862
28395,0.0012504295
28396,0.00111104
28397,0.0010982619
28398,0.0013225066
28399,0.0014036427
28400,0.0016132697
28401,0.0017428115
28402,0.0014112524
28403,0.001057848
28404,0.001373291
28405,0.0017787946
28406,0.0015934297
28407,0.000777899
28408,0.0013192457
28409,0.0016889591
28410,0.0015975522
28411,0.0016381005
28412,0.0015421949
28413,0.0012564897
28414,0.0014538151
28415,0.0018192386
28416,0.0026961465
28417,0.0025363348
28418,0.0009828011
28419,0.0011897698
28420,0.0014066047
28421,0.0011838845
28422,0.0015858683
28423,0.001993901
28424,0.0017015773
28425,0.0010021261
28426,0.0015118911
28427,0.0014975396
28428,0.00065599487
28429,0.0012214896
28430,0.0016786228
28431,0.0012597283
28432,0.0018266944
28433,0.001743229
28434,0.0009767413
28435,0.00078271044
28436,0.0007368984
28437,0.00090529764
28438,0.0009057155
28439,0.0010139635
28440,0.0018163248
28441,0.0020230848
28442,0.0014832257
28443,0.0013834051
28444,0.001251151
28445,0.0008736906
28446,0.0009153366
28447,0.0011245272
28448,0.0011862421
28449,0.0015749665
28450,0.001711758
28451,0.0021938721
28452,0.0022087328
28453,0.0011154843
28454,0.001119703
28455,0.0011402053
28456,0.00069053395
28457,0.0007284374
28458,0.00092454284
28459,0.00078996475
28460,0.0005947993
28461,0.0008353403
28462,0.00071533455
28463,0.00065230206
28464,0.00091489137
28465,0.0013464098
28466,0.0014173846
28467,0.00125811
28468,0.0011806842
28469,0.0008975489
28470,0.00093446847
28471,0.0010873158
28472,0.0015473195
28473,0.0018569388
28474,0.0019164061
28475,0.0018626975
28476,0.0020202198
28477,0.0018450362
28478,0.0015107935
28479,0.0010422434
28480,0.0019037594
28481,0.002316448
28482,0.00166824
28483,0.0013574964
28484,0.0017458482
28485,0.0021468038
28486,0.0028325713
28487,0.0030960587
28488,0.0025658596
28489,0.0021023378
28490,0.0022007464
28491,0.0026720641
28492,0.0027716972
28493,0.0023851225
28494,0.0015717108
28495,0.002462865
28496,0.002722978
28497,0.0012960542
28498,0.0013702358
28499,0.0019395025
28500,0.0022295853
28501,0.0014815177
28502,0.00071821746
28503,0.0010310132
28504,0.0013220664
28505,0.0007968244
28506,0.0006055644
28507,0.00052968
28508,0.00089090946
28509,0.001443529
28510,0.0018211094
28511,0.0021058787
28512,0.002463184
28513,0.002033917
28514,0.0012504528
28515,0.0010066754
28516,0.0012868597
28517,0.0014394708
28518,0.0016575814
28519,0.0011440277
28520,0.0011527204
28521,0.0010325928
28522,0.0012476568
28523,0.0010424947
28524,0.00086448144
28525,0.0010225382
28526,0.0010827291
28527,0.0013666203
28528,0.0020181155
28529,0.002264427
28530,0.0023935272
28531,0.0020567975
28532,0.0016344186
28533,0.0013322417
28534,0.0012772117
28535,0.0015384916
28536,0.0016400359
28537,0.0016880456
28538,0.0022234416
28539,0.002254315
28540,0.0020711664
28541,0.0014012977
28542,0.00045591616
28543,0.0017472813
28544,0.0026568812
28545,0.0023478959
28546,0.003631688
28547,0.003667208
28548,0.002805844
28549,0.0033464876
28550,0.0035259856
28551,0.0034783513
28552,0.0028666935
28553,0.001824941
28554,0.0016496085
28555,0.0014030206
28556,0.0007676172
28557,0.0010929757
28558,0.0010456446
28559,0.00075051683
28560,0.0011329073
28561,0.0014119121
28562,0.0013415591
28563,0.0013465179
28564,0.0023526757
28565,0.0029674717
28566,0.0035537505
28567,0.005192379
28568,0.0042068553
28569,0.0025318097
28570,0.004593751
28571,0.0061177756
28572,0.0049630078
28573,0.0025885694
28574,0.0016994551
28575,0.0014591304
28576,0.0013510708
28577,0.0012430529
28578,0.0015988816
28579,0.0015924065
28580,0.0016290678
28581,0.0015326161
28582,0.0019508736
28583,0.0027161073
28584,0.0035282548
28585,0.0032888355
28586,0.0014070597
28587,0.0015662758
28588,0.0011439513
28589,0.0011349606
28590,0.0030352145
28591,0.0040186564
28592,0.0040898607
28593,0.004439521
28594,0.003282316
28595,0.0020132496
28596,0.002606608
28597,0.0027684085
28598,0.002383853
28599,0.0014134573
28600,0.00095903035
28601,0.0012882611
28602,0.0017957462
28603,0.0012350196
28604,0.0014307708
28605,0.0012970195
28606,0.0012143686
28607,0.0017036457
28608,0.00261666
28609,0.0030307716
28610,0.0021701436
28611,0.00070207013
28612,0.001606907
28613,0.002049895
28614,0.0028555754
28615,0.0033883876
28616,0.0024591517
28617,0.0017267563
28618,0.0018016521
28619,0.0020442079
28620,0.00244261
28621,0.0016341871
28622,0.0008614124
28623,0.0016653939
28624,0.0024534287
28625,0.0027128586
28626,0.002027238
28627,0.0015753915
28628,0.0019488885
28629,0.0032170543
28630,0.003902963
28631,0.0033734867
28632,0.0028575927
28633,0.0025802697
28634,0.0018410884
28635,0.0012926365
28636,0.0016250431
28637,0.0031373699
28638,0.0
28639,0.002161665
28640,0.0016210983
28641,0.0011159538
28642,0.0009049118
28643,0.0012390662
28644,0.0014522929
28645,0.002202227
28646,0.0025188443
28647,0.0023646078
28648,0.002048915
28649,0.002044322
28650,0.0019109311
28651,0.0021735742
28652,0.0018188227
28653,0.0015827271
28654,0.0018819105
28655,0.0016369275
28656,0.0015365419
28657,0.0015488423
28658,0.0012438721
28659,0.0013306898
28660,0.0014012355
28661,0.0012258897
28662,0.0011806596
28663,0.0012731492
28664,0.0012637419
28665,0.0011981551
28666,0.0010849579
28667,0.0011265699
28668,0.00093869463
28669,0.0012905183
28670,0.0010292899
28671,0.0011497374
28672,0.0012709069
28673,0.0014305267
28674,0.0010968035
28675,0.0009062295
28676,0.0006990791
28677,0.00093397003
28678,0.0011962103
28679,0.0018516338
28680,0.0017052849
28681,0.0014938815
28682,0.0015920044
28683,0.0017378113
28684,0.00163253
28685,0.0015365608
28686,0.001477938
28687,0.0017341061
28688,0.0012678806
28689,0.00041808805
28690,0.0017791872
28691,0.0025813638
28692,0.0016968157
28693,0.00068401254
28694,0.0007855313
28695,0.0013879628
28696,0.0014062943
28697,0.00093884964
28698,0.0007651107
28699,0.00082792115
28700,0.0008027196
28701,0.0006731617
28702,0.0011050777
28703,0.0010944658
28704,0.0005583028
28705,0.0005667875
28706,0.0007227417
28707,0.0014746457
28708,0.0021313885
28709,0.0018750469
28710,0.0011841302
28711,0.00095909106
28712,0.0013199294
28713,0.0021064314
28714,0.0021732394
28715,0.0019765287
28716,0.0015133534
28717,0.0011150929
28718,0.0011897698
28719,0.0018349289
28720,0.0018620256
28721,0.0016639428
28722,0.0014842261
28723,0.0018736805
28724,0.002027884
28725,0.0017458815
28726,0.0023414288
28727,0.002160035
28728,0.0018690771
28729,0.001280966
28730,0.0008511478
28731,0.0008984564
28732,0.0009559604
28733,0.00095981907
28734,0.00092969113
28735,0.0006115425
28736,0.0013492601
28737,0.0020495115
28738,0.002230551
28739,0.0020078793
28740,0.0013848139
28741,0.0015085379
28742,0.0017898859
28743,0.0018758073
28744,0.002238158
28745,0.0025558928
28746,0.002350547
28747,0.0019176358
28748,0.0020035696
28749,0.0023750712
28750,0.0022916903
28751,0.0010330155
28752,0.0011129767
28753,0.0015748742
28754,0.0011989806
28755,0.00093586894
28756,0.0013116125
28757,0.0010228512
28758,0.00090333447
28759,0.0016069614
28760,0.0015512832
28761,0.0009786761
28762,0.0009188275
28763,0.0017414918
28764,0.0015638397
28765,0.0015142378
28766,0.0015984447
28767,0.0009858761
28768,0.00070710946
28769,0.00058428413
28770,0.00078941195
28771,0.0006448982
28772,0.0007249531
28773,0.0014784893
28774,0.0015429873
28775,0.0014839711
28776,0.0016725436
28777,0.0017014918
28778,0.0012142967
28779,0.0011083911
28780,0.0011215729
28781,0.00067609525
28782,0.0012199399
28783,0.0015968052
28784,0.002458264
28785,0.0026492572
28786,0.001870867
28787,0.0015080555
28788,0.0013744773
28789,0.00095080136
28790,0.00084086176
28791,0.00069301616
28792,0.0006238401
28793,0.0005653479
28794,0.0007497797
28795,0.000660108
28796,0.000480894
28797,0.00072891667
28798,0.0011885951
28799,0.0013449391
28800,0.0014500667
28801,0.0012097824
28802,0.0009765625
28803,0.0011143357
28804,0.0015262222
28805,0.0018365618
28806,0.0017481971
28807,0.0017498612
28808,0.0016784321
28809,0.0019952727
28810,0.001797771
28811,0.0013738843
28812,0.0014378726
28813,0.0023510794
28814,0.0024320902
28815,0.0013085913
28816,0.0012226566
28817,0.0014200105
28818,0.0015514895
28819,0.0021202855
28820,0.002568116
28821,0.002377337
28822,0.0019005004
28823,0.0018058956
28824,0.002084431
28825,0.0027910552
28826,0.0026647893
28827,0.0017180034
28828,0.00196295
28829,0.0021535174
28830,0.0011743569
28831,0.0013822897
28832,0.0020163264
28833,0.0019686203
28834,0.001266962
28835,0.00080860785
28836,0.00087165623
28837,0.0012367858
28838,0.00092104205
28839,0.00073946116
28840,0.0011169704
28841,0.0014620197
28842,0.0015407978
28843,0.001782668
28844,0.0017453647
28845,0.0021363532
28846,0.0016255087
28847,0.0010835889
28848,0.0015548998
28849,0.0017715645
28850,0.0017025179
28851,0.002100842
28852,0.0018697465
28853,0.0018728571
28854,0.0016843519
28855,0.0018877934
28856,0.0016325122
28857,0.0013380835
28858,0.0012103355
28859,0.0011957479
28860,0.0014609842
28861,0.0015839953
28862,0.0018579887
28863,0.0017432958
28864,0.00200232
28865,0.001961541
28866,0.0023837555
28867,0.0016257593
28868,0.00095471134
28869,0.0011997572
28870,0.0015664059
28871,0.0015743196
28872,0.0016573356
28873,0.0020833137
28874,0.0017045679
28875,0.0007958742
28876,0.0017205934
28877,0.0023416276
28878,0.0019232279
28879,0.0026739368
28880,0.00290743
28881,0.002669645
28882,0.0027398344
28883,0.003390706
28884,0.0030152039
28885,0.0017127099
28886,0.0016698093
28887,0.0018982786
28888,0.0015074379
28889,0.001032621
28890,0.0012084586
28891,0.0010536577
28892,0.00073800347
28893,0.0011335494
28894,0.0012766419
28895,0.0007922457
28896,0.0007466289
28897,0.0013511785
28898,0.0019192136
28899,0.0032337115
28900,0.0042433497
28901,0.003071284
28902,0.002393661
28903,0.005160393
28904,0.006164716
28905,0.0041205655
28906,0.0018706025
28907,0.0013037338
28908,0.0017203565
28909,0.0018501715
28910,0.0017311162
28911,0.0018362766
28912,0.0017743387
28913,0.001435604
28914,0.0016739524
28915,0.0020010986
28916,0.0032321
28917,0.0027084243
28918,0.002390656
28919,0.0011984708
28920,0.0013347734
28921,0.0010073401
28922,0.0010842602
28923,0.0022362587
28924,0.0035170184
28925,0.004255
28926,0.0048161848
28927,0.0034518943
28928,0.0019313372
28929,0.0020193986
28930,0.0026449803
28931,0.002744865
28932,0.0023085948
28933,0.0019300106
28934,0.001312522
28935,0.001448862
28936,0.0010650045
28937,0.0009886766
28938,0.0011016751
28939,0.0014358878
28940,0.0023506708
28941,0.0029328945
28942,0.0021973716
28943,0.0010935348
28944,0.0009454602
28945,0.0016791256
28946,0.0016545411
28947,0.0026119063
28948,0.0036821768
28949,0.0024922208
28950,0.0014997729
28951,0.0016253296
28952,0.0017064109
28953,0.002008604
28954,0.0017564849
28955,0.0010061259
28956,0.0011648014
28957,0.001561083
28958,0.0020391904
28959,0.0015751143
28960,0.0012603982
28961,0.0012287352
28962,0.0031528606
28963,0.0043594227
28964,0.004160364
28965,0.0035851093
28966,0.0027296818
28967,0.001973552
28968,0.0013144497
28969,0.0017720901
28970,0.0025073793
28971,0.0
28972,0.0024420738
28973,0.0017368732
28974,0.0012004605
28975,0.0008296769
28976,0.0013008285
28977,0.0036790378
28978,0.004687094
28979,0.005152559
28980,0.00491841
28981,0.0041068825
28982,0.0031021722
28983,0.0018974352
28984,0.0018516809
28985,0.0016524817
28986,0.001625831
28987,0.002053172
28988,0.0015742827
28989,0.0013452637
28990,0.001561083
28991,0.001590651
28992,0.001750892
28993,0.0018002946
28994,0.0012932668
28995,0.0011158234
28996,0.001266962
28997,0.0013757683
28998,0.0012365269
28999,0.0009151776
29000,0.0011091261
29001,0.0013770793
29002,0.0019287888
29003,0.0017866147
29004,0.0018684386
29005,0.0020067482
29006,0.0017414083
29007,0.0013188706
29008,0.00085049786
29009,0.00090565125
29010,0.0012937842
29011,0.0017376773
29012,0.0018922283
29013,0.00163465
29014,0.0012551455
29015,0.0012797613
29016,0.0013593603
29017,0.0011044717
29018,0.0011384939
29019,0.0015147951
29020,0.0019687533
29021,0.0013529651
29022,0.0003860956
29023,0.0017176138
29024,0.0022563797
29025,0.0015926259
29026,0.0011177259
29027,0.0010762315
29028,0.0012942341
29029,0.0011681448
29030,0.0009600313
29031,0.0010891077
29032,0.0012087957
29033,0.0010689868
29034,0.0011166317
29035,0.0012113451
29036,0.0012118495
29037,0.0009909113
29038,0.00084820203
29039,0.00090536196
29040,0.0016721433
29041,0.0022544959
29042,0.0017892191
29043,0.0011780438
29044,0.0018160202
29045,0.002264067
29046,0.0030103545
29047,0.0029326563
29048,0.0020621393
29049,0.0012548208
29050,0.0009910874
29051,0.0011474062
29052,0.0015155443
29053,0.001674248
29054,0.0017731901
29055,0.0016211701
29056,0.0017579257
29057,0.0019039123
29058,0.0017225882
29059,0.0024556105
29060,0.0024082072
29061,0.002304494
29062,0.0015129495
29063,0.0012477967
29064,0.0010639381
29065,0.000871055
29066,0.00042881
29067,0.00069594965
29068,0.0008702862
29069,0.0018292418
29070,0.002387391
29071,0.0020697606
29072,0.0019448223
29073,0.0015490302
29074,0.00137204
29075,0.0016895449
29076,0.0018019106
29077,0.0020573777
29078,0.002914219
29079,0.0032197582
29080,0.0031827837
29081,0.002705274
29082,0.002273393
29083,0.00195314
29084,0.0010415171
29085,0.0009919386
29086,0.00172105
29087,0.0015709514
29088,0.0011719257
29089,0.0012427017
29090,0.0011112757
29091,0.0011076294
29092,0.0021838201
29093,0.0024130605
29094,0.0016402666
29095,0.0013412337
29096,0.0018498095
29097,0.0018291145
29098,0.001411706
29099,0.0015685597
29100,0.0012972214
29101,0.0011747781
29102,0.0011146491
29103,0.0012465132
29104,0.000794117
29105,0.0011497374
29106,0.0013940096
29107,0.0012036322
29108,0.001221442
29109,0.0014724731
29110,0.0017761585
29111,0.0015008592
29112,0.0010920966
29113,0.00092381856
29114,0.0007470186
29115,0.0010576003
29116,0.0015583587
29117,0.0021178408
29118,0.0026245117
29119,0.0021358898
29120,0.0014089614
29121,0.0013498855
29122,0.0009359
29123,0.0008133092
29124,0.0006591373
29125,0.0007587317
29126,0.00071059936
29127,0.00090821844
29128,0.0006561723
29129,0.00048666928
29130,0.0008771481
29131,0.0014225087
29132,0.001490058
29133,0.0011720498
29134,0.0010641023
29135,0.0011680451
29136,0.0014480985
29137,0.0016808925
29138,0.0014803582
29139,0.0010062128
29140,0.0014939203
29141,0.0018809978
29142,0.0019176207
29143,0.0016477726
29144,0.0011612981
29145,0.0015201269
29146,0.0024897088
29147,0.0022390161
29148,0.00079025945
29149,0.0009427166
29150,0.0009948391
29151,0.0009563257
29152,0.00067845866
29153,0.0012061443
29154,0.0012693717
29155,0.0014276145
29156,0.0014842065
29157,0.0019159049
29158,0.002770069
29159,0.0027152072
29160,0.0018398708
29161,0.0015527833
29162,0.0017442304
29163,0.001119911
29164,0.0010978644
29165,0.0016730481
29166,0.0016955461
29167,0.0012912623
29168,0.0011471271
29169,0.0012668701
29170,0.0012388548
29171,0.0008629314
29172,0.00111028
29173,0.0015839218
29174,0.0018841979
29175,0.0013511354
29176,0.0012950659
29177,0.0014314216
29178,0.0017733871
29179,0.001489218
29180,0.0015798558
29181,0.001823138
29182,0.0018215249
29183,0.0015868957
29184,0.0018987538
29185,0.0019122557
29186,0.001750626
29187,0.001830546
29188,0.0021936863
29189,0.0022224337
29190,0.0020383052
29191,0.001808778
29192,0.0014571744
29193,0.0017226896
29194,0.0012688442
29195,0.0006099223
29196,0.001064485
29197,0.0016114466
29198,0.0017315532
29199,0.002854403
29200,0.002181393
29201,0.0010078601
29202,0.0007279578
29203,0.0013995521
29204,0.0018399657
29205,0.0019306891
29206,0.0024248275
29207,0.0019045696
29208,0.0008848453
29209,0.001326001
29210,0.0020407597
29211,0.0020519241
29212,0.0018875467
29213,0.001845872
29214,0.0019855637
29215,0.0026819247
29216,0.0031136717
29217,0.0023628594
29218,0.0014740733
29219,0.0015777728
29220,0.0018290508
29221,0.0011956262
29222,0.0007975181
29223,0.00086198654
29224,0.0006605047
29225,0.0007583864
29226,0.001038607
29227,0.0009562039
29228,0.001030618
29229,0.0020332444
29230,0.0039380905
29231,0.0046917303
29232,0.0046591493
29233,0.0037764038
29234,0.0018608843
29235,0.0017062575
29236,0.0053010294
29237,0.005515915
29238,0.0022896193
29239,0.001364489
29240,0.00077158795
29241,0.0009637227
29242,0.0010539064
29243,0.00095440645
29244,0.0010691229
29245,0.0009900884
29246,0.0012327081
29247,0.0016973303
29248,0.002018447
29249,0.0037789
29250,0.0030903097
29251,0.0021127777
29252,0.0013084356
29253,0.0012097342
29254,0.001187272
29255,0.00087827555
29256,0.0017224868
29257,0.0039579426
29258,0.0045949547
29259,0.00444564
29260,0.003403283
29261,0.0018071844
29262,0.00120776
29263,0.0017919822
29264,0.0019271283
29265,0.0019401027
29266,0.001848267
29267,0.0012324248
29268,0.0014138691
29269,0.0011877377
29270,0.00071874406
29271,0.000886751
29272,0.0015761672
29273,0.002650641
29274,0.0030230123
29275,0.0016269404
29276,0.00081737846
29277,0.0012670768
29278,0.001886282
29279,0.0016890969
29280,0.0025234388
29281,0.0037761803
29282,0.002772453
29283,0.0012060236
29284,0.0014965481
29285,0.0015246577
29286,0.0015771824
29287,0.0019765876
29288,0.001582396
29289,0.0006728157
29290,0.0012731492
29291,0.0014802992
29292,0.0010944924
29293,0.0013007615
29294,0.001017974
29295,0.0022446243
29296,0.0033973171
29297,0.004230745
29298,0.0042564226
29299,0.0035767867
29300,0.0026966105
29301,0.0015373182
29302,0.0019596408
29303,0.0024985073
29304,0.0
29305,0.002012628
29306,0.0022048554
29307,0.0020631975
29308,0.0032957483
29309,0.004067283
29310,0.0052390615
29311,0.0051518474
29312,0.0047337
29313,0.004621039
29314,0.004860158
29315,0.0048559583
29316,0.004138354
29317,0.0029704026
29318,0.0015735615
29319,0.0013850031
29320,0.0020758123
29321,0.0018355156
29322,0.0014518319
29323,0.0011838845
29324,0.0011183505
29325,0.0012325664
29326,0.001339627
29327,0.0010193168
29328,0.00090885913
29329,0.0010009056
29330,0.0010431366
29331,0.0009323482
29332,0.00067682663
29333,0.0012433338
29334,0.0015902302
29335,0.0018315474
29336,0.0020442365
29337,0.0019668604
29338,0.0016717081
29339,0.0015338688
29340,0.0014702182
29341,0.0012903154
29342,0.0011035227
29343,0.0015864004
29344,0.0016326904
29345,0.0013570031
29346,0.0010377939
29347,0.0006282564
29348,0.0004476056
29349,0.0005617328
29350,0.00068333145
29351,0.00074083736
29352,0.0012337937
29353,0.0019014496
29354,0.0015539074
29355,0.0010202872
29356,0.0016567736
29357,0.002004804
29358,0.0016283888
29359,0.0013699385
29360,0.0010941201
29361,0.0010743098
29362,0.0008921173
29363,0.0008572466
29364,0.0010473967
29365,0.00092331436
29366,0.0010880115
29367,0.001395658
29368,0.0014569147
29369,0.0012425845
29370,0.0009760259
29371,0.0008523096
29372,0.0012360326
29373,0.0017016971
29374,0.0018069589
29375,0.0017600602
29376,0.0019573523
29377,0.0024732656
29378,0.002772306
29379,0.0030856633
29380,0.0025547652
29381,0.0015017316
29382,0.0013738207
29383,0.0012932668
29384,0.0010869411
29385,0.0011616991
29386,0.0016506314
29387,0.0018106757
29388,0.0019080046
29389,0.0019585267
29390,0.0018599769
29391,0.0013941348
29392,0.0016928834
29393,0.0019666383
29394,0.0020292755
29395,0.001632423
29396,0.0014150625
29397,0.0013068777
29398,0.0012355616
29399,0.0012261745
29400,0.0011963806
29401,0.0010776907
29402,0.0020792026
29403,0.0026844847
29404,0.002178122
29405,0.0018976652
29406,0.0011571305
29407,0.0010847432
29408,0.0012029308
29409,0.0011210538
29410,0.0016560357
29411,0.0025764771
29412,0.0032229202
29413,0.0032775332
29414,0.0025234618
29415,0.0016784668
29416,0.0011173873
29417,0.00080170383
29418,0.0011890113
29419,0.0016665818
29420,0.0015450795
29421,0.0011276286
29422,0.0010237044
29423,0.0011469495
29424,0.0009483187
29425,0.0030694827
29426,0.003530679
29427,0.0019818959
29428,0.001325013
29429,0.0014558156
29430,0.001622193
29431,0.0014694063
29432,0.0016244878
29433,0.0012831
29434,0.00093956233
29435,0.0010768533
29436,0.0011420161
29437,0.0011524932
29438,0.0013606871
29439,0.0011969885
29440,0.00078741857
29441,0.0010883325
29442,0.001524944
29443,0.0018473378
29444,0.0016472073
29445,0.0012957174
29446,0.0010630898
29447,0.0013160208
29448,0.0011938723
29449,0.0014969953
29450,0.0018694819
29451,0.002544526
29452,0.0021889715
29453,0.0014950888
29454,0.0012182689
29455,0.0009812006
29456,0.0010026487
29457,0.0007799167
29458,0.0010572149
29459,0.0010707007
29460,0.0012803297
29461,0.001100565
29462,0.00064404024
29463,0.0013677485
29464,0.0018951177
29465,0.0018944264
29466,0.001630889
29467,0.0010767722
29468,0.0009723214
29469,0.0011558974
29470,0.0012413426
29471,0.0007575416
29472,0.00064009667
29473,0.001394114
29474,0.0024447537
29475,0.0021307194
29476,0.001148547
29477,0.0009108104
29478,0.001391272
29479,0.0024831188
29480,0.0023863667
29481,0.0009282186
29482,0.0009942246
29483,0.001057848
29484,0.00093788817
29485,0.00071354216
29486,0.0006611213
29487,0.00051207957
29488,0.00078752945
29489,0.00073824
29490,0.0012453686
29491,0.0020171201
29492,0.0024780622
29493,0.0019676
29494,0.0013553937
29495,0.0015677616
29496,0.0009868792
29497,0.0006237934
29498,0.0012328262
29499,0.0017184099
29500,0.0019173019
29501,0.0017301913
29502,0.0014474954
29503,0.0011082861
29504,0.0010583431
29505,0.0015816969
29506,0.0021249335
29507,0.0023122479
29508,0.001750227
29509,0.0017074681
29510,0.0014577735
29511,0.0011411493
29512,0.0010385789
29513,0.0013750913
29514,0.0014221404
29515,0.0012067474
29516,0.0010803341
29517,0.0013737995
29518,0.0015016153
29519,0.001001051
29520,0.000873624
29521,0.0011851866
29522,0.0018677998
29523,0.0024792599
29524,0.0024044216
29525,0.002232025
29526,0.0029450154
29527,0.0025472925
29528,0.0013004257
29529,0.00088547
29530,0.0008306936
29531,0.0013820159
29532,0.0034887278
29533,0.0031884662
29534,0.0015346087
29535,0.0012558178
29536,0.001976499
29537,0.0021984177
29538,0.0018224674
29539,0.0022193277
29540,0.0017249014
29541,0.0006579883
29542,0.0012257947
29543,0.0020589756
29544,0.0018889493
29545,0.0010381305
29546,0.00077211583
29547,0.001306499
29548,0.002657648
29549,0.0029930086
29550,0.002258378
29551,0.0013244858
29552,0.0011643016
29553,0.0015621453
29554,0.0014006746
29555,0.0013907907
29556,0.0011974261
29557,0.0007213309
29558,0.00091759133
29559,0.001000062
29560,0.0009572078
29561,0.0014260438
29562,0.0035591433
29563,0.0049076523
29564,0.005103352
29565,0.004127869
29566,0.0028566555
29567,0.0016215111
29568,0.004361038
29569,0.0060792393
29570,0.005244353
29571,0.002227156
29572,0.0013563167
29573,0.0013428167
29574,0.0010715158
29575,0.00078497536
29576,0.00072278193
29577,0.0011179602
29578,0.0014336564
29579,0.0018115435
29580,0.0016030446
29581,0.0023033444
29582,0.004189906
29583,0.003295501
29584,0.0015879774
29585,0.001498103
29586,0.001296638
29587,0.002011384
29588,0.0021414284
29589,0.0032896053
29590,0.0044791237
29591,0.004178527
29592,0.0038770013
29593,0.0032981494
29594,0.0017548768
29595,0.0012401933
29596,0.0013804566
29597,0.0011154321
29598,0.0009723513
29599,0.0009292841
29600,0.0007820036
29601,0.0011422455
29602,0.0011162406
29603,0.00085534324
29604,0.0011346015
29605,0.0015978437
29606,0.002349098
29607,0.0026897376
29608,0.0015947443
29609,0.0010297422
29610,0.001387019
29611,0.0019118903
29612,0.0018454936
29613,0.00303273
29614,0.003792262
29615,0.0025389725
29616,0.0012754331
29617,0.0015260505
29618,0.0016994551
29619,0.0016717778
29620,0.0021127362
29621,0.0017818189
29622,0.00092617836
29623,0.0012463265
29624,0.0012646627
29625,0.0012759806
29626,0.0014890616
29627,0.00097614515
29628,0.001568634
29629,0.0026326166
29630,0.0041655377
29631,0.004851641
29632,0.0046852124
29633,0.0033868325
29634,0.0020847241
29635,0.002696643
29636,0.0028633515
29637,0.0
29638,0.0028753204
29639,0.0029505445
29640,0.0035398994
29641,0.0045754556
29642,0.005055227
29643,0.004635898
29644,0.003740606
29645,0.0018534091
29646,0.002098014
29647,0.0031115867
29648,0.00400219
29649,0.0042474973
29650,0.0034733275
29651,0.0021521656
29652,0.0018969903
29653,0.0019055778
29654,0.0017709236
29655,0.0013150474
29656,0.00084227964
29657,0.0008576539
29658,0.0011932871
29659,0.0013046265
29660,0.0010407903
29661,0.0011294854
29662,0.0012736062
29663,0.0011371381
29664,0.0010164003
29665,0.0008798316
29666,0.0014200719
29667,0.001811913
29668,0.0017932486
29669,0.0018693418
29670,0.0013068554
29671,0.00071643223
29672,0.0013953869
29673,0.0015700804
29674,0.0012015025
29675,0.00094265485
29676,0.0014371641
29677,0.001431442
29678,0.0010756905
29679,0.0011733156
29680,0.0013501873
29681,0.001030985
29682,0.000611114
29683,0.00068392744
29684,0.00078256166
29685,0.0012702885
29686,0.0018419577
29687,0.0018516809
29688,0.0016796974
29689,0.0017993406
29690,0.001593448
29691,0.0014142601
29692,0.0016145861
29693,0.0011976692
29694,0.00083258335
29695,0.0006277003
29696,0.00098499
29697,0.0009714529
29698,0.00080035947
29699,0.0012108645
29700,0.0017794489
29701,0.0017187317
29702,0.0012291615
29703,0.0007203215
29704,0.0008955362
29705,0.0017652448
29706,0.0015319893
29707,0.0011510781
29708,0.0013590391
29709,0.0017489961
29710,0.002404349
29711,0.0024972258
29712,0.0018320875
29713,0.0013858014
29714,0.0015985903
29715,0.0014518119
29716,0.0011748772
29717,0.0011448923
29718,0.0011143357
29719,0.0013705544
29720,0.0018989531
29721,0.001978177
29722,0.0017671068
29723,0.0013488502
29724,0.001069259
29725,0.0011536794
29726,0.0016209905
29727,0.0016116995
29728,0.0013291579
29729,0.0014130867
29730,0.001563784
29731,0.0015722477
29732,0.0016864932
29733,0.0014406026
29734,0.0010579029
29735,0.0017945627
29736,0.0025443772
29737,0.0025094561
29738,0.0026788302
29739,0.0018008604
29740,0.0014107161
29741,0.0010971217
29742,0.0009791221
29743,0.0014776032
29744,0.0015451737
29745,0.0015371289
29746,0.0016311388
29747,0.0014245532
29748,0.0007088771
29749,0.00067047577
29750,0.0008026108
29751,0.0011860213
29752,0.001361863
29753,0.0013566171
29754,0.0012721658
29755,0.0010777178
29756,0.0010885731
29757,0.0027817802
29758,0.0044776746
29759,0.0041483496
29760,0.0016535909
29761,0.0009288142
29762,0.0010698033
29763,0.0012508485
29764,0.0014327832
29765,0.0014991906
29766,0.0009341258
29767,0.00072382815
29768,0.00088230905
29769,0.00097533985
29770,0.0010822989
29771,0.0009718723
29772,0.0009134906
29773,0.0007523372
29774,0.0010827022
29775,0.0016613171
29776,0.0019199414
29777,0.0015620894
29778,0.0013156006
29779,0.0012079285
29780,0.0012180299
29781,0.0011437223
29782,0.0012815794
29783,0.0016443249
29784,0.0023594943
29785,0.0021871626
29786,0.001785751
29787,0.0016718474
29788,0.0014928485
29789,0.0014357256
29790,0.0012005817
29791,0.0013238044
29792,0.0011447397
29793,0.0014072253
29794,0.0014719988
29795,0.0015663874
29796,0.0022126164
29797,0.0021031406
29798,0.0013814683
29799,0.001040986
29800,0.0008495392
29801,0.0008819131
29802,0.0014851474
29803,0.0014609046
29804,0.00075969007
29805,0.00067536306
29806,0.0014777214
29807,0.002971774
29808,0.002262807
29809,0.00083888654
29810,0.001181325
29811,0.0017225207
29812,0.0026683365
29813,0.0024835642
29814,0.0011169704
29815,0.0011312105
29816,0.0009983727
29817,0.0008996865
29818,0.0007160665
29819,0.00074146566
29820,0.000664108
29821,0.0008456247
29822,0.0005225996
29823,0.001021057
29824,0.0018524195
29825,0.001974982
29826,0.0013863053
29827,0.00084792747
29828,0.0013532232
29829,0.0014557757
29830,0.0012438253
29831,0.0013886965
29832,0.0018671764
29833,0.0026283679
29834,0.002311782
29835,0.0011023881
29836,0.0010671066
29837,0.0019387371
29838,0.0022706392
29839,0.0022613273
29840,0.002372116
29841,0.002157433
29842,0.0017859791
29843,0.001325013
29844,0.0009057155
29845,0.0012210369
29846,0.001593941
29847,0.0013584179
29848,0.0010546241
29849,0.000962907
29850,0.001269578
29851,0.0015642492
29852,0.0013577965
29853,0.000845005
29854,0.0008010138
29855,0.0014044925
29856,0.00249775
29857,0.0028191104
29858,0.0024695562
29859,0.0030892454
29860,0.0031528235
29861,0.0023937705
29862,0.00084909366
29863,0.0007747499
29864,0.0015811081
29865,0.003951982
29866,0.0034217304
29867,0.00095321645
29868,0.0013507692
29869,0.0018371481
29870,0.0022841215
29871,0.00264718
29872,0.0025920637
29873,0.0017647005
29874,0.00092671235
29875,0.0019869118
29876,0.0025644754
29877,0.0017294678
29878,0.00095343014
29879,0.0009857579
29880,0.0015699136
29881,0.0027139205
29882,0.002536048
29883,0.0012148478
29884,0.001006502
29885,0.0007363057
29886,0.0011271898
29887,0.0014104067
29888,0.0016120245
29889,0.0012472601
29890,0.0010024165
29891,0.001072466
29892,0.0008859301
29893,0.0011576837
29894,0.0016086447
29895,0.0037630245
29896,0.004260619
29897,0.002951363
29898,0.0013265716
29899,0.0015284326
29900,0.002462995
29901,0.0058376836
29902,0.006457565
29903,0.0047974093
29904,0.002050917
29905,0.0018101452
29906,0.0014704161
29907,0.00093431276
29908,0.00050417543
29909,0.00033647273
29910,0.0013424049
29911,0.0016646947
29912,0.0014339609
29913,0.001665324
29914,0.002711324
29915,0.004359436
29916,0.0035916949
29917,0.0017522877
29918,0.0015591616
29919,0.0015774408
29920,0.0027087359
29921,0.0035274462
29922,0.00433902
29923,0.004723113
29924,0.0036560565
29925,0.0032457493
29926,0.003354401
29927,0.002229272
29928,0.0016663023
29929,0.0013936964
29930,0.0011165534
29931,0.00078815746
29932,0.0006133957
29933,0.00076453993
29934,0.00093853957
29935,0.00088438473
29936,0.000731746
29937,0.0013164188
29938,0.0017077748
29939,0.0018132938
29940,0.0019867653
29941,0.0014639494
29942,0.000819441
29943,0.000680258
29944,0.0013492816
29945,0.0017152738
29946,0.0037946634
29947,0.0041049616
29948,0.0020784184
29949,0.0011525942
29950,0.001360195
29951,0.001460247
29952,0.0016549632
29953,0.0020662001
29954,0.0015777175
29955,0.001283372
29956,0.0015871158
29957,0.0014805744
29958,0.0012357736
29959,0.0012490323
29960,0.00092834403
29961,0.0015253448
29962,0.002411444
29963,0.003607994
29964,0.004876198
29965,0.0051335166
29966,0.0041010035
29967,0.0031122507
29968,0.0035203353
29969,0.003282041
29970,0.0
29971,0.003929153
29972,0.0036785868
29973,0.0038153152
29974,0.0035006537
29975,0.0035281887
29976,0.0018677219
29977,0.0020130472
29978,0.0018617598
29979,0.00197063
29980,0.0018762416
29981,0.0014508694
29982,0.002156529
29983,0.0024109974
29984,0.0020249109
29985,0.0021417546
29986,0.0016229105
29987,0.0014780167
29988,0.0011774013
29989,0.00090574764
29990,0.0011166838
29991,0.0011323163
29992,0.0009831267
29993,0.0007989401
29994,0.0009612129
29995,0.0010419083
29996,0.0009723214
29997,0.0011637765
29998,0.0012633043
29999,0.0013043587
30000,0.0016244878
30001,0.0017164273
30002,0.0017638593
30003,0.0015537015
30004,0.0013693222
30005,0.0018044446
30006,0.0018187587
30007,0.0014305267
30008,0.001053713
30009,0.0014983944
30010,0.0015800401
30011,0.0014526536
30012,0.0015871892
30013,0.0017457815
30014,0.0010432762
30015,0.0005754
30016,0.00067888753
30017,0.00087008555
30018,0.001241155
30019,0.0015608779
30020,0.0018626038
30021,0.0015969874
30022,0.0014881231
30023,0.0010421317
30024,0.001310125
30025,0.0015336791
30026,0.0010349858
30027,0.00075696514
30028,0.0006853303
30029,0.00087325746
30030,0.0009622115
30031,0.0009960086
30032,0.0010927627
30033,0.0019054404
30034,0.0021680237
30035,0.0016174136
30036,0.0012318578
30037,0.0016216906
30038,0.0021287652
30039,0.0014730659
30040,0.00089878024
30041,0.00076370203
30042,0.0014855785
30043,0.0019760868
30044,0.0018655703
30045,0.001119911
30046,0.0014532144
30047,0.0018388424
30048,0.0013334209
30049,0.001411603
30050,0.0012861358
30051,0.0012484497
30052,0.0011775495
30053,0.0013532232
30054,0.0013713824
30055,0.0011150145
30056,0.0010407903
30057,0.001596003
30058,0.0014234291
30059,0.0014925755
30060,0.0012080731
30061,0.0008665662
30062,0.00096752035
30063,0.00082492776
30064,0.00095156627
30065,0.0011558974
30066,0.0012328497
30067,0.0013437051
30068,0.0016173417
30069,0.0021492424
30070,0.002457648
30071,0.0026973984
30072,0.0021117718
30073,0.0015725069
30074,0.0011465942
30075,0.0013975751
30076,0.001746998
30077,0.0014808888
30078,0.0010485353
30079,0.0013424483
30080,0.0017146629
30081,0.0013269664
30082,0.0013562738
30083,0.0012741089
30084,0.0011676713
30085,0.0010314083
30086,0.0010199163
30087,0.0011800432
30088,0.0014264723
30089,0.0013093028
30090,0.0038362732
30091,0.0048837424
30092,0.0035660218
30093,0.0012517788
30094,0.0010373171
30095,0.000699412
30096,0.0010680335
30097,0.0012981858
30098,0.0011316736
30099,0.0008429704
30100,0.000691208
30101,0.0009016253
30102,0.0010581505
30103,0.0009658042
30104,0.0008351313
30105,0.0007487309
30106,0.00079158414
30107,0.0012892999
30108,0.0016309248
30109,0.0015173483
30110,0.00087402365
30111,0.00082901015
30112,0.0012108645
30113,0.0011840073
30114,0.0012142248
30115,0.0010265434
30116,0.0014861465
30117,0.0017260314
30118,0.0017752898
30119,0.0018283665
30120,0.001856202
30121,0.0015283184
30122,0.0013583322
30123,0.0016041335
30124,0.0020050071
30125,0.0012015752
30126,0.0012302739
30127,0.0015134304
30128,0.002218226
30129,0.0026212716
30130,0.0022626012
30131,0.0016451388
30132,0.0012538232
30133,0.0011667238
30134,0.0005945546
30135,0.0013362553
30136,0.0013040017
30137,0.0009817937
30138,0.0012515463
30139,0.001704141
30140,0.002745045
30141,0.0021230702
30142,0.0010815726
30143,0.0015937766
30144,0.0018468336
30145,0.0027980122
30146,0.002395326
30147,0.0009607586
30148,0.00082679547
30149,0.00073098997
30150,0.0006412777
30151,0.00071991736
30152,0.00085401523
30153,0.00092205266
30154,0.0010498391
30155,0.000608202
30156,0.00145931
30157,0.0026040052
30158,0.0026084497
30159,0.0019957977
30160,0.0016067077
30161,0.0017721886
30162,0.0019662092
30163,0.0018851862
30164,0.001501906
30165,0.0017282725
30166,0.0029112315
30167,0.0025980189
30168,0.0011621248
30169,0.0020687901
30170,0.0025863873
30171,0.002632705
30172,0.0025013827
30173,0.0023731343
30174,0.0018319763
30175,0.001329136
30176,0.00090481533
30177,0.0010342263
30178,0.0011567028
30179,0.0012311016
30180,0.0010403428
30181,0.0010708093
30182,0.00088296854
30183,0.0011292793
30184,0.0014396124
30185,0.0013879628
30186,0.0010163717
30187,0.0010977847
30188,0.0013376267
30189,0.0019654096
30190,0.0022237427
30191,0.0018966527
30192,0.0022422115
30193,0.0031482694
30194,0.0030564654
30195,0.0014829118
30196,0.0011426276
30197,0.0020818324
30198,0.003726356
30199,0.0031543372
30200,0.001029403
30201,0.001218842
30202,0.0018279208
30203,0.00213574
30204,0.0029587005
30205,0.002973507
30206,0.0017555235
30207,0.0009774561
30208,0.002290598
30209,0.002740769
30210,0.0013122115
30211,0.0007146426
30212,0.0008726907
30213,0.0014108812
30214,0.0021753141
30215,0.0018090677
30216,0.0009658946
30217,0.0007699265
30218,0.0007981382
30219,0.00058253814
30220,0.00085728057
30221,0.0008941377
30222,0.000735119
30223,0.0011837615
30224,0.0010563888
30225,0.0005267046
30226,0.001132342
30227,0.0018057828
30228,0.003492013
30229,0.003438293
30230,0.0019215172
30231,0.0011893783
30232,0.0013131427
30233,0.0031785655
30234,0.006766374
30235,0.005904762
30236,0.0022076915
30237,0.0016863896
30238,0.0021456103
30239,0.0016948937
30240,0.00087259064
30241,0.00058810704
30242,0.0007565421
30243,0.0015069165
30244,0.0018053314
30245,0.0019905702
30246,0.003036499
30247,0.0030543983
30248,0.0036834176
30249,0.0031447452
30250,0.0020316548
30251,0.0017960866
30252,0.0016847666
30253,0.002102061
30254,0.0026377742
30255,0.0028310297
30256,0.0033249022
30257,0.002173159
30258,0.0028660032
30259,0.0029108415
30260,0.0026134546
30261,0.002039176
30262,0.0008817481
30263,0.00070537865
30264,0.0005812377
30265,0.0003674011
30266,0.0003674803
30267,0.0005607475
30268,0.0006247724
30269,0.0008186237
30270,0.0012080731
30271,0.0016585819
30272,0.0018265988
30273,0.0016967815
30274,0.0014982002
30275,0.00092777953
30276,0.00068753504
30277,0.0013517168
30278,0.002030179
30279,0.0039166003
30280,0.0041471007
30281,0.0023379084
30282,0.001179229
30283,0.00096974376
30284,0.0013974711
30285,0.001966816
30286,0.0017966698
30287,0.0011143618
30288,0.0014310556
30289,0.0016263142
30290,0.0016976903
30291,0.0016214752
30292,0.0015947443
30293,0.0013096139
30294,0.0015842892
30295,0.002297094
30296,0.0035318576
30297,0.0055746916
30298,0.0065033594
30299,0.005207055
30300,0.0039485195
30301,0.0039486964
30302,0.003202874
30303,0.0
30304,0.00461908
30305,0.0041521923
30306,0.0035262331
30307,0.0024361315
30308,0.0018393488
30309,0.0015249631
30310,0.0017232639
30311,0.0016457578
30312,0.0014480985
30313,0.0012892773
30314,0.0006054202
30315,0.0013678336
30316,0.0016532213
30317,0.0018882713
30318,0.002623447
30319,0.001886498
30320,0.0010868072
30321,0.000732978
30322,0.00058597524
30323,0.00093506003
30324,0.0010384108
30325,0.0010224527
30326,0.001138008
30327,0.0010731171
30328,0.0010004402
30329,0.0012721658
30330,0.001314981
30331,0.0013861794
30332,0.001207085
30333,0.0013804778
30334,0.001724125
30335,0.0017040215
30336,0.001356424
30337,0.0016485496
30338,0.002001375
30339,0.0019322411
30340,0.001452333
30341,0.0012603289
30342,0.0016050222
30343,0.0014757703
30344,0.00088464795
30345,0.0012393716
30346,0.0017680454
30347,0.0012722801
30348,0.0009582107
30349,0.0009459834
30350,0.00077490014
30351,0.0006031083
30352,0.0009496681
30353,0.0011634264
30354,0.00092652394
30355,0.0006510963
30356,0.00045341975
30357,0.0013191353
30358,0.0014937646
30359,0.0009790924
30360,0.000966768
30361,0.0010935348
30362,0.0012335342
30363,0.0014276552
30364,0.0017437632
30365,0.0015643236
30366,0.0019563113
30367,0.002189716
30368,0.0015502322
30369,0.00096752035
30370,0.0015460587
30371,0.0019291359
30372,0.0012068439
30373,0.0007467069
30374,0.0006612533
30375,0.0015573686
30376,0.0020767795
30377,0.0016409585
30378,0.001180635
30379,0.0024700512
30380,0.0022693826
30381,0.0014466507
30382,0.0018140159
30383,0.0017349283
30384,0.001598299
30385,0.0013737995
30386,0.00094339554
30387,0.000962907
30388,0.00074087665
30389,0.0010785277
30390,0.0018984933
30391,0.0016050766
30392,0.0010123836
30393,0.0010707007
30394,0.0009990721
30395,0.00078815746
30396,0.00078793586
30397,0.0009902355
30398,0.0009740559
30399,0.0009525445
30400,0.0013397138
30401,0.0013965752
30402,0.0013344464
30403,0.0016137927
30404,0.0020368483
30405,0.001907669
30406,0.0015165041
30407,0.0013045595
30408,0.0015379429
30409,0.001711656
30410,0.0016550511
30411,0.0015996459
30412,0.001719392
30413,0.0018833791
30414,0.0014895892
30415,0.0010583431
30416,0.0009927598
30417,0.0008817151
30418,0.0006951965
30419,0.0010785277
30420,0.0016930209
30421,0.0024370153
30422,0.0024597195
30423,0.0040775957
30424,0.0040080254
30425,0.0011627007
30426,0.0012294693
30427,0.0012300846
30428,0.0007514082
30429,0.0012325428
30430,0.0011076031
30431,0.0010205153
30432,0.0009006241
30433,0.00053969544
30434,0.0007134198
30435,0.000786346
30436,0.0007669344
30437,0.00083506154
30438,0.0007050898
30439,0.0008574163
30440,0.0011996359
30441,0.0012498942
30442,0.0011849165
30443,0.0009795976
30444,0.0013425783
30445,0.001625831
30446,0.0015471126
30447,0.0013191353
30448,0.001245135
30449,0.0013602378
30450,0.0015898823
30451,0.0016623328
30452,0.0017468648
30453,0.0015754469
30454,0.0014750798
30455,0.0014013186
30456,0.0018656327
30457,0.002104123
30458,0.0011349606
30459,0.00078006595
30460,0.0012471202
30461,0.0019126057
30462,0.0020907046
30463,0.0015774777
30464,0.0013681102
30465,0.0015938863
30466,0.0015414021
30467,0.0008914973
30468,0.0016349171
30469,0.001560449
30470,0.0012838936
30471,0.0014141778
30472,0.0016896827
30473,0.0021213559
30474,0.001555929
30475,0.0015224991
30476,0.0019018782
30477,0.0022280053
30478,0.002877799
30479,0.0018891497
30480,0.0006479148
30481,0.00086313376
30482,0.0007668585
30483,0.0007949229
30484,0.0007524533
30485,0.00063690596
30486,0.0007650727
30487,0.00085340155
30488,0.0008459688
30489,0.002141836
30490,0.0029635557
30491,0.0025172841
30492,0.0017174443
30493,0.0016490262
30494,0.0014604264
30495,0.001431381
30496,0.0017325783
30497,0.0018457144
30498,0.001922789
30499,0.0029116613
30500,0.0025894686
30501,0.0011601949
30502,0.0021132184
30503,0.0026041728
30504,0.0022523259
30505,0.002224672
30506,0.0020923605
30507,0.0019539741
30508,0.0015302214
30509,0.0017043971
30510,0.0018642126
30511,0.0018488339
30512,0.0014255744
30513,0.0010708093
30514,0.0011787846
30515,0.0008744897
30516,0.0010000329
30517,0.0017434962
30518,0.0017976252
30519,0.0014389451
30520,0.0016727871
30521,0.0017739942
30522,0.0019309152
30523,0.0022301334
30524,0.0022223156
30525,0.0019787948
30526,0.002889829
30527,0.003161084
30528,0.0016643276
30529,0.0010233348
30530,0.0025367592
30531,0.0034067018
30532,0.0021429094
30533,0.0009471825
30534,0.0008472064
30535,0.0017981594
30536,0.0025128867
30537,0.003016082
30538,0.002791024
30539,0.0017508587
30540,0.0013622048
30541,0.0022822348
30542,0.0025064042
30543,0.0012233943
30544,0.000811518
30545,0.0012010422
30546,0.0014744286
30547,0.0017908125
30548,0.001830387
30549,0.0014669681
30550,0.001176511
30551,0.0011301294
30552,0.00047461948
30553,0.0006290897
30554,0.00065011217
30555,0.0006997864
30556,0.001290383
30557,0.001258272
30558,0.000730751
30559,0.001384982
30560,0.0025995756
30561,0.0031625659
30562,0.0026575055
30563,0.0021369797
30564,0.0014144658
30565,0.0011087586
30566,0.0045195324
30567,0.0072672013
30568,0.00605313
30569,0.0029247063
30570,0.0024427888
30571,0.003148177
30572,0.002205634
30573,0.0008798316
30574,0.0006187811
30575,0.0007453415
30576,0.0012990823
30577,0.0016293179
30578,0.0026570894
30579,0.0033407689
30580,0.002483154
30581,0.0031423476
30582,0.0030846163
30583,0.0021056577
30584,0.0015653279
30585,0.0011054201
30586,0.0014908977
30587,0.0011375475
30588,0.00096078886
30589,0.0022686515
30590,0.0026671365
30591,0.0023482058
30592,0.0023343703
30593,0.002591738
30594,0.0022496108
30595,0.0008760193
30596,0.0005274224
30597,0.0008793353
30598,0.00081548915
30599,0.0007580025
30600,0.00056462677
30601,0.00060363894
30602,0.00076164136
30603,0.0011054201
30604,0.0017128797
30605,0.001923016
30606,0.0018005371
30607,0.001712149
30608,0.0011828515
30609,0.0009770392
30610,0.0015183837
30611,0.0023947672
30612,0.0035893118
30613,0.004098888
30614,0.0027383787
30615,0.0010899091
30616,0.0011228955
30617,0.0014206662
30618,0.0018155714
30619,0.0015310962
30620,0.0010095624
30621,0.0017974147
30622,0.0019126057
30623,0.0018301961
30624,0.0018756057
30625,0.0017956328
30626,0.0017984507
30627,0.0018557473
30628,0.0022959914
30629,0.0029537189
30630,0.005625208
30631,0.006886855
30632,0.0059056785
30633,0.005014463
30634,0.0041405126
30635,0.0024109974
30636,0.0
30637,0.0037207596
30638,0.0035467413
30639,0.0035064104
30640,0.0027115818
30641,0.001437731
30642,0.000979954
30643,0.0012314325
30644,0.0012225613
30645,0.0011773271
30646,0.0009438582
30647,0.0006249587
30648,0.0011684188
30649,0.0016587749
30650,0.0019259197
30651,0.0025433362
30652,0.0020707587
30653,0.0009769796
30654,0.0007646922
30655,0.00065306015
30656,0.0009686327
30657,0.0010319444
30658,0.0012441295
30659,0.0013440299
30660,0.0011641266
30661,0.0010987653
30662,0.0013223086
30663,0.0013011642
30664,0.0012538
30665,0.00091552734
30666,0.00066054874
30667,0.0013804355
30668,0.0015626855
30669,0.0011881052
30670,0.0014036634
30671,0.001689476
30672,0.0014748035
30673,0.000996622
30674,0.0010461456
30675,0.0012511044
30676,0.001389765
30677,0.0013156891
30678,0.0016392727
30679,0.0020545041
30680,0.0014170972
30681,0.0010861643
30682,0.00088138494
30683,0.0008018853
30684,0.00045406117
30685,0.0007059561
30686,0.000804241
30687,0.0006648964
30688,0.0004760889
30689,0.0009924667
30690,0.0014416528
30691,0.0011980822
30692,0.0009035278
30693,0.0010224812
30694,0.0015140456
30695,0.0022116825
30696,0.0018555435
30697,0.0018176863
30698,0.0018241913
30699,0.00189587
30700,0.0017960866
30701,0.0015099649
30702,0.0016297287
30703,0.0020662001
30704,0.0018879013
30705,0.001133883
30706,0.0008083919
30707,0.00083030807
30708,0.0015897908
30709,0.0017906175
30710,0.0009180353
30711,0.001233888
30712,0.003441136
30713,0.0029826346
30714,0.0016931756
30715,0.002080336
30716,0.0021521114
30717,0.0019754828
30718,0.0017938328
30719,0.0014568348
30720,0.0015797269
30721,0.0014294276
30722,0.0011320335
30723,0.0018712091
30724,0.0018971744
30725,0.0010822183
30726,0.001044865
30727,0.0009708236
30728,0.0007668585
30729,0.0007052962
30730,0.0010445864
30731,0.0009709435
30732,0.0007468238
30733,0.0014803188
30734,0.0012490323
30735,0.0009938732
30736,0.0009907937
30737,0.0013322199
30738,0.0014247575
30739,0.0013364077
30740,0.0012015267
30741,0.0014830295
30742,0.0017227402
30743,0.0016958549
30744,0.001727582
30745,0.0017439801
30746,0.0018193506
30747,0.0014675235
30748,0.0010714615
30749,0.0012230136
30750,0.0011516595
30751,0.0014294276
30752,0.0017988876
30753,0.0020853523
30754,0.0026157922
30755,0.0024522897
30756,0.0032982023
30757,0.0030206526
30758,0.00093278516
30759,0.0013575178
30760,0.0011279125
30761,0.0006497539
30762,0.0011088111
30763,0.0009107785
30764,0.001079283
30765,0.0009006241
30766,0.00062936725
30767,0.00077369733
30768,0.00080655364
30769,0.0008612772
30770,0.0009554427
30771,0.0010511689
30772,0.0010098218
30773,0.0009276854
30774,0.0009701938
30775,0.0011210538
30776,0.0014816355
30777,0.0020827688
30778,0.002173775
30779,0.0020245227
30780,0.0017377443
30781,0.0018572053
30782,0.0018752797
30783,0.0018379083
30784,0.0015294795
30785,0.001572803
30786,0.00164305
30787,0.002230238
30788,0.001866241
30789,0.0020234298
30790,0.0023019668
30791,0.0013939469
30792,0.0008693828
30793,0.0011943354
30794,0.0016354511
30795,0.0015131995
30796,0.0008646161
30797,0.00078099815
30798,0.0014769727
30799,0.0015572938
30800,0.0015647142
30801,0.0018617755
30802,0.001368408
30803,0.0010221965
30804,0.0010688506
30805,0.0015093094
30806,0.0017335187
30807,0.0016992838
30808,0.0019259651
30809,0.002583888
30810,0.0025970666
30811,0.0027812151
30812,0.0018772032
30813,0.0011705093
30814,0.001324266
30815,0.0012435445
30816,0.0009970892
30817,0.0007692458
30818,0.00065599487
30819,0.0006993704
30820,0.0009636623
30821,0.002178349
30822,0.0029111214
30823,0.0027311528
30824,0.001677721
30825,0.0011740595
30826,0.0013207229
30827,0.0015590122
30828,0.0016845939
30829,0.0018988305
30830,0.0017338376
30831,0.0021383548
30832,0.0027323887
30833,0.0022197736
30834,0.001432255
30835,0.0018078446
30836,0.002320252
30837,0.0020635785
30838,0.0019998185
30839,0.0013735453
30840,0.0012506391
30841,0.0014632932
30842,0.0018316745
30843,0.0023344702
30844,0.0021684666
30845,0.0013999264
30846,0.00068715395
30847,0.0011474062
30848,0.00085632945
30849,0.0014486611
30850,0.0020267642
30851,0.001917135
30852,0.0018665217
30853,0.0020621393
30854,0.0017126249
30855,0.0015161586
30856,0.0023406332
30857,0.0024604767
30858,0.0020545465
30859,0.0025178273
30860,0.0029634184
30861,0.0017692301
30862,0.0009387256
30863,0.002828047
30864,0.0031222964
30865,0.0013513723
30866,0.001008322
30867,0.0013083689
30868,0.0026337327
30869,0.0029620037
30870,0.002238613
30871,0.002082168
30872,0.0016400004
30873,0.0015177893
30874,0.0019855197
30875,0.0018344688
30876,0.00093723624
30877,0.0008481334
30878,0.0012193434
30879,0.0013125441
30880,0.0017856206
30881,0.0019096208
30882,0.0015156019
30883,0.0009946928
30884,0.0012419051
30885,0.0009134906
30886,0.0008380188
30887,0.00051553483
30888,0.0006207065
30889,0.00114804
30890,0.0011987864
30891,0.00058043597
30892,0.0013711277
30893,0.0026545909
30894,0.0027334215
30895,0.0021925585
30896,0.001799373
30897,0.0015005295
30898,0.001429387
30899,0.004844804
30900,0.0076282807
30901,0.0067987624
30902,0.004156809
30903,0.003633867
30904,0.004341729
30905,0.0028639715
30906,0.0010899625
30907,0.0008716229
30908,0.0005687354
30909,0.0010297988
30910,0.001749046
30911,0.002654185
30912,0.0029429493
30913,0.0018236008
30914,0.002566336
30915,0.0029958952
30916,0.0027911179
30917,0.0022490155
30918,0.0014591903
30919,0.0012591043
30920,0.0009976728
30921,0.0009269008
30922,0.0022637327
30923,0.003354696
30924,0.0026929276
30925,0.0020622099
30926,0.0023755978
30927,0.00202708
30928,0.0010177452
30929,0.0012449012
30930,0.0014072253
30931,0.0013952199
30932,0.0011157452
30933,0.00084400555
30934,0.00070119905
30935,0.000831289
30936,0.0009632394
30937,0.0013722946
30938,0.0014687724
30939,0.0015273087
30940,0.0016187807
30941,0.0011437223
30942,0.0009709435
30943,0.0016309068
30944,0.0026887094
30945,0.0028299296
30946,0.003506958
30947,0.0032781104
30948,0.0018546334
30949,0.0013888641
30950,0.0015554987
30951,0.0016794548
30952,0.0014194365
30953,0.0014219153
30954,0.0018491644
30955,0.0017647005
30956,0.0016117175
30957,0.001623538
30958,0.0013365602
30959,0.0010902829
30960,0.0011009087
30961,0.0017098016
30962,0.0016259563
30963,0.0058961893
30964,0.0075272163
30965,0.006024812
30966,0.005354433
30967,0.0038392383
30968,0.0016491674
30969,0.0
30970,0.002431013
30971,0.0025858358
30972,0.0029248754
30973,0.002751632
30974,0.0014739942
30975,0.0008744897
30976,0.001300739
30977,0.001400051
30978,0.0014227951
30979,0.0010621586
30980,0.0006434977
30981,0.0009322858
30982,0.0015845832
30983,0.002166869
30984,0.0024540098
30985,0.0021993706
30986,0.001246233
30987,0.0008056149
30988,0.0008611758
30989,0.001148927
30990,0.0011074455
30991,0.0013237604
30992,0.0011573568
30993,0.0013530726
30994,0.0015105816
30995,0.0014543355
30996,0.001285751
30997,0.0010757446
30998,0.0009161947
30999,0.0008461064
31000,0.0015032038
31001,0.0015256881
31002,0.00093624205
31003,0.00092063117
31004,0.0011431369
31005,0.0009407696
31006,0.00061962707
31007,0.0008840227
31008,0.0015104081
31009,0.001965143
31010,0.0020422565
31011,0.001708831
31012,0.0017164781
31013,0.0013882982
31014,0.0011475583
31015,0.00097166264
31016,0.0011609471
31017,0.0009844876
31018,0.0008755208
31019,0.0007672
31020,0.0008133092
31021,0.0009306923
31022,0.0011800185
31023,0.0011729434
31024,0.00095778535
31025,0.00090023625
31026,0.0008521388
31027,0.0021108068
31028,0.002700116
31029,0.0018332627
31030,0.0012614138
31031,0.0013864313
31032,0.0011956262
31033,0.0011740843
31034,0.0013151137
31035,0.0017609363
31036,0.0018796357
31037,0.0018525766
31038,0.0013792122
31039,0.0013237604
31040,0.001132599
31041,0.0014069977
31042,0.0018135826
31043,0.0015406844
31044,0.0014210964
31045,0.0042675673
31046,0.0037875853
31047,0.0015566396
31048,0.0020420854
31049,0.0022690108
31050,0.0023325244
31051,0.0019401627
31052,0.0015643422
31053,0.00134803
31054,0.0015325021
31055,0.0013857173
31056,0.0013869769
31057,0.0016117536
31058,0.0012335813
31059,0.0012272658
31060,0.0011218842
31061,0.0010223389
31062,0.0008907788
31063,0.0008733574
31064,0.0007498185
31065,0.00074091594
31066,0.0017565511
31067,0.0015273659
31068,0.0007560033
31069,0.00093409466
31070,0.0012248683
31071,0.001252662
31072,0.0013777765
31073,0.0015539636
31074,0.002066214
31075,0.0023514135
31076,0.0023583716
31077,0.002031741
31078,0.0018442315
31079,0.0016179534
31080,0.0012662957
31081,0.0014470731
31082,0.0016306927
31083,0.0017767482
31084,0.0024613873
31085,0.002394123
31086,0.0015816417
31087,0.0015330717
31088,0.0011593918
31089,0.0016823809
31090,0.0018973431
31091,0.0015708032
31092,0.001598918
31093,0.001140435
31094,0.0010063574
31095,0.0012633734
31096,0.0011445363
31097,0.00090937136
31098,0.0006499778
31099,0.0005696047
31100,0.0005824382
31101,0.0006770416
31102,0.0009596068
31103,0.0010131308
31104,0.0011609471
31105,0.001090363
31106,0.000698371
31107,0.0007185821
31108,0.0014557557
31109,0.002035276
31110,0.002621971
31111,0.0024055592
31112,0.0022111295
31113,0.0018755125
31114,0.0021270418
31115,0.0020778864
31116,0.0019005158
31117,0.0012404983
31118,0.001122403
31119,0.0016024271
31120,0.0032905075
31121,0.0029475738
31122,0.0021496757
31123,0.0020705902
31124,0.0013715521
31125,0.0011309275
31126,0.0013430119
31127,0.0014555757
31128,0.0011849165
31129,0.00073638477
31130,0.0007625197
31131,0.0013050502
31132,0.0014368603
31133,0.001590834
31134,0.0014156793
31135,0.00082595024
31136,0.0007103536
31137,0.0010717331
31138,0.0016742827
31139,0.00208316
31140,0.0026705605
31141,0.0028537505
31142,0.00353044
31143,0.0032649264
31144,0.0027649477
31145,0.0015456257
31146,0.0011458579
31147,0.0012088438
31148,0.0011947739
31149,0.0011537551
31150,0.0012038981
31151,0.0010959009
31152,0.0012200592
31153,0.0015236075
31154,0.002538709
31155,0.0027102397
31156,0.0020435958
31157,0.0012709298
31158,0.0010268553
31159,0.0010769884
31160,0.0011598687
31161,0.0013657042
31162,0.0017409235
31163,0.0017135253
31164,0.0025724752
31165,0.0026033681
31166,0.0016613521
31167,0.0009598494
31168,0.0012186988
31169,0.0019541977
31170,0.0022629614
31171,0.0017673209
31172,0.00087058713
31173,0.0003990691
31174,0.0007375695
31175,0.0010365031
31176,0.0026869336
31177,0.0029501105
31178,0.001516696
31179,0.0009962716
31180,0.0017291985
31181,0.0012755472
31182,0.0019136249
31183,0.0026276037
31184,0.0027356034
31185,0.0024781208
31186,0.0024566413
31187,0.0014635319
31188,0.0006951965
31189,0.0023826074
31190,0.0027535455
31191,0.0022547927
31192,0.002827594
31193,0.0027062637
31194,0.0014104479
31195,0.0009925253
31196,0.0026832593
31197,0.0029093814
31198,0.0014454834
31199,0.0013188485
31200,0.0018156356
31201,0.0027165788
31202,0.0027179283
31203,0.0014594096
31204,0.0010123549
31205,0.0010676519
31206,0.0012355379
31207,0.0015763703
31208,0.0012059512
31209,0.0007353169
31210,0.0010993214
31211,0.001319775
31212,0.0012291615
31213,0.0023910576
31214,0.002611494
31215,0.0018929356
31216,0.0016050586
31217,0.0016437406
31218,0.0009908818
31219,0.0008543559
31220,0.00032359787
31221,0.0007960936
31222,0.0011408178
31223,0.00096887304
31224,0.0010065308
31225,0.001562462
31226,0.0023882564
31227,0.0023333477
31228,0.0020585798
31229,0.0019980422
31230,0.00189332
31231,0.0022932773
31232,0.0049876114
31233,0.008032267
31234,0.0069322023
31235,0.003773505
31236,0.003028956
31237,0.004420765
31238,0.0033501035
31239,0.002106238
31240,0.0017824721
31241,0.0013381706
31242,0.0012911722
31243,0.0012454621
31244,0.001748347
31245,0.0014260438
31246,0.0014952446
31247,0.0023298403
31248,0.0028378374
31249,0.0028049517
31250,0.0025752569
31251,0.0017923232
31252,0.00096649706
31253,0.0008164165
31254,0.00097366737
31255,0.0020369627
31256,0.0034540268
31257,0.0029281075
31258,0.001983217
31259,0.0018688902
31260,0.0015215048
31261,0.0012941441
31262,0.0017051825
31263,0.0015822488
31264,0.0017695097
31265,0.0016094949
31266,0.0015397207
31267,0.0013278215
31268,0.001316883
31269,0.0013147375
31270,0.0012233943
31271,0.0010936412
31272,0.001377185
31273,0.001238385
31274,0.0011530234
31275,0.0012779407
31276,0.0018078607
31277,0.0026049328
31278,0.0025356119
31279,0.0032150543
31280,0.0033629017
31281,0.0024108766
31282,0.0020585798
31283,0.0017410239
31284,0.0013945106
31285,0.0009091793
31286,0.0012425377
31287,0.0014021905
31288,0.0015140456
31289,0.0013251448
31290,0.0012058788
31291,0.0011432896
31292,0.0009625442
31293,0.0010948912
31294,0.0019752765
31295,0.0027978874
31296,0.005890026
31297,0.006972561
31298,0.006156217
31299,0.005084097
31300,0.0034093664
31301,0.0023977791
31302,0.0
31303,0.0014290815
31304,0.0013870399
31305,0.002280283
31306,0.0031153725
31307,0.0020581838
31308,0.0010767452
31309,0.0012633963
31310,0.0015833521
31311,0.0016067077
31312,0.0010522482
31313,0.000732978
31314,0.0009477661
31315,0.0013938635
31316,0.0022776905
31317,0.0024387105
31318,0.002013669
31319,0.0012412019
31320,0.0010590028
31321,0.0015607101
31322,0.0018575187
31323,0.0017075703
31324,0.002042057
31325,0.0017456315
31326,0.0016919376
31327,0.001693399
31328,0.0015367691
31329,0.0014938035
31330,0.0011864874
31331,0.0012765279
31332,0.0013617988
31333,0.0017484801
31334,0.0017678149
31335,0.00096505054
31336,0.0009442898
31337,0.0013398008
31338,0.0010566917
31339,0.0009111299
31340,0.0012015752
31341,0.0017036628
31342,0.0022130506
31343,0.0021352356
31344,0.0011034964
31345,0.000899104
31346,0.0012591506
31347,0.0013858643
31348,0.0009095633
31349,0.0010978113
31350,0.0008076715
31351,0.0008437641
31352,0.0009950731
31353,0.0011433151
31354,0.0010277901
31355,0.0009289395
31356,0.00091384095
31357,0.00085921347
31358,0.00087791093
31359,0.00097280013
31360,0.0027009242
31361,0.002876383
31362,0.0014384394
31363,0.0007690187
31364,0.00086753967
31365,0.00066760473
31366,0.0012553774
31367,0.0015778835
31368,0.0017875917
31369,0.0016660753
31370,0.001834453
31371,0.001715223
31372,0.0019854463
31373,0.0019350105
31374,0.0019442237
31375,0.002249753
31376,0.0022835352
31377,0.0036043702
31378,0.0049738386
31379,0.0039399085
31380,0.001406915
31381,0.0017440302
31382,0.0018059117
31383,0.0021171947
31384,0.0018612127
31385,0.0016226056
31386,0.0013879208
31387,0.001723095
31388,0.0014699014
31389,0.00125598
31390,0.0011436968
31391,0.0011707827
31392,0.0012005575
31393,0.0011171529
31394,0.0009838961
31395,0.00084227964
31396,0.0005898859
31397,0.0008481677
31398,0.0006819672
31399,0.0017304099
31400,0.0015228624
31401,0.00051429134
31402,0.00081506075
31403,0.0010269687
31404,0.0011870514
31405,0.0013774385
31406,0.0013113907
31407,0.0016718996
31408,0.0018760245
31409,0.001731133
31410,0.0013313458
31411,0.0011549654
31412,0.0010675702
31413,0.0012304632
31414,0.0012176236
31415,0.0011476597
31416,0.0015216004
31417,0.002817644
31418,0.002804983
31419,0.0012447375
31420,0.0012721658
31421,0.0011610475
31422,0.001029007
31423,0.0013459558
31424,0.0015089237
31425,0.0013429251
31426,0.0010200589
31427,0.0011252516
31428,0.0011004856
31429,0.0011785871
31430,0.00092658674
31431,0.00089706236
31432,0.0007254748
31433,0.00079554506
31434,0.0010343951
31435,0.0011034437
31436,0.00093337777
31437,0.0010921499
31438,0.0011158495
31439,0.00077722524
31440,0.00075144693
31441,0.0016340446
31442,0.0021170299
31443,0.0021853521
31444,0.0016933647
31445,0.0013846878
31446,0.0012135295
31447,0.0012521043
31448,0.001642554
31449,0.0016670881
31450,0.0010948647
31451,0.0006488126
31452,0.0016158114
31453,0.0038080616
31454,0.0033914782
31455,0.0016054574
31456,0.0015083835
31457,0.0009062295
31458,0.0005987009
31459,0.001159417
31460,0.0011162667
31461,0.00075565674
31462,0.00048535183
31463,0.0007587317
31464,0.0008126648
31465,0.0010016613
31466,0.00095547317
31467,0.00075688824
31468,0.0007307112
31469,0.00070302293
31470,0.0006258894
31471,0.0013533738
31472,0.001885356
31473,0.0024207674
31474,0.0027953584
31475,0.002948423
31476,0.0027473236
31477,0.0016833149
31478,0.0013437268
31479,0.00094197533
31480,0.0010914302
31481,0.0009975269
31482,0.0012831226
31483,0.0012966604
31484,0.001465102
31485,0.0015513207
31486,0.0017190704
31487,0.0020824333
31488,0.0021414284
31489,0.0014872036
31490,0.0010860303
31491,0.0009984018
31492,0.0012394655
31493,0.0013861794
31494,0.0012486362
31495,0.0016429968
31496,0.0018976192
31497,0.0029996138
31498,0.0026778413
31499,0.0010167438
31500,0.00050168706
31501,0.0008339455
31502,0.001756054
31503,0.0022605937
31504,0.0017329813
31505,0.00076396874
31506,0.00065546227
31507,0.00068884605
31508,0.0011280157
31509,0.0029325173
31510,0.002896408
31511,0.0012854567
31512,0.001119547
31513,0.0019339123
31514,0.0012995751
31515,0.0016690423
31516,0.002410949
31517,0.0028560136
31518,0.0031072905
31519,0.0032057986
31520,0.002465121
31521,0.0013481595
31522,0.002376198
31523,0.003142477
31524,0.0024892178
31525,0.0028413222
31526,0.0024888904
31527,0.0011619997
31528,0.0012255572
31529,0.002010747
31530,0.0023337593
31531,0.001835912
31532,0.0016068888
31533,0.001950799
31534,0.0024171819
31535,0.002235725
31536,0.0012702197
31537,0.0009937853
31538,0.0009730694
31539,0.0011912365
31540,0.0010460621
31541,0.00086380786
31542,0.0008967379
31543,0.0012989478
31544,0.0015593296
31545,0.0015750774
31546,0.0025713888
31547,0.0022887038
31548,0.0013378661
31549,0.0015005682
31550,0.0013510277
31551,0.0009387566
31552,0.0009428709
31553,0.0004903036
31554,0.0011345246
31555,0.0011909677
31556,0.00047572196
31557,0.0009612129
31558,0.0012970419
31559,0.0012856153
31560,0.0016019912
31561,0.001866241
31562,0.0022827832
31563,0.0020255432
31564,0.00217879
31565,0.003998596
31566,0.007995682
31567,0.0074462225
31568,0.0030031917
31569,0.0028150606
31570,0.00451145
31571,0.003693076
31572,0.0024065874
31573,0.0023723983
31574,0.0021921203
31575,0.0020404174
31576,0.001437569
31577,0.0013903512
31578,0.0011655508
31579,0.0016645724
31580,0.0017834189
31581,0.0018832245
31582,0.0021942435
31583,0.0025371723
31584,0.0020620548
31585,0.0014281648
31586,0.0012458593
31587,0.0015437604
31588,0.001845541
31589,0.0029436513
31590,0.0033673558
31591,0.0030402157
31592,0.0022164015
31593,0.0015048485
31594,0.0013635502
31595,0.0019072265
31596,0.0016925223
31597,0.001787901
31598,0.0016162076
31599,0.0013657042
31600,0.0015002968
31601,0.00169001
31602,0.0017167155
31603,0.0011523417
31604,0.000930098
31605,0.0012311488
31606,0.0012075913
31607,0.0013096584
31608,0.0013834682
31609,0.0018276501
31610,0.0026834002
31611,0.0023007654
31612,0.0024447537
31613,0.0029803994
31614,0.002887824
31615,0.0031153536
31616,0.0026736103
31617,0.0018131011
31618,0.0013026842
31619,0.0011891581
31620,0.0009981686
31621,0.0011065516
31622,0.001120924
31623,0.0013213617
31624,0.0015015571
31625,0.002250568
31626,0.0019391874
31627,0.0029094215
31628,0.0038018583
31629,0.0053100474
31630,0.0061159483
31631,0.006094855
31632,0.004324225
31633,0.002561398
31634,0.002477052
31635,0.0
31636,0.0012199399
31637,0.0018035088
31638,0.0028143676
31639,0.0032563575
31640,0.002480492
31641,0.0014758097
31642,0.0015761857
31643,0.0019398927
31644,0.0020005314
31645,0.0014124068
31646,0.00079704355
31647,0.00095156627
31648,0.0011298461
31649,0.002113838
31650,0.0026117947
31651,0.0019285474
31652,0.0012373269
31653,0.0016094225
31654,0.0019256629
31655,0.0016790215
31656,0.001466472
31657,0.001678172
31658,0.0016889591
31659,0.001756054
31660,0.0017437799
31661,0.0018398234
31662,0.0018360388
31663,0.001482735
31664,0.0014201129
31665,0.0012867466
31666,0.0019775738
31667,0.0022238868
31668,0.0013427734
31669,0.00079737214
31670,0.0011594672
31671,0.00068694213
31672,0.0009806963
31673,0.0014061701
31674,0.0019848307
31675,0.0019858568
31676,0.0013666203
31677,0.0008155605
31678,0.00078475283
31679,0.0013427084
31680,0.001647596
31681,0.0011318021
31682,0.0012322122
31683,0.00090152846
31684,0.0007885635
31685,0.00081126695
31686,0.0008308687
31687,0.0007820781
31688,0.0007313482
31689,0.0007265972
31690,0.0006715601
31691,0.0009862892
31692,0.0015348931
31693,0.0025869387
31694,0.002260864
31695,0.0011111448
31696,0.00088204513
31697,0.0007760636
31698,0.0013325694
31699,0.0020349184
31700,0.0020429974
31701,0.002381459
31702,0.002921032
31703,0.0029110915
31704,0.0025897496
31705,0.0023418763
31706,0.0021483216
31707,0.0020807977
31708,0.0028587638
31709,0.003900255
31710,0.004808583
31711,0.004973318
31712,0.0033810874
31713,0.001561288
31714,0.0017626543
31715,0.0017794654
31716,0.0018284302
31717,0.0014156383
31718,0.0013309303
31719,0.0014754152
31720,0.0016185469
31721,0.0009860236
31722,0.0007953621
31723,0.0011688671
31724,0.0012957174
31725,0.0010273936
31726,0.0008319889
31727,0.0008697175
31728,0.0009090192
31729,0.0005232675
31730,0.0007180148
31731,0.0010073401
31732,0.0017621755
31733,0.0015459835
31734,0.00056022825
31735,0.00060059375
31736,0.0008052897
31737,0.0010954227
31738,0.0010709724
31739,0.0007419758
31740,0.0009066148
31741,0.0010978908
31742,0.00092586403
31743,0.0008663983
31744,0.000779954
31745,0.00097223156
31746,0.0011991748
31747,0.0011586888
31748,0.001519878
31749,0.0018233454
31750,0.0026184944
31751,0.0026119507
31752,0.0013863053
31753,0.0012096381
31754,0.0010915902
31755,0.0010293182
31756,0.001265261
31757,0.0013159987
31758,0.0011612981
31759,0.0011026785
31760,0.001134499
31761,0.0013516739
31762,0.0013900371
31763,0.0013814683
31764,0.0011492056
31765,0.0009641454
31766,0.00095547317
31767,0.00089289993
31768,0.00072943553
31769,0.00090346334
31770,0.0011143357
31771,0.00083829655
31772,0.0006455297
31773,0.000786457
31774,0.0014586117
31775,0.0017497115
31776,0.0010822989
31777,0.00081277225
31778,0.0008525827
31779,0.0006412777
31780,0.0007435431
31781,0.0011932626
31782,0.0015592362
31783,0.0012829185
31784,0.0006630115
31785,0.0016675246
31786,0.0038613856
31787,0.0035861318
31788,0.0020543481
31789,0.0015033779
31790,0.0008617164
31791,0.001021342
31792,0.0013672591
31793,0.0013837416
31794,0.0015166
31795,0.0016217444
31796,0.001467107
31797,0.0011184546
31798,0.00081029773
31799,0.00071125437
31800,0.00085571746
31801,0.000828378
31802,0.0008545603
31803,0.0012354673
31804,0.0020712086
31805,0.0024890893
31806,0.0024261835
31807,0.0024307016
31808,0.001902536
31809,0.0018755435
31810,0.0010896154
31811,0.00094693666
31812,0.00075191155
31813,0.0008555474
31814,0.0007860498
31815,0.00093337777
31816,0.00087031967
31817,0.0012200354
31818,0.0013679187
31819,0.0016064541
31820,0.0018783502
31821,0.0018908897
31822,0.0013945315
31823,0.0011265441
31824,0.0015969326
31825,0.0017258122
31826,0.002162163
31827,0.0016892175
31828,0.0012482165
31829,0.0019712648
31830,0.00339903
31831,0.0030296766
31832,0.0010216269
31833,0.0006578998
31834,0.0010402029
31835,0.0013516092
31836,0.0017461149
31837,0.001694825
31838,0.0012679723
31839,0.0012107923
31840,0.0008472064
31841,0.0014077629
31842,0.002695056
31843,0.0025922095
31844,0.0014745273
31845,0.0014819497
31846,0.0019087519
31847,0.0010982883
31848,0.00065452914
31849,0.001630889
31850,0.002330627
31851,0.0028654141
31852,0.0032373276
31853,0.0030203925
31854,0.0023675722
31855,0.002957638
31856,0.0033999376
31857,0.002798293
31858,0.0026957793
31859,0.0018238882
31860,0.00056390464
31861,0.0009748623
31862,0.0013508123
31863,0.001773026
31864,0.0014774456
31865,0.0014227133
31866,0.0019902487
31867,0.0023780102
31868,0.0024415613
31869,0.001969064
31870,0.001645581
31871,0.0016296572
31872,0.0012123778
31873,0.0007822641
31874,0.0011615236
31875,0.0017423272
31876,0.0018417207
31877,0.0017894468
31878,0.0015866023
31879,0.0021136866
31880,0.0018142565
31881,0.0016227132
31882,0.0020577738
31883,0.0018629007
31884,0.0011276286
31885,0.0008961535
31886,0.00054217037
31887,0.0012624054
31888,0.0013573248
31889,0.0007995227
31890,0.0013168609
31891,0.0014999475
31892,0.0012321176
31893,0.0009723513
31894,0.0010910034
31895,0.0016305856
31896,0.0016589329
31897,0.0021773067
31898,0.0037295255
31899,0.006694545
31900,0.006615055
31901,0.003469865
31902,0.0023541967
31903,0.003711032
31904,0.0028384116
31905,0.0013971586
31906,0.0017827008
31907,0.0023044813
31908,0.002396055
31909,0.0024063091
31910,0.0022985507
31911,0.0018335326
31912,0.002319474
31913,0.0021221514
31914,0.0018060406
31915,0.0018090033
31916,0.0021555976
31917,0.0018501242
31918,0.0015252493
31919,0.0013974502
31920,0.0018248932
31921,0.001955359
31922,0.0019731096
31923,0.0027955147
31924,0.003198664
31925,0.0028149467
31926,0.0023532694
31927,0.0018728571
31928,0.001998785
31929,0.0015509829
31930,0.0014303843
31931,0.0012326845
31932,0.00090809027
31933,0.0013238264
31934,0.0017166646
31935,0.0016491144
31936,0.0010539892
31937,0.00085734844
31938,0.00096956367
31939,0.0009019803
31940,0.0010700753
31941,0.0013141176
31942,0.001754628
31943,0.0023846831
31944,0.002404591
31945,0.002636483
31946,0.0023519457
31947,0.0027681459
31948,0.0033449566
31949,0.0033473833
31950,0.002828047
31951,0.0022312687
31952,0.001498744
31953,0.0013254083
31954,0.0012937167
31955,0.0013953869
31956,0.0014972092
31957,0.0018812144
31958,0.0034301744
31959,0.0026915655
31960,0.0026573085
31961,0.0030747028
31962,0.0033534812
31963,0.0053997575
31964,0.0063654347
31965,0.0031394379
31966,0.0013554151
31967,0.001339931
31968,0.0
31969,0.0015830948
31970,0.0028378477
31971,0.0042018713
31972,0.0039866925
31973,0.0029186497
31974,0.0016086267
31975,0.0015238175
31976,0.0020122807
31977,0.0025450063
31978,0.0020673547
31979,0.001178192
31980,0.00069945364
31981,0.0007546547
31982,0.0017340054
31983,0.002545178
31984,0.001953289
31985,0.0015502697
31986,0.0017412578
31987,0.0017460649
31988,0.0011744313
31989,0.0010698033
31990,0.001252174
31991,0.001647119
31992,0.0016677515
31993,0.0015515646
31994,0.0019426661
31995,0.0017111799
31996,0.0010668883
31997,0.0008358976
31998,0.00093987206
31999,0.0018103702
32000,0.0022764634
32001,0.0015451926
32002,0.0006629676
32003,0.00090152846
32004,0.0009045901
32005,0.0013391054
32006,0.0016668263
32007,0.0016727871
32008,0.0013948027
32009,0.0009979353
32010,0.000931505
32011,0.0009246373
32012,0.001327427
32013,0.0015959665
32014,0.0010249546
32015,0.00089508115
32016,0.00067116995
32017,0.0005873643
32018,0.00034661306
32019,0.00066345034
32020,0.0007900753
32021,0.0007927598
32022,0.0007951425
32023,0.0007482643
32024,0.0012199638
32025,0.0018367044
32026,0.002161382
32027,0.0018997039
32028,0.0011165534
32029,0.00080003217
32030,0.0011647764
32031,0.0017967183
32032,0.0020811332
32033,0.0022406403
32034,0.0034393086
32035,0.0039190515
32036,0.0035350616
32037,0.002858163
32038,0.0024133984
32039,0.0018657731
32040,0.0019105198
32041,0.0026396823
32042,0.0036087763
32043,0.0036377255
32044,0.0033216092
32045,0.000901819
32046,0.0012402167
32047,0.0014657177
32048,0.00157147
32049,0.0017040044
32050,0.0010559754
32051,0.0006864336
32052,0.0011757192
32053,0.0012219899
32054,0.0008332822
32055,0.0007918782
32056,0.0014917369
32057,0.0015032038
32058,0.00086649903
32059,0.0010032872
32060,0.0011158234
32061,0.0009521778
32062,0.0007498185
32063,0.0012220376
32064,0.0017369402
32065,0.0019272642
32066,0.0015170414
32067,0.0009560213
32068,0.0011254327
32069,0.0009256125
32070,0.0014139102
32071,0.001265376
32072,0.00080206676
32073,0.0013926519
32074,0.0016115189
32075,0.0013428385
32076,0.0013565097
32077,0.0011429841
32078,0.0013144718
32079,0.0013768045
32080,0.0014568549
32081,0.0020682274
32082,0.0020659466
32083,0.0019448822
32084,0.0019195168
32085,0.0013025725
32086,0.0011534272
32087,0.0014409056
32088,0.0013593175
32089,0.0010573801
32090,0.00095208606
32091,0.0009895887
32092,0.0014534347
32093,0.0015944339
32094,0.0017954544
32095,0.0016338308
32096,0.0015409489
32097,0.0013290703
32098,0.0012087957
32099,0.00096033444
32100,0.0009820901
32101,0.00061225594
32102,0.0008821441
32103,0.00082192343
32104,0.0007601496
32105,0.00086400995
32106,0.00067069277
32107,0.0012177193
32108,0.0017294678
32109,0.0014179595
32110,0.0007129709
32111,0.00076396874
32112,0.00066458987
32113,0.0009148595
32114,0.0011814235
32115,0.0016826404
32116,0.0014489624
32117,0.0012828731
32118,0.0020940707
32119,0.0035614974
32120,0.003562241
32121,0.0029760995
32122,0.0022023064
32123,0.0015908156
32124,0.0014257581
32125,0.0018186626
32126,0.0020767935
32127,0.0021602372
32128,0.0017892028
32129,0.0015020028
32130,0.0012428656
32131,0.0011434424
32132,0.0009993342
32133,0.0009098833
32134,0.0009832452
32135,0.0009594855
32136,0.0015341535
32137,0.0020391904
32138,0.0019363487
32139,0.0015340017
32140,0.0016968157
32141,0.0016109227
32142,0.0014337376
32143,0.0012636959
32144,0.00077309523
32145,0.0005703706
32146,0.00061642483
32147,0.0008525827
32148,0.0010985533
32149,0.0013977626
32150,0.0016053487
32151,0.0015075923
32152,0.0013992401
32153,0.0013304054
32154,0.0012741317
32155,0.0014224474
32156,0.0017149685
32157,0.0020409592
32158,0.0020202198
32159,0.0024393788
32160,0.0022151012
32161,0.0018447522
32162,0.0022884367
32163,0.003131697
32164,0.0028119676
32165,0.0010594974
32166,0.0007172442
32167,0.0011917984
32168,0.0011892804
32169,0.0011907723
32170,0.0014870275
32171,0.0015704882
32172,0.0014722162
32173,0.0011655508
32174,0.0015651233
32175,0.0016528516
32176,0.0013206127
32177,0.0013075011
32178,0.0012747484
32179,0.0013163525
32180,0.000974504
32181,0.0008594167
32182,0.001088386
32183,0.0015870425
32184,0.002287343
32185,0.0029010866
32186,0.0031080772
32187,0.003298917
32188,0.003524194
32189,0.0036637778
32190,0.0027227106
32191,0.0020790766
32192,0.0015624806
32193,0.0011743817
32194,0.0014968592
32195,0.0017014918
32196,0.00209782
32197,0.0017308808
32198,0.0017846588
32199,0.0020023056
32200,0.002107053
32201,0.0022292458
32202,0.0016018458
32203,0.0015781232
32204,0.0019294677
32205,0.0013458693
32206,0.000853538
32207,0.0012253672
32208,0.0017262844
32209,0.0017496282
32210,0.0018151707
32211,0.0015550308
32212,0.0012872893
32213,0.0011612981
32214,0.0017723693
32215,0.0019515896
32216,0.0016432801
32217,0.0010926295
32218,0.0007180148
32219,0.00070053467
32220,0.0019788244
32221,0.0022645683
32222,0.0018487709
32223,0.0019981733
32224,0.0021357671
32225,0.001607939
32226,0.0008452805
32227,0.00061197067
32228,0.0013290484
32229,0.0019098495
32230,0.0031284238
32231,0.0038489294
32232,0.0050724056
32233,0.005471095
32234,0.0042472435
32235,0.00418278
32236,0.004882318
32237,0.003737905
32238,0.0021569743
32239,0.0018760245
32240,0.001693399
32241,0.0023211923
32242,0.0027775292
32243,0.0029921918
32244,0.0025889853
32245,0.0029457565
32246,0.002337286
32247,0.0016202183
32248,0.0014746457
32249,0.0016926255
32250,0.0013708516
32251,0.0013246175
32252,0.0011034964
32253,0.0016906642
32254,0.0019134576
32255,0.0013119231
32256,0.0020956406
32257,0.002596495
32258,0.0027311102
32259,0.002327028
32260,0.0017074851
32261,0.0014876928
32262,0.0012296113
32263,0.001327405
32264,0.0015659042
32265,0.0014695845
32266,0.0015456633
32267,0.0013929862
32268,0.0016450504
32269,0.0014159054
32270,0.00085466244
32271,0.00091262994
32272,0.0011607467
32273,0.0015243331
32274,0.0013589963
32275,0.0014954587
32276,0.0018745657
32277,0.0023642015
32278,0.0027474083
32279,0.0022567539
32280,0.0022597436
32281,0.0027511877
32282,0.0026789715
32283,0.0022763484
32284,0.0018233454
32285,0.0013858643
32286,0.0011726456
32287,0.001046813
32288,0.0011184546
32289,0.0013822686
32290,0.0031645529
32291,0.0045238384
32292,0.0029299557
32293,0.0013508769
32294,0.0015560973
32295,0.0019498888
32296,0.0047256695
32297,0.0057529225
32298,0.0030642066
32299,0.0009790924
32300,0.0010566917
32301,0.0
32302,0.0015546939
32303,0.0031713513
32304,0.004448526
32305,0.0034527625
32306,0.0025126783
32307,0.002172208
32308,0.0021816334
32309,0.0026384362
32310,0.0030265627
32311,0.0021090412
32312,0.0013971794
32313,0.00088986347
32314,0.0009285008
32315,0.0011787353
32316,0.0022282796
32317,0.0023976215
32318,0.0020815248
32319,0.001922668
32320,0.0016705412
32321,0.0014837554
32322,0.0015413454
32323,0.0013927355
32324,0.0015800953
32325,0.001458532
32326,0.0012341946
32327,0.0017737645
32328,0.0018277775
32329,0.0012710443
32330,0.00095040334
32331,0.0012767558
32332,0.0015951821
32333,0.0019098647
32334,0.0015186137
32335,0.0009786761
32336,0.0010128435
32337,0.0013800982
32338,0.0015477708
32339,0.0016104168
32340,0.0011783895
32341,0.00084521156
32342,0.0007071506
32343,0.0006902389
32344,0.00070124055
32345,0.0012069886
32346,0.0012455323
32347,0.00085302634
32348,0.0006529264
32349,0.00064141385
32350,0.0006874927
32351,0.0006329179
32352,0.0009167028
32353,0.0009073849
32354,0.0009650204
32355,0.0009085389
32356,0.00075684977
32357,0.0010884395
32358,0.0022701905
32359,0.0021327536
32360,0.001286
32361,0.0011094409
32362,0.000819441
32363,0.0012836215
32364,0.0015621453
32365,0.001537394
32366,0.001739251
32367,0.003009668
32368,0.0029383472
32369,0.0020645515
32370,0.0020257444
32371,0.0025247647
32372,0.0020617442
32373,0.0016142976
32374,0.0015566208
32375,0.0013099917
32376,0.0008382618
32377,0.0006803863
32378,0.00049760967
32379,0.00081777
32380,0.0011440786
32381,0.0014609046
32382,0.001676732
32383,0.00093621097
32384,0.0006280711
32385,0.0011591659
32386,0.0011375475
32387,0.0010025036
32388,0.0008582645
32389,0.0014324785
32390,0.0017436964
32391,0.0011880562
32392,0.0011045509
32393,0.0013319795
32394,0.0013887594
32395,0.0021033343
32396,0.0024296837
32397,0.002289543
32398,0.0017610355
32399,0.0010262316
32400,0.0010175736
32401,0.0015294795
32402,0.0013412554
32403,0.0017043971
32404,0.0016827615
32405,0.0015151217
32406,0.002416869
32407,0.0025054982
32408,0.0020406314
32409,0.001846676
32410,0.0015512268
32411,0.0017080134
32412,0.0017086267
32413,0.0017071612
32414,0.0021409935
32415,0.0017717616
32416,0.0013487855
32417,0.0010283281
32418,0.001115119
32419,0.0014559955
32420,0.0018906126
32421,0.0016276201
32422,0.0012422332
32423,0.00081584597
32424,0.0008236567
32425,0.0010492012
32426,0.0012295403
32427,0.0011333952
32428,0.0014672459
32429,0.0014534948
32430,0.0015280517
32431,0.0014513708
32432,0.0011067094
32433,0.0010547069
32434,0.0005993811
32435,0.0005797336
32436,0.00053699233
32437,0.0008825399
32438,0.0010674339
32439,0.00080463896
32440,0.0012098064
32441,0.0016832458
32442,0.0014623383
32443,0.00073922495
32444,0.00061845174
32445,0.0007302331
32446,0.0010742286
32447,0.0011262341
32448,0.00142686
32449,0.0013869979
32450,0.0014362525
32451,0.00231372
32452,0.003189443
32453,0.002970432
32454,0.0029444818
32455,0.00227119
32456,0.0015407978
32457,0.0012058547
32458,0.0014449799
32459,0.0014656979
32460,0.0013609651
32461,0.0011676962
32462,0.0012405686
32463,0.0012654449
32464,0.0011293823
32465,0.0011989321
32466,0.00078941195
32467,0.00082496303
32468,0.00086036435
32469,0.0013278873
32470,0.0017572137
32471,0.0011641016
32472,0.0005702175
32473,0.0010870482
32474,0.0011091261
32475,0.001023221
32476,0.0010100523
32477,0.00058711646
32478,0.00062000274
32479,0.0009054584
32480,0.0012744743
32481,0.0019425313
32482,0.0023969172
32483,0.002535566
32484,0.0024187227
32485,0.0019506946
32486,0.0013560806
32487,0.0010133892
32488,0.0017133215
32489,0.001975689
32490,0.001759994
32491,0.0014114174
32492,0.0018742086
32493,0.0019420668
32494,0.0020187355
32495,0.002202161
32496,0.0025854982
32497,0.0024698626
32498,0.0013263302
32499,0.0009699238
32500,0.0015294795
32501,0.0013365166
32502,0.0010941201
32503,0.0011587641
32504,0.0015237221
32505,0.0012815112
32506,0.000959
32507,0.0011024146
32508,0.0008540493
32509,0.00082294963
32510,0.0009078018
32511,0.00070875394
32512,0.00088855426
32513,0.0010007602
32514,0.0010808189
32515,0.0010245853
32516,0.0009930236
32517,0.0016326192
32518,0.0020673547
32519,0.0022193803
32520,0.0027134486
32521,0.0027688816
32522,0.0026338764
32523,0.001805267
32524,0.0019264033
32525,0.0015547875
32526,0.0013870399
32527,0.0014350159
32528,0.0017830599
32529,0.0021691644
32530,0.0018477474
32531,0.0016119522
32532,0.0016321556
32533,0.0016926943
32534,0.0017764698
32535,0.0012298006
32536,0.0012342418
32537,0.0019212445
32538,0.0016769056
32539,0.0009607586
32540,0.0012234419
32541,0.0016670707
32542,0.0016665295
32543,0.0012348782
32544,0.0011158495
32545,0.0011396181
32546,0.0014051141
32547,0.0018507062
32548,0.001715257
32549,0.0011761894
32550,0.0010621586
32551,0.0009846058
32552,0.0013290703
32553,0.0031446621
32554,0.0033653674
32555,0.0025640214
32556,0.0022973728
32557,0.0026324287
32558,0.0022026368
32559,0.0011290988
32560,0.00095440645
32561,0.0016409585
32562,0.0023947672
32563,0.003201147
32564,0.0036039017
32565,0.002726097
32566,0.0026891641
32567,0.003543786
32568,0.0041700625
32569,0.004791108
32570,0.0034799573
32571,0.0032923026
32572,0.0033691013
32573,0.002553033
32574,0.0018349289
32575,0.0027231062
32576,0.0032898707
32577,0.0026224593
32578,0.0031950225
32579,0.0027369969
32580,0.0016298358
32581,0.0009344996
32582,0.0010909768
32583,0.001248473
32584,0.0015272897
32585,0.0011017015
32586,0.0015711923
32587,0.0019516492
32588,0.0019154492
32589,0.002006023
32590,0.0016336527
32591,0.0017463316
32592,0.0015267751
32593,0.0010085817
32594,0.0012537536
32595,0.0011003269
32596,0.0012261508
32597,0.0015518646
32598,0.0015973519
32599,0.0018637597
32600,0.0016855265
32601,0.0018511779
32602,0.0019314878
32603,0.0019787655
32604,0.0018299418
32605,0.0019264637
32606,0.0018759625
32607,0.0016455987
32608,0.001416522
32609,0.0013565097
32610,0.0021384908
32611,0.002386379
32612,0.0019921632
32613,0.0021959406
32614,0.002503767
32615,0.0022066499
32616,0.0016787789
32617,0.0011173091
32618,0.0008287995
32619,0.0006070045
32620,0.00053192803
32621,0.0008566692
32622,0.0012420223
32623,0.0037200633
32624,0.004513024
32625,0.0025778096
32626,0.00056514196
32627,0.00082595024
32628,0.0021898223
32629,0.0047803135
32630,0.004828768
32631,0.0027656949
32632,0.0020475083
32633,0.0017845772
32634,0.0
32635,0.0015690791
32636,0.003528766
32637,0.0047047264
32638,0.0032467176
32639,0.0017989847
32640,0.0022648124
32641,0.0022346443
32642,0.0029043453
32643,0.0030549509
32644,0.0027606392
32645,0.0022416404
32646,0.0016034077
32647,0.0010857623
32648,0.0014420362
32649,0.0025023716
32650,0.0037334175
32651,0.003667311
32652,0.003220409
32653,0.00182921
32654,0.0018796667
32655,0.0018840434
32656,0.0017332667
32657,0.0017380457
32658,0.0013203924
32659,0.0011479133
32660,0.0014752969
32661,0.001812202
32662,0.0015898091
32663,0.0010738763
32664,0.0014320111
32665,0.0014206662
32666,0.0013275146
32667,0.0013778822
32668,0.00125598
32669,0.001136703
32670,0.0015246768
32671,0.0016201464
32672,0.0012501968
32673,0.0010016323
32674,0.00072671735
32675,0.0009828307
32676,0.0009581803
32677,0.0008626953
32678,0.0013591248
32679,0.0013231447
32680,0.0008612772
32681,0.00043920404
32682,0.00039021947
32683,0.00064656587
32684,0.0007231845
32685,0.00095647783
32686,0.0008304483
32687,0.0006941491
32688,0.00058508053
32689,0.0005911673
32690,0.0009393765
32691,0.0023556056
32692,0.002568637
32693,0.0016337952
32694,0.0011931895
32695,0.0009433647
32696,0.0013519753
32697,0.0013696622
32698,0.0014839319
32699,0.0018989837
32700,0.0030709237
32701,0.002922327
32702,0.0016526227
32703,0.0014614622
32704,0.0022823752
32705,0.0018468178
32706,0.0012992391
32707,0.0010733883
32708,0.0007891907
32709,0.000732978
32710,0.0009363664
32711,0.0010389992
32712,0.0011382893
32713,0.0013515016
32714,0.0013727611
32715,0.0016785709
32716,0.0010986328
32717,0.00062561035
32718,0.0010211995
32719,0.0012408033
32720,0.0016138649
32721,0.0014961007
32722,0.0018854177
32723,0.002545338
32724,0.0024335496
32725,0.002016081
32726,0.002134295
32727,0.0037317255
32728,0.0045863576
32729,0.0043934053
32730,0.0033338622
32731,0.0022116825
32732,0.001168369
32733,0.0010734696
32734,0.0016040247
32735,0.0011857759
32736,0.0010114345
32737,0.0012906085
32738,0.0015262985
32739,0.002672075
32740,0.0030055263
32741,0.002113604
32742,0.001258272
32743,0.0013654059
32744,0.0014189443
32745,0.0012091086
32746,0.0015866023
32747,0.0018221639
32748,0.0014942125
32749,0.0009546504
32750,0.0010911102
32751,0.0014351781
32752,0.0018441527
32753,0.0018684074
32754,0.001330296
32755,0.00092520367
32756,0.0006603725
32757,0.00088688225
32758,0.0008670027
32759,0.000736029
32760,0.0007699265
32761,0.001372655
32762,0.0013192457
32763,0.0012517788
32764,0.0010293464
32765,0.0009837482
32766,0.0009895298
32767,0.000868445
32768,0.00073638477
32769,0.0004167633
32770,0.00086512085
32771,0.0008730908
32772,0.0006142966
32773,0.00082834286
32774,0.0013908326
32775,0.0015306019
32776,0.0010089857
32777,0.00043547738
32778,0.0008343642
32779,0.001339301
32780,0.0012747026
32781,0.0008597891
32782,0.0007345645
32783,0.00093356485
32784,0.0025132226
32785,0.0031870785
32786,0.0024242394
32787,0.002051073
32788,0.0017572137
32789,0.0013269446
32790,0.0011181944
32791,0.00086878
32792,0.000632688
32793,0.00074526336
32794,0.0013156006
32795,0.0017388827
32796,0.0014961007
32797,0.0010228227
32798,0.001240897
32799,0.0011121135
32800,0.0010098218
32801,0.00079136353
32802,0.0011432387
32803,0.0017147817
32804,0.0014425004
32805,0.0011854322
32806,0.0010622134
32807,0.0008819131
32808,0.0009302544
32809,0.00088727596
32810,0.000720887
32811,0.0007795061
32812,0.001221299
32813,0.001475139
32814,0.0018924128
32815,0.0023416027
32816,0.0024950337
32817,0.002882397
32818,0.0025891876
32819,0.0020949184
32820,0.001457494
32821,0.001929347
32822,0.001652834
32823,0.0010649771
32824,0.00078478997
32825,0.0011350889
32826,0.0011389538
32827,0.0015191693
32828,0.0019369047
32829,0.0022129454
32830,0.0021087239
32831,0.0015460587
32832,0.0009607586
32833,0.0015706735
32834,0.0014182879
32835,0.0012328733
32836,0.0016712728
32837,0.001644307
32838,0.00084414345
32839,0.0005408805
32840,0.00069440063
32841,0.00073289854
32842,0.00064786995
32843,0.00063153694
32844,0.0007999594
32845,0.001022965
32846,0.0008178768
32847,0.0010757988
32848,0.0012757753
32849,0.00078371377
32850,0.0011948226
32851,0.0014276552
32852,0.0010172303
32853,0.0014215263
32854,0.0014799649
32855,0.0013559733
32856,0.0016768882
32857,0.0026211273
32858,0.0025527594
32859,0.001974643
32860,0.0014109843
32861,0.0014130248
32862,0.0016660404
32863,0.0014459263
32864,0.0015758532
32865,0.0014305267
32866,0.0012462564
32867,0.0015153906
32868,0.0011975962
32869,0.0011869288
32870,0.0019414673
32871,0.0018772497
32872,0.0010396992
32873,0.0010976522
32874,0.00163146
32875,0.0017301913
32876,0.0009568733
32877,0.0009213264
32878,0.0016140813
32879,0.0018066529
32880,0.0020387194
32881,0.0015981351
32882,0.0014659758
32883,0.0016007008
32884,0.001586749
32885,0.001780806
32886,0.0035258618
32887,0.0034159075
32888,0.0018292895
32889,0.0023065894
32890,0.0030941593
32891,0.002537505
32892,0.0014816158
32893,0.0018105792
32894,0.0022367272
32895,0.0023099307
32896,0.002926825
32897,0.0032907198
32898,0.0023610727
32899,0.0017403718
32900,0.0023284156
32901,0.0029772143
32902,0.0034348548
32903,0.0019725638
32904,0.0028262762
32905,0.0034556778
32906,0.0032951124
32907,0.0034623668
32908,0.0037915173
32909,0.004003172
32910,0.0027767012
32911,0.0029341148
32912,0.0025574637
32913,0.0017195613
32914,0.0010188599
32915,0.0009084107
32916,0.0014238176
32917,0.0018435686
32918,0.0016003917
32919,0.0016451034
32920,0.0014004459
32921,0.0018080861
32922,0.0021828604
32923,0.0017948383
32924,0.0016400182
32925,0.0014320315
32926,0.0012518485
32927,0.0012226566
32928,0.0011428568
32929,0.0010493122
32930,0.0013911673
32931,0.0014869884
32932,0.0018641656
32933,0.001837449
32934,0.0020516831
32935,0.002167876
32936,0.0023744951
32937,0.0021753141
32938,0.0021163423
32939,0.0021147327
32940,0.0018919975
32941,0.0014597685
32942,0.0014004044
32943,0.0018350716
32944,0.001979883
32945,0.0019036524
32946,0.0022780993
32947,0.002880498
32948,0.0026721621
32949,0.0015523146
32950,0.0011573316
32951,0.0012332038
32952,0.0011808322
32953,0.0008946258
32954,0.0016030082
32955,0.002382852
32956,0.003560672
32957,0.00326637
32958,0.0007042225
32959,0.0004684473
32960,0.00061779254
32961,0.002179284
32962,0.004254337
32963,0.004177837
32964,0.0029084207
32965,0.0025841808
32966,0.0018459351
32967,0.0
32968,0.002674296
32969,0.0041180006
32970,0.004510218
32971,0.0031528976
32972,0.0019983917
32973,0.0020822377
32974,0.0020808396
32975,0.003218402
32976,0.0039349706
32977,0.0034365575
32978,0.002178349
32979,0.0016694781
32980,0.001524944
32981,0.0023434912
32982,0.0026348378
32983,0.0036040875
32984,0.004261698
32985,0.0040747966
32986,0.0029336484
32987,0.001866319
32988,0.0016922643
32989,0.0017856858
32990,0.0016787789
32991,0.0016253296
32992,0.0014920295
32993,0.0019570997
32994,0.0020784885
32995,0.0018016521
32996,0.0010417965
32997,0.0014320924
32998,0.001527423
32999,0.001103048
33000,0.0013375614
33001,0.0014282259
33002,0.001242608
33003,0.0013444413
33004,0.001572692
33005,0.0014048655
33006,0.0012356557
33007,0.0009024319
33008,0.0010947583
33009,0.0009719022
33010,0.0008997835
33011,0.0012836669
33012,0.0011285574
33013,0.0005112833
33014,0.00070941064
33015,0.0008428323
33016,0.00077256805
33017,0.00059298606
33018,0.00070298155
33019,0.0008670699
33020,0.0007656811
33021,0.0004838504
33022,0.0005083147
33023,0.0003986313
33024,0.002005196
33025,0.003083918
33026,0.002459329
33027,0.0017318558
33028,0.0018546492
33029,0.0023749608
33030,0.0025489144
33031,0.0026290654
33032,0.0024234948
33033,0.003298008
33034,0.00331719
33035,0.0018949948
33036,0.0007688295
33037,0.0014890616
33038,0.0013695561
33039,0.0010786356
33040,0.00097522046
33041,0.0007458489
33042,0.0010309003
33043,0.0012709069
33044,0.0013998431
33045,0.00134247
33046,0.0015502697
33047,0.0015795795
33048,0.0014286131
33049,0.0010457837
33050,0.0009956287
33051,0.0015110247
33052,0.002159267
33053,0.0026543934
33054,0.0024180247
33055,0.002476758
33056,0.003589482
33057,0.004408734
33058,0.004697465
33059,0.0048598703
33060,0.0051890486
33061,0.0050951047
33062,0.0041376576
33063,0.0035679962
33064,0.0033734867
33065,0.00272332
33066,0.0015438359
33067,0.0015704326
33068,0.0013806253
33069,0.0010818416
33070,0.001601646
33071,0.0019926454
33072,0.0027048974
33073,0.0030219338
33074,0.0020235018
33075,0.0009078018
33076,0.001310769
33077,0.0011573568
33078,0.0009353401
33079,0.0012032937
33080,0.0012717769
33081,0.00082746404
33082,0.00055668445
33083,0.0010796065
33084,0.0014546557
33085,0.0013988657
33086,0.000851558
33087,0.0006758369
33088,0.0005755517
33089,0.00050739775
33090,0.00077512546
33091,0.0007368984
33092,0.0008107645
33093,0.0011099393
33094,0.0011600945
33095,0.0011658754
33096,0.0010550931
33097,0.0009594855
33098,0.0012425377
33099,0.0012848
33100,0.0013642117
33101,0.0011227659
33102,0.00089172577
33103,0.00054217037
33104,0.0005945546
33105,0.0007110907
33106,0.0011527204
33107,0.0016902338
33108,0.0017183931
33109,0.0012465132
33110,0.00069280615
33111,0.0011488764
33112,0.0012643866
33113,0.0009368946
33114,0.00073158694
33115,0.00077102194
33116,0.00079055404
33117,0.0023903516
33118,0.003758776
33119,0.0030652035
33120,0.0018221639
33121,0.0015840689
33122,0.0009777539
33123,0.00072052353
33124,0.00047694397
33125,0.00045065122
33126,0.0006355794
33127,0.00085066893
33128,0.0016642925
33129,0.0014679399
33130,0.0006690853
33131,0.0007688674
33132,0.0013251009
33133,0.0013810047
33134,0.0014686139
33135,0.0009148595
33136,0.0013683655
33137,0.001461044
33138,0.0012418817
33139,0.0009189225
33140,0.00084227964
33141,0.0010263734
33142,0.0010054315
33143,0.000625145
33144,0.00097229145
33145,0.0012156381
33146,0.0014431459
33147,0.0018091963
33148,0.001982527
33149,0.0016534853
33150,0.0018141924
33151,0.0021562185
33152,0.0023013852
33153,0.0018017006
33154,0.0021578781
33155,0.0019044015
33156,0.0011828268
33157,0.0006749751
33158,0.0008226667
33159,0.0010176594
33160,0.0015781601
33161,0.001984024
33162,0.0021233167
33163,0.0018420524
33164,0.0012181733
33165,0.00067837286
33166,0.0011508
33167,0.001021228
33168,0.0017957138
33169,0.0026078247
33170,0.002018447
33171,0.0011974748
33172,0.0008480648
33173,0.0007481087
33174,0.00082932605
33175,0.00094678294
33176,0.0010972014
33177,0.0013988657
33178,0.001425309
33179,0.001151786
33180,0.001491932
33181,0.0012734006
33182,0.0006281175
33183,0.0010608151
33184,0.0013150253
33185,0.000989118
33186,0.0012438721
33187,0.0016045508
33188,0.0018987845
33189,0.0030203345
33190,0.003389066
33191,0.0025866237
33192,0.0015929182
33193,0.0013265936
33194,0.0013840361
33195,0.0013267032
33196,0.0010233632
33197,0.0014495046
33198,0.0012176476
33199,0.0015576862
33200,0.0016136846
33201,0.0013185174
33202,0.00081381004
33203,0.0016435458
33204,0.0019536614
33205,0.001439491
33206,0.0012371858
33207,0.0015008204
33208,0.0015249822
33209,0.0011433406
33210,0.0018641656
33211,0.0019768232
33212,0.0015137381
33213,0.0012009937
33214,0.0012377268
33215,0.0024831071
33216,0.00269606
33217,0.0022318293
33218,0.0026684674
33219,0.0037841566
33220,0.0032115583
33221,0.0014186776
33222,0.0024554683
33223,0.0033880267
33224,0.0028074929
33225,0.0018765519
33226,0.0021330127
33227,0.0020921798
33228,0.002309956
33229,0.00314814
33230,0.0030493059
33231,0.0021646246
33232,0.0014853434
33233,0.0016576868
33234,0.0019452862
33235,0.0023753284
33236,0.0017543792
33237,0.0010244717
33238,0.0016316026
33239,0.0018283825
33240,0.0030941968
33241,0.0034463503
33242,0.0037234102
33243,0.0022641956
33244,0.0023846345
33245,0.0021967092
33246,0.00150848
33247,0.00096553296
33248,0.0005163246
33249,0.0012121857
33250,0.0016960438
33251,0.0018865134
33252,0.0019337317
33253,0.0012101672
33254,0.0016078486
33255,0.002297284
33256,0.0024322218
33257,0.0021890646
33258,0.0021507721
33259,0.0015163505
33260,0.0012534052
33261,0.0010864323
33262,0.0011701611
33263,0.0015054866
33264,0.001355458
33265,0.0014285112
33266,0.0014338188
33267,0.0013661091
33268,0.0014057147
33269,0.0011835156
33270,0.0013916693
33271,0.0016843692
33272,0.0018824362
33273,0.0017456649
33274,0.0013268787
33275,0.0014713263
33276,0.002012599
33277,0.0020123099
33278,0.0019833639
33279,0.0022118667
33280,0.002858611
33281,0.0025348656
33282,0.001387019
33283,0.0011587641
33284,0.00123688
33285,0.0013446145
33286,0.0019541977
33287,0.0031598406
33288,0.0032374174
33289,0.0030032208
33290,0.0021596577
33291,0.00071476476
33292,0.00064404024
33293,0.0011248378
33294,0.0023796007
33295,0.0040164613
33296,0.0033606854
33297,0.0026454863
33298,0.0030156092
33299,0.0024518862
33300,0.0
33301,0.0033199177
33302,0.004615424
33303,0.004103643
33304,0.0029361474
33305,0.0023243623
33306,0.002306602
33307,0.002232025
33308,0.0026308582
33309,0.0033250332
33310,0.003134725
33311,0.0022457263
33312,0.0014758294
33313,0.0017289629
33314,0.0035160005
33315,0.003329809
33316,0.0020989988
33317,0.0027460628
33318,0.002956132
33319,0.0031161478
33320,0.0023657768
33321,0.0021903538
33322,0.0020765553
33323,0.001871769
33324,0.0020120204
33325,0.0021921867
33326,0.002396711
33327,0.0020150703
33328,0.001571859
33329,0.0008641784
33330,0.0011088899
33331,0.0014244715
33332,0.0011766842
33333,0.0013593389
33334,0.0013418628
33335,0.0013068554
33336,0.0013455233
33337,0.0010891613
33338,0.00078215246
33339,0.0007779738
33340,0.0005281393
33341,0.000489115
33342,0.00070537865
33343,0.0007947764
33344,0.0010902295
33345,0.0010561408
33346,0.0008153107
33347,0.0010419362
33348,0.0011071826
33349,0.00083725434
33350,0.0007715125
33351,0.0010111467
33352,0.0013519968
33353,0.0010088991
33354,0.0006793589
33355,0.00037740447
33356,0.0007507107
33357,0.0019406127
33358,0.003543441
33359,0.0030838707
33360,0.00209496
33361,0.0019642839
33362,0.0020792445
33363,0.00240103
33364,0.0025715926
33365,0.002530614
33366,0.0038028457
33367,0.0040389844
33368,0.0021392528
33369,0.0007042638
33370,0.0011248895
33371,0.0008868494
33372,0.0011866591
33373,0.0012744743
33374,0.0007749377
33375,0.0008164165
33376,0.0005966557
33377,0.00059952674
33378,0.00060267386
33379,0.0010893216
33380,0.0012454621
33381,0.000962393
33382,0.0009975561
33383,0.0015182687
33384,0.0018371323
33385,0.002290331
33386,0.0035675068
33387,0.004086059
33388,0.0046021063
33389,0.004450017
33390,0.0046554627
33391,0.0048897574
33392,0.0049753306
33393,0.0046897884
33394,0.0036279918
33395,0.0020345037
33396,0.00271229
33397,0.0037653362
33398,0.003705609
33399,0.0023792582
33400,0.0019754535
33401,0.0015566583
33402,0.0015363904
33403,0.0020770177
33404,0.0020856455
33405,0.0019076843
33406,0.0023310767
33407,0.0021122403
33408,0.0017455815
33409,0.0017000886
33410,0.0015774408
33411,0.0015801506
33412,0.0016374963
33413,0.0012052512
33414,0.0007313482
33415,0.0007253143
33416,0.0009874394
33417,0.0016270299
33418,0.0015451361
33419,0.0010517224
33420,0.001562611
33421,0.0013651288
33422,0.0012760946
33423,0.0009008826
33424,0.0008461752
33425,0.001167447
33426,0.0010341137
33427,0.0007848641
33428,0.0010373171
33429,0.0011016487
33430,0.0009748921
33431,0.0009059083
33432,0.0010704016
33433,0.0012895482
33434,0.0011220399
33435,0.0010074268
33436,0.0006423207
33437,0.00077015324
33438,0.0010245569
33439,0.0015478273
33440,0.0018534719
33441,0.001637443
33442,0.0011384172
33443,0.00090346334
33444,0.0012465366
33445,0.0010085528
33446,0.0008796662
33447,0.00077264337
33448,0.001009274
33449,0.0013590391
33450,0.00241723
33451,0.0044496576
33452,0.003822829
33453,0.0017321246
33454,0.0012595435
33455,0.00082443363
33456,0.0007468628
33457,0.0005848318
33458,0.00030981353
33459,0.00050342444
33460,0.00077365973
33461,0.0015578357
33462,0.0015058538
33463,0.00044669438
33464,0.0008224544
33465,0.0011641516
33466,0.0011707579
33467,0.0014015886
33468,0.0008698848
33469,0.001314981
33470,0.0015432136
33471,0.0011698626
33472,0.0006461606
33473,0.0006349838
33474,0.0008736906
33475,0.0010149389
33476,0.0009871447
33477,0.0011698129
33478,0.0011184546
33479,0.0013272734
33480,0.0016291214
33481,0.0016040428
33482,0.0014209939
33483,0.0011187929
33484,0.0026212716
33485,0.002846122
33486,0.0015288325
33487,0.001776912
33488,0.0017520386
33489,0.0013972628
33490,0.0008599922
33491,0.00082485715
33492,0.0010907633
33493,0.0015276327
33494,0.0016914731
33495,0.0014597287
33496,0.0008436606
33497,0.0008511136
33498,0.0010047075
33499,0.0012125458
33500,0.0014359485
33501,0.002695909
33502,0.0030208067
33503,0.0017669421
33504,0.0007979559
33505,0.0010659331
33506,0.0013488717
33507,0.0016081381
33508,0.0016417741
33509,0.0016507725
33510,0.001595693
33511,0.0012465132
33512,0.0010926028
33513,0.0015635419
33514,0.0014550558
33515,0.0007926497
33516,0.0010382426
33517,0.001447616
33518,0.0015513207
33519,0.0017771414
33520,0.002356853
33521,0.0026604498
33522,0.0029458948
33523,0.0026179275
33524,0.0015326161
33525,0.0015047131
33526,0.0017940437
33527,0.0018431739
33528,0.0013631873
33529,0.0011354476
33530,0.0011637015
33531,0.0006344336
33532,0.0014372856
33533,0.0016988557
33534,0.001238338
33535,0.00082587975
33536,0.0014699212
33537,0.002082168
33538,0.0017128118
33539,0.0009098513
33540,0.0011323676
33541,0.0011709816
33542,0.0014346914
33543,0.002134745
33544,0.0017229937
33545,0.0010433877
33546,0.0008744897
33547,0.0022536179
33548,0.0033268884
33549,0.0030627719
33550,0.0026625057
33551,0.0036373574
33552,0.003602044
33553,0.0027137168
33554,0.0010641023
33555,0.002091498
33556,0.0030376874
33557,0.002811947
33558,0.0017373256
33559,0.0014310352
33560,0.001178192
33561,0.0020172934
33562,0.0029321006
33563,0.0021960202
33564,0.0009132038
33565,0.0010103404
33566,0.0014233064
33567,0.002045062
33568,0.002450295
33569,0.0016999517
33570,0.00075357413
33571,0.0008432811
33572,0.0010786626
33573,0.0017482471
33574,0.0020349184
33575,0.0020945987
33576,0.0017682428
33577,0.0014861465
33578,0.0015213327
33579,0.0014487414
33580,0.0011301294
33581,0.0007407981
33582,0.00082330324
33583,0.00094536785
33584,0.001754429
33585,0.0021092896
33586,0.0015097915
33587,0.0013204144
33588,0.0019190771
33589,0.0022507103
33590,0.0020616031
33591,0.0020849616
33592,0.0016564749
33593,0.0012083863
33594,0.0011034437
33595,0.0010467018
33596,0.001414507
33597,0.0013980332
33598,0.0012008968
33599,0.0008727574
33600,0.0010081776
33601,0.0010301096
33602,0.0005987495
33603,0.0009291901
33604,0.0013948027
33605,0.0015670004
33606,0.0013305586
33607,0.0010638013
33608,0.0016293714
33609,0.0019515449
33610,0.0017458649
33611,0.0017491957
33612,0.0021161635
33613,0.0032271165
33614,0.0027630208
33615,0.0011169704
33616,0.0013288294
33617,0.001537659
33618,0.0018604619
33619,0.0034840615
33620,0.0037895364
33621,0.002736082
33622,0.0015971514
33623,0.0009090192
33624,0.0009975269
33625,0.0011615487
33626,0.001600428
33627,0.0020168317
33628,0.0031422363
33629,0.003110202
33630,0.0024576362
33631,0.002628246
33632,0.002584879
33633,0.0
33634,0.003973882
33635,0.004733804
33636,0.0033908517
33637,0.0029315148
33638,0.0026748073
33639,0.0021668286
33640,0.0013715521
33641,0.0017191042
33642,0.002890403
33643,0.003463367
33644,0.0031527497
33645,0.0019287586
33646,0.0037214635
33647,0.0048297984
33648,0.00387932
33649,0.0018269653
33650,0.0011768821
33651,0.0017080134
33652,0.0028204315
33653,0.0027310676
33654,0.0027477262
33655,0.002647136
33656,0.0020790065
33657,0.0023989927
33658,0.002314173
33659,0.0020154892
33660,0.0016202901
33661,0.0009524834
33662,0.00084792747
33663,0.0009076094
33664,0.0012554701
33665,0.0011136564
33666,0.0014187597
33667,0.001473856
33668,0.0014038086
33669,0.0015446086
33670,0.000906101
33671,0.0006257499
33672,0.0009422843
33673,0.00078981736
33674,0.00076396874
33675,0.00075453904
33676,0.0007413087
33677,0.0008602629
33678,0.0011027841
33679,0.0012362209
33680,0.001249242
33681,0.001304961
33682,0.0009743546
33683,0.0010565266
33684,0.001151988
33685,0.0014247167
33686,0.0009855807
33687,0.0008722904
33688,0.0005475121
33689,0.001589095
33690,0.0031842098
33691,0.0037612296
33692,0.003341065
33693,0.0021018256
33694,0.0018131011
33695,0.0014350971
33696,0.0021231386
33697,0.0021382323
33698,0.0025250644
33699,0.0041116634
33700,0.00457214
33701,0.0025155607
33702,0.0011368054
33703,0.00067047577
33704,0.00094206806
33705,0.0014406228
33706,0.001601537
33707,0.0008506005
33708,0.00066345034
33709,0.0005359616
33710,0.00048744606
33711,0.00070640945
33712,0.001280557
33713,0.0013819737
33714,0.0010671066
33715,0.0014651418
33716,0.0018111739
33717,0.0018659291
33718,0.0019846254
33719,0.003117259
33720,0.00408199
33721,0.0047034584
33722,0.00500869
33723,0.004959805
33724,0.005006534
33725,0.003824557
33726,0.0030438988
33727,0.0020189804
33728,0.0019119969
33729,0.0017864517
33730,0.0032228932
33731,0.003790742
33732,0.0028728698
33733,0.0019831583
33734,0.0012998661
33735,0.0014542755
33736,0.001687304
33737,0.0013495621
33738,0.0010086683
33739,0.001584822
33740,0.001801539
33741,0.001750227
33742,0.001739502
33743,0.0021142785
33744,0.002379405
33745,0.0026244563
33746,0.0020497104
33747,0.001521371
33748,0.00088445056
33749,0.00077759963
33750,0.0019103523
33751,0.0016120425
33752,0.0011866591
33753,0.0015189395
33754,0.001131442
33755,0.0013928609
33756,0.0013399745
33757,0.0014555358
33758,0.0013026842
33759,0.00088858703
33760,0.00083240855
33761,0.0011836386
33762,0.0011305414
33763,0.0012161408
33764,0.0012615522
33765,0.0015082678
33766,0.0015653651
33767,0.0011844005
33768,0.0010147095
33769,0.000555795
33770,0.0007585399
33771,0.0012547281
33772,0.001716512
33773,0.0016841964
33774,0.0013664073
33775,0.00067034556
33776,0.0010783927
33777,0.0012610445
33778,0.0008461752
33779,0.0007516793
33780,0.0010473967
33781,0.0015060278
33782,0.0019012201
33783,0.0024263514
33784,0.004561561
33785,0.0041798153
33786,0.0013272734
33787,0.0007755384
33788,0.0004547657
33789,0.0004898285
33790,0.0005042331
33791,0.0003029744
33792,0.0005740327
33793,0.001062049
33794,0.0016216906
33795,0.0014896478
33796,0.0007601879
33797,0.0010583706
33798,0.0011336263
33799,0.0008798316
33800,0.00093583786
33801,0.0007103536
33802,0.0011070775
33803,0.0012574854
33804,0.00051643734
33805,0.00033045057
33806,0.00035589305
33807,0.0008378451
33808,0.0009465063
33809,0.0011648514
33810,0.0013182084
33811,0.0010749326
33812,0.0012060236
33813,0.0012812613
33814,0.0011436715
33815,0.0009629372
33816,0.0007611062
33817,0.0034971184
33818,0.0038245264
33819,0.0017222334
33820,0.0011175175
33821,0.001265629
33822,0.0013582037
33823,0.0014615618
33824,0.0012410377
33825,0.0014805547
33826,0.001834215
33827,0.0013482675
33828,0.0009899415
33829,0.0010473689
33830,0.0013756625
33831,0.0016140091
33832,0.0017532342
33833,0.0018783502
33834,0.0029378815
33835,0.0027061237
33836,0.0008765175
33837,0.0006267723
33838,0.0013536748
33839,0.0017585217
33840,0.0017745027
33841,0.0016199847
33842,0.0012599363
33843,0.0011838598
33844,0.0010715973
33845,0.0012874024
33846,0.0016949967
33847,0.0013812997
33848,0.0008358976
33849,0.0009620603
33850,0.0012731492
33851,0.0015525959
33852,0.0016556841
33853,0.0024529067
33854,0.002321117
33855,0.0016223904
33856,0.0013553721
33857,0.0019229101
33858,0.0021444436
33859,0.0019476187
33860,0.0015054672
33861,0.0010645945
33862,0.0012625437
33863,0.0012724631
33864,0.0011353452
33865,0.0015759455
33866,0.0014407239
33867,0.0008226667
33868,0.00085982296
33869,0.00091457315
33870,0.001796605
33871,0.0017323095
33872,0.0007762136
33873,0.0008296068
33874,0.0007811099
33875,0.0011631761
33876,0.0018269334
33877,0.0011695143
33878,0.00022425748
33879,0.0005607475
33880,0.0022523648
33881,0.0026866738
33882,0.0024184098
33883,0.0025678212
33884,0.0030908182
33885,0.002406031
33886,0.0014247575
33887,0.0015274993
33888,0.0019657058
33889,0.0023970995
33890,0.0021413604
33891,0.0011488764
33892,0.0013804778
33893,0.0016082647
33894,0.0024014178
33895,0.0026906463
33896,0.0014209735
33897,0.0012576936
33898,0.0017125909
33899,0.0016178455
33900,0.0019389923
33901,0.002108779
33902,0.0015555173
33903,0.00089706236
33904,0.0007220568
33905,0.00084234873
33906,0.0020419715
33907,0.002615247
33908,0.0022047367
33909,0.0016291214
33910,0.00096941355
33911,0.0012203931
33912,0.0016788829
33913,0.0013959915
33914,0.0007362662
33915,0.0008655581
33916,0.00074252475
33917,0.001585079
33918,0.001876676
33919,0.0013396922
33920,0.0010629256
33921,0.0013738631
33922,0.0012844149
33923,0.0012362209
33924,0.0015845097
33925,0.0015301073
33926,0.0012738119
33927,0.0010971748
33928,0.0010184599
33929,0.0015283184
33930,0.0021064728
33931,0.0016594591
33932,0.00094064587
33933,0.0009120238
33934,0.00095391844
33935,0.00066208903
33936,0.0009693235
33937,0.0015159858
33938,0.0017998258
33939,0.001328194
33940,0.0011710065
33941,0.0019203203
33942,0.002340571
33943,0.0018274272
33944,0.001970231
33945,0.0023537641
33946,0.003461173
33947,0.0031456337
33948,0.0016798534
33949,0.0018630881
33950,0.0020070819
33951,0.0025182667
33952,0.0035132677
33953,0.0030262838
33954,0.001507013
33955,0.0010135615
33956,0.0009110021
33957,0.0011766842
33958,0.0010043599
33959,0.0012030033
33960,0.0016299251
33961,0.002151868
33962,0.0023008413
33963,0.0017515734
33964,0.0016749606
33965,0.0020273242
33966,0.0
33967,0.0044660186
33968,0.0045650946
33969,0.0035047748
33970,0.0025167058
33971,0.0021424203
33972,0.0013871028
33973,0.00077860954
33974,0.0017094782
33975,0.0022903183
33976,0.0032421874
33977,0.004077624
33978,0.0029956426
33979,0.0044652624
33980,0.005110419
33981,0.0034359137
33982,0.0012357971
33983,0.0010575453
33984,0.0013974502
33985,0.0022021213
33986,0.0030351377
33987,0.0030218759
33988,0.0031307023
33989,0.00267795
33990,0.0022285278
33991,0.0020799723
33992,0.0016440947
33993,0.0010678155
33994,0.0006165193
33995,0.00084034237
33996,0.0010354356
33997,0.0012281666
33998,0.0014115823
33999,0.001542459
34000,0.0015083257
34001,0.0013306241
34002,0.0016241653
34003,0.0010394192
34004,0.0006903654
34005,0.001015111
34006,0.00069146056
34007,0.00078741857
34008,0.0006021424
34009,0.00037886685
34010,0.00085148966
34011,0.0011803637
34012,0.001461761
34013,0.0012452519
34014,0.0010147955
34015,0.0009748921
34016,0.0010795526
34017,0.0012498476
34018,0.0015666846
34019,0.0012663186
34020,0.0013435535
34021,0.000920726
34022,0.0019452113
34023,0.003985641
34024,0.003898419
34025,0.0025904574
34026,0.0017873149
34027,0.0014858919
34028,0.0012019142
34029,0.0016885455
34030,0.001901618
34031,0.0024296478
34032,0.004137686
34033,0.0047120512
34034,0.0028476352
34035,0.0021631184
34036,0.0017397194
34037,0.0016411535
34038,0.001628371
34039,0.0016178455
34040,0.000893291
34041,0.0007450681
34042,0.00094413565
34043,0.0010128147
34044,0.0011243977
34045,0.0015776253
34046,0.001773026
34047,0.0018394754
34048,0.002177681
34049,0.0021376333
34050,0.002130487
34051,0.0021605873
34052,0.004194585
34053,0.0050214576
34054,0.005383391
34055,0.0056203012
34056,0.0054038847
34057,0.005052791
34058,0.004605678
34059,0.0043079806
34060,0.003848801
34061,0.002724228
34062,0.002035719
34063,0.0027443876
34064,0.0033998862
34065,0.0030131955
34066,0.0022637714
34067,0.0012643635
34068,0.0011054201
34069,0.0010787975
34070,0.0008703531
34071,0.00093144254
34072,0.0011444092
34073,0.0013927146
34074,0.0016051673
34075,0.0016610718
34076,0.0016046051
34077,0.0019115098
34078,0.0024690493
34079,0.0021340223
34080,0.0017382969
34081,0.0010940402
34082,0.0011062885
34083,0.0020335736
34084,0.0015450984
34085,0.0013068777
34086,0.001532806
34087,0.0009407387
34088,0.001040091
34089,0.0010575728
34090,0.001148775
34091,0.001119833
34092,0.001081142
34093,0.001064157
34094,0.0007926497
34095,0.00094166637
34096,0.0015892965
34097,0.0016968157
34098,0.001289977
34099,0.0011598436
34100,0.00082057674
34101,0.00091870077
34102,0.0009268694
34103,0.0013737148
34104,0.001647278
34105,0.0017223348
34106,0.0015540011
34107,0.0011673721
34108,0.0006760091
34109,0.0011143618
34110,0.0014758294
34111,0.0014386214
34112,0.0015051193
34113,0.0014933554
34114,0.0015825983
34115,0.0017052337
34116,0.002499043
34117,0.0038074884
34118,0.0031172216
34119,0.00091654406
34120,0.0005243787
34121,0.00047431278
34122,0.00060156215
34123,0.000651141
34124,0.00045065122
34125,0.00068375724
34126,0.0013995313
34127,0.0018130691
34128,0.0010106284
34129,0.0006967856
34130,0.0010798222
34131,0.001221299
34132,0.0011357296
34133,0.0009502502
34134,0.0005649359
34135,0.00087295746
34136,0.0010603211
34137,0.00047718798
34138,0.00041947796
34139,0.000429217
34140,0.00053655857
34141,0.0008817151
34142,0.0014725918
34143,0.001621529
34144,0.0011890357
34145,0.0014038086
34146,0.0012525226
34147,0.00087797723
34148,0.0008615137
34149,0.001693399
34150,0.00406739
34151,0.0038750565
34152,0.0010622134
34153,0.0008660623
34154,0.00096520135
34155,0.001248846
34156,0.0015278994
34157,0.001570655
34158,0.0021162324
34159,0.0024940304
34160,0.0020107615
34161,0.0011956992
34162,0.0014124068
34163,0.0017880964
34164,0.0019677035
34165,0.0023858545
34166,0.0024434677
34167,0.0027684085
34168,0.0019686203
34169,0.00092205266
34170,0.001155847
34171,0.0017394685
34172,0.0017232132
34173,0.0017051143
34174,0.0012379383
34175,0.0006527927
34176,0.0009786465
34177,0.0010095047
34178,0.0012233229
34179,0.0014937061
34180,0.0013011865
34181,0.0010033741
34182,0.00092123164
34183,0.0008564314
34184,0.00085520715
34185,0.001672996
34186,0.0025973802
34187,0.0021489852
34188,0.0014752574
34189,0.0016285675
34190,0.0019180911
34191,0.001971058
34192,0.001395074
34193,0.0010286394
34194,0.0010918834
34195,0.0010849579
34196,0.0011626757
34197,0.0013439216
34198,0.0014505083
34199,0.0014337173
34200,0.0008835616
34201,0.0006592256
34202,0.0009919386
34203,0.0016543476
34204,0.0015745414
34205,0.0005396415
34206,0.00087038655
34207,0.00071068126
34208,0.0010661515
34209,0.0015413265
34210,0.0013648089
34211,0.0011234914
34212,0.0011382637
34213,0.002389621
34214,0.0026820768
34215,0.0023307395
34216,0.002530982
34217,0.0021565831
34218,0.0011906745
34219,0.0014118503
34220,0.0016528692
34221,0.0016711161
34222,0.0017330485
34223,0.0016595643
34224,0.0010394192
34225,0.0015365798
34226,0.0021884132
34227,0.0023858668
34228,0.0021074538
34229,0.0013194222
34230,0.0016145861
34231,0.0018983246
34232,0.0019535422
34233,0.0019028726
34234,0.0016728046
34235,0.0013635289
34236,0.0011832942
34237,0.0013941975
34238,0.0015991546
34239,0.0038720586
34240,0.00409979
34241,0.0023438637
34242,0.0017235003
34243,0.0013734817
34244,0.0010462011
34245,0.001832437
34246,0.0018806574
34247,0.001013619
34248,0.0011458325
34249,0.0014004668
34250,0.0017444807
34251,0.001752487
34252,0.0014597685
34253,0.0013507046
34254,0.0011654758
34255,0.000951658
34256,0.0010524141
34257,0.0012919158
34258,0.0010072534
34259,0.0010326492
34260,0.0010582331
34261,0.00134247
34262,0.0019134728
34263,0.002510407
34264,0.0020572646
34265,0.00087638467
34266,0.0007547704
34267,0.00094862556
34268,0.00092567544
34269,0.00097061374
34270,0.0015091359
34271,0.0018011997
34272,0.0012071091
34273,0.0012084345
34274,0.0019666236
34275,0.0023379955
34276,0.0020241202
34277,0.002231347
34278,0.00246603
34279,0.0033883876
34280,0.003190629
34281,0.0018803014
34282,0.001821557
34283,0.0022754662
34284,0.0025464925
34285,0.0029512348
34286,0.0021777744
34287,0.0010872891
34288,0.0011247342
34289,0.0010241023
34290,0.001137522
34291,0.0012780773
34292,0.0015587321
34293,0.0019590466
34294,0.0027067044
34295,0.002749124
34296,0.0016038069
34297,0.0012535446
34298,0.0017960866
34299,0.0
34300,0.0043337448
34301,0.0037141598
34302,0.0026872586
34303,0.0019481864
34304,0.0017106695
34305,0.0015497439
34306,0.0012763226
34307,0.0017968479
34308,0.0030855879
34309,0.0042612134
34310,0.004690204
34311,0.0036145379
34312,0.00398578
34313,0.0040869564
34314,0.0015046938
34315,0.0011899165
34316,0.0018400607
34317,0.0019810146
34318,0.0023368997
34319,0.003092315
34320,0.0030430383
34321,0.003488778
34322,0.002846531
34323,0.001689252
34324,0.0018279685
34325,0.0013033543
34326,0.00094265485
34327,0.00066616456
34328,0.0009879698
34329,0.0011541587
34330,0.0010516394
34331,0.0014218334
34332,0.0015702287
34333,0.0017158337
34334,0.001469644
34335,0.0017963133
34336,0.001467107
34337,0.0012368328
34338,0.0015343811
34339,0.0011098868
34340,0.0007957645
34341,0.0005817382
34342,0.00056442054
34343,0.0011180643
34344,0.0013274928
34345,0.0013703421
34346,0.0010664245
34347,0.00092658674
34348,0.0013635075
34349,0.0017940761
34350,0.0017253568
34351,0.001905257
34352,0.001663208
34353,0.0016606863
34354,0.0012073984
34355,0.0022863501
34356,0.004614882
34357,0.004113928
34358,0.0019315633
34359,0.0016536085
34360,0.0011094671
34361,0.00081072864
34362,0.0012112249
34363,0.0013389316
34364,0.0017738794
34365,0.0034784768
34366,0.0040049087
34367,0.0029202248
34368,0.0028468685
34369,0.0027766803
34370,0.0025414473
34371,0.0018573307
34372,0.0014906244
34373,0.0009875278
34374,0.0013372133
34375,0.0016767146
34376,0.0016297644
34377,0.0014056525
34378,0.0019050584
34379,0.0019452263
34380,0.0019182732
34381,0.0019700096
34382,0.001992178
34383,0.002063776
34384,0.0039524683
34385,0.0054457528
34386,0.0067224405
34387,0.006777561
34388,0.006397924
34389,0.005144668
34390,0.0034946625
34391,0.0035944572
34392,0.003957494
34393,0.003968877
34394,0.0030611467
34395,0.0027359014
34396,0.0028226285
34397,0.0033421887
34398,0.0034439682
34399,0.0028556162
34400,0.0017764206
34401,0.0010442241
34402,0.00076545303
34403,0.0007479531
34404,0.00062783936
34405,0.0007174471
34406,0.0010311544
34407,0.0013087915
34408,0.0011866591
34409,0.0009709435
34410,0.00096012227
34411,0.0014314622
34412,0.0017564682
34413,0.0017963133
34414,0.001395929
34415,0.0013724642
34416,0.0018168375
34417,0.0011121135
34418,0.0011458325
34419,0.0012338645
34420,0.0007412694
34421,0.00029548517
34422,0.0004934396
34423,0.0008030096
34424,0.0010381024
34425,0.0011124798
34426,0.0010302508
34427,0.0008821441
34428,0.0012475168
34429,0.0020923049
34430,0.0019044167
34431,0.0009306923
34432,0.0009805775
34433,0.000930098
34434,0.0006842253
34435,0.0011206383
34436,0.0014838927
34437,0.0015981351
34438,0.0013413421
34439,0.0012985893
34440,0.0012065062
34441,0.0010333817
34442,0.0015266797
34443,0.0017513408
34444,0.0015256881
34445,0.0012455323
34446,0.0009982852
34447,0.000973189
34448,0.0014169123
34449,0.0022640543
34450,0.0029852681
34451,0.0024148328
34452,0.0012304868
34453,0.00075804093
34454,0.00066423946
34455,0.0006493955
34456,0.0005624059
34457,0.00055122044
34458,0.0006541733
34459,0.0015126802
34460,0.0019955789
34461,0.0011091523
34462,0.000602529
34463,0.00056380144
34464,0.00074428646
34465,0.0009887354
34466,0.0008930303
34467,0.00032287757
34468,0.00094021263
34469,0.0012415302
34470,0.0007036023
34471,0.0005594485
34472,0.00069770386
34473,0.0005517482
34474,0.00094690593
34475,0.0015091166
34476,0.0020237032
34477,0.0021116752
34478,0.0020601908
34479,0.00165183
34480,0.0010057209
34481,0.001286724
34482,0.0022475917
34483,0.0035719012
34484,0.0031152603
34485,0.00085778965
34486,0.0008724239
34487,0.0006048912
34488,0.00071529386
34489,0.00096752035
34490,0.0010225382
34491,0.0017192228
34492,0.002545944
34493,0.0021946414
34494,0.0016090608
34495,0.001687718
34496,0.0019108702
34497,0.0022936326
34498,0.002542844
34499,0.0023779734
34500,0.0025555624
34501,0.002295104
34502,0.0017229599
34503,0.0019042945
34504,0.0022593187
34505,0.002251266
34506,0.0022019893
34507,0.0016994551
34508,0.000762825
34509,0.0008145607
34510,0.0008040238
34511,0.0009847536
34512,0.0010922299
34513,0.0009227468
34514,0.0010921765
34515,0.0009803994
34516,0.0005706767
34517,0.00095288054
34518,0.002236545
34519,0.0026346277
34520,0.0018228346
34521,0.0016582134
34522,0.002110076
34523,0.0020157634
34524,0.0016254013
34525,0.0009472747
34526,0.0011883257
34527,0.0014142189
34528,0.001260121
34529,0.0011619746
34530,0.0013498855
34531,0.0012705633
34532,0.0012578787
34533,0.0011252
34534,0.0012694863
34535,0.0015197056
34536,0.0013699597
34537,0.0012788286
34538,0.0012496613
34539,0.001471623
34540,0.0015322552
34541,0.001428552
34542,0.0019132447
34543,0.001592571
34544,0.001499967
34545,0.0012328733
34546,0.0020107038
34547,0.0025417223
34548,0.0025425924
34549,0.0022047497
34550,0.0010552587
34551,0.00067905895
34552,0.0010025036
34553,0.0010025617
34554,0.0009855513
34555,0.0013016785
34556,0.000838366
34557,0.0009394384
34558,0.001757313
34559,0.0021343904
34560,0.0018597578
34561,0.0013275365
34562,0.0015656439
34563,0.0015483724
34564,0.0016460584
34565,0.001728744
34566,0.0014532345
34567,0.0012166911
34568,0.0012616444
34569,0.001586804
34570,0.0023950466
34571,0.0021475356
34572,0.004664456
34573,0.0051360675
34574,0.002858672
34575,0.001380794
34576,0.0014849907
34577,0.0006049393
34578,0.0014764012
34579,0.0019348151
34580,0.001278009
34581,0.0010715701
34582,0.0014039952
34583,0.001601973
34584,0.0019630834
34585,0.0017275314
34586,0.0014858723
34587,0.001071543
34588,0.00088704634
34589,0.0012850944
34590,0.0013968461
34591,0.0009853741
34592,0.0005706767
34593,0.0007743742
34594,0.0010155409
34595,0.0018058794
34596,0.0025161277
34597,0.0021502308
34598,0.0011915786
34599,0.0009658042
34600,0.00096465845
34601,0.00094160455
34602,0.0005964606
34603,0.0013912092
34604,0.0017197982
34605,0.0013882563
34606,0.0012581564
34607,0.0017019536
34608,0.0020070819
34609,0.0022710748
34610,0.0029681972
34611,0.0038625614
34612,0.0034843788
34613,0.0024987287
34614,0.0020078793
34615,0.00197218
34616,0.0028761907
34617,0.0027947754
34618,0.0016953916
34619,0.0009771286
34620,0.0008835616
34621,0.0010587005
34622,0.0009516886
34623,0.0011014637
34624,0.0012019384
34625,0.001452934
34626,0.0019343336
34627,0.003099657
34628,0.0033074988
34629,0.0020744097
34630,0.0015889301
34631,0.0016588275
34632,0.0
34633,0.0037074932
34634,0.002835344
34635,0.0021937129
34636,0.0020123676
34637,0.0017871358
34638,0.001777698
34639,0.001204309
34640,0.0015916021
34641,0.0032302355
34642,0.004882741
34643,0.005228518
34644,0.0037948934
34645,0.0033244207
34646,0.003449499
34647,0.0019224712
34648,0.0014288167
34649,0.0020895211
34650,0.0021841
34651,0.002352453
34652,0.0029244476
34653,0.0030323076
34654,0.0034622576
34655,0.0028006425
34656,0.0015046938
34657,0.001635967
34658,0.0012035597
34659,0.0009752802
34660,0.0009459834
34661,0.0010633909
34662,0.0011360627
34663,0.0010680335
34664,0.0013526424
34665,0.0012075913
34666,0.0014639295
34667,0.0018481568
34668,0.0018705869
34669,0.0016060917
34670,0.0011393882
34671,0.001429224
34672,0.0013138074
34673,0.0011088899
34674,0.001023221
34675,0.0010049682
34676,0.001221299
34677,0.0015363146
34678,0.0018359595
34679,0.0014975201
34680,0.0014414913
34681,0.0017428283
34682,0.002005849
34683,0.001723703
34684,0.0017065473
34685,0.0015384537
34686,0.0012311488
34687,0.0012573001
34688,0.0025231158
34689,0.004179404
34690,0.0039489395
34691,0.0022089304
34692,0.0018071844
34693,0.0012760946
34694,0.001015111
34695,0.0013580751
34696,0.0014994041
34697,0.001725593
34698,0.0026799599
34699,0.0029852584
34700,0.0024259316
34701,0.0027990313
34702,0.0031013184
34703,0.0032082035
34704,0.0027018508
34705,0.0022462576
34706,0.0017764533
34707,0.0022183703
34708,0.0021160948
34709,0.00140987
34710,0.001008322
34711,0.0013210755
34712,0.001093375
34713,0.0013453502
34714,0.0015322552
34715,0.0017890076
34716,0.002050988
34717,0.004591438
34718,0.0065860194
34719,0.0062953923
34720,0.0051611485
34721,0.005329633
34722,0.0056848153
34723,0.00499536
34724,0.0036975497
34725,0.002314877
34726,0.0022254959
34727,0.0027307905
34728,0.002917363
34729,0.002818212
34730,0.0028933617
34731,0.0031118952
34732,0.002839939
34733,0.0017632816
34734,0.0009533691
34735,0.00059200363
34736,0.0006304761
34737,0.0005229893
34738,0.00062309316
34739,0.0006861791
34740,0.0006539063
34741,0.00072679744
34742,0.0010649771
34743,0.0011027841
34744,0.0011810786
34745,0.0013961375
34746,0.0015466234
34747,0.0013016785
34748,0.0015205481
34749,0.0014033109
34750,0.000951658
34751,0.00089975115
34752,0.00093577564
34753,0.0007677688
34754,0.0006724263
34755,0.0008501898
34756,0.00082107313
34757,0.00079426356
34758,0.0012362209
34759,0.0013209432
34760,0.0011271898
34761,0.001474705
34762,0.0025546968
34763,0.0022958266
34764,0.0010918301
34765,0.0008471033
34766,0.0005864221
34767,0.0006433168
34768,0.0013328969
34769,0.001332613
34770,0.0012146322
34771,0.0006436786
34772,0.0009928478
34773,0.0012468634
34774,0.0014078042
34775,0.001623036
34776,0.0013547493
34777,0.001035042
34778,0.0010441684
34779,0.0009047188
34780,0.0010837769
34781,0.0014908586
34782,0.002408316
34783,0.0025139058
34784,0.0018532991
34785,0.0015512456
34786,0.0011335494
34787,0.00086797564
34788,0.000698371
34789,0.00071284844
34790,0.00065546227
34791,0.0006851179
34792,0.0015609711
34793,0.0018988764
34794,0.0011246566
34795,0.0010098218
34796,0.0009189225
34797,0.0011076557
34798,0.0014209939
34799,0.0012336285
34800,0.000545435
34801,0.0012379383
34802,0.0014198261
34803,0.0009846058
34804,0.000937112
34805,0.0012818291
34806,0.00084183033
34807,0.0013001795
34808,0.0017734856
34809,0.0025608868
34810,0.0025437253
34811,0.0018752797
34812,0.0013992401
34813,0.0009829195
34814,0.0016159015
34815,0.0023275032
34816,0.0023993081
34817,0.0017533172
34818,0.00090168987
34819,0.00066821475
34820,0.00069878757
34821,0.00093919056
34822,0.0012063374
34823,0.0012474702
34824,0.0015139111
34825,0.0023308268
34826,0.00250847
34827,0.0022150355
34828,0.00204482
34829,0.002033917
34830,0.0020767935
34831,0.0026062396
34832,0.0026456513
34833,0.0025599434
34834,0.0024712645
34835,0.0019245894
34836,0.002069198
34837,0.0022938102
34838,0.001927536
34839,0.0020070819
34840,0.0016676467
34841,0.0007874925
34842,0.00059621653
34843,0.0007548861
34844,0.001198835
34845,0.0010832666
34846,0.0013198853
34847,0.0016068164
34848,0.0011754468
34849,0.00093962427
34850,0.0012217279
34851,0.002413326
34852,0.0022288933
34853,0.0007902226
34854,0.0015206055
34855,0.0021372929
34856,0.0019167706
34857,0.0013910418
34858,0.0008578914
34859,0.0010162285
34860,0.001257439
34861,0.0011417613
34862,0.0010884395
34863,0.001041601
34864,0.0008655581
34865,0.0011095196
34866,0.0012578787
34867,0.0015740793
34868,0.0013045595
34869,0.001284732
34870,0.0016337062
34871,0.0023008413
34872,0.0025619776
34873,0.0024589268
34874,0.0022947616
34875,0.0022485626
34876,0.0020432253
34877,0.0016802865
34878,0.0015988451
34879,0.001687304
34880,0.0025760366
34881,0.002348057
34882,0.0014632932
34883,0.0007618706
34884,0.00045591616
34885,0.00067562156
34886,0.0009886766
34887,0.0011974748
34888,0.001223418
34889,0.0009049118
34890,0.0015389645
34891,0.0019494111
34892,0.0018210455
34893,0.0016260815
34894,0.0012268152
34895,0.0023045698
34896,0.0023045319
34897,0.001720069
34898,0.0016475254
34899,0.0012251297
34900,0.0016243266
34901,0.0027422872
34902,0.0033380496
34903,0.003302488
34904,0.002508389
34905,0.0051507456
34906,0.0059351735
34907,0.0036108564
34908,0.0015558167
34909,0.0013971794
34910,0.0007596517
34911,0.0007980653
34912,0.001622785
34913,0.0016071605
34914,0.0010782308
34915,0.0010927627
34916,0.001419662
34917,0.0019662979
34918,0.0014418748
34919,0.000735119
34920,0.00090613315
34921,0.0010989242
34922,0.0014440733
34923,0.0018474323
34924,0.0016678037
34925,0.001239536
34926,0.0011844988
34927,0.0016164597
34928,0.0019731685
34929,0.0020575617
34930,0.0017811
34931,0.0009894122
34932,0.0009538269
34933,0.0011199629
34934,0.0014699212
34935,0.0013515231
34936,0.0017598287
34937,0.0018520424
34938,0.0015370911
34939,0.0015422326
34940,0.0014744089
34941,0.0015758532
34942,0.002600751
34943,0.0036565103
34944,0.004338879
34945,0.003506211
34946,0.0018137753
34947,0.0016262784
34948,0.0021847128
34949,0.0035303659
34950,0.0030009814
34951,0.0010536301
34952,0.00074150495
34953,0.0006927641
34954,0.0008039514
34955,0.00082637294
34956,0.0007374906
34957,0.00080846384
34958,0.0013417978
34959,0.0022603618
34960,0.0035820068
34961,0.0035237563
34962,0.0023328487
34963,0.0016412777
34964,0.0011772035
34965,0.0
34966,0.0026722818
34967,0.0023184575
34968,0.0018724219
34969,0.0019411824
34970,0.002055906
34971,0.0020218904
34972,0.0014489423
34973,0.0016774609
34974,0.0032722987
34975,0.0054825097
34976,0.0054555666
34977,0.0038215043
34978,0.0035508173
34979,0.0033724685
34980,0.0023952047
34981,0.0017258629
34982,0.001600428
34983,0.0017755849
34984,0.0020501078
34985,0.0023524777
34986,0.0026864896
34987,0.0032178322
34988,0.002681697
34989,0.0017588196
34990,0.0016749953
34991,0.00135966
34992,0.0012673984
34993,0.0012557947
34994,0.0012435679
34995,0.0011989321
34996,0.0010772586
34997,0.0013522981
34998,0.0014275941
34999,0.0016247387
35000,0.002059979
35001,0.00202166
35002,0.0015667961
35003,0.001046535
35004,0.0022184097
35005,0.0022153638
35006,0.0013982829
35007,0.001224084
35008,0.0012378913
35009,0.0014227133
35010,0.0018911052
35011,0.002360185
35012,0.0020651997
35013,0.001822627
35014,0.0019819546
35015,0.0018959161
35016,0.0015926624
35017,0.0011616489
35018,0.0009750712
35019,0.00086944975
35020,0.0018798525
35021,0.0028720996
35022,0.0032258178
35023,0.0031319198
35024,0.0025389956
35025,0.0024120957
35026,0.0022076652
35027,0.0021705728
35028,0.0024139169
35029,0.0023473254
35030,0.0020537388
35031,0.0017030989
35032,0.0015926624
35033,0.0015878308
35034,0.0020618006
35035,0.00251174
35036,0.0026310573
35037,0.002536874
35038,0.0021405313
35039,0.0020779422
35040,0.0029095614
35041,0.0029284356
35042,0.0020128014
35043,0.000967761
35044,0.00079580105
35045,0.00045399705
35046,0.0010719232
35047,0.0016480729
35048,0.0019507393
35049,0.0037576763
35050,0.006717551
35051,0.0072531793
35052,0.005741544
35053,0.00440066
35054,0.0035106905
35055,0.0045870747
35056,0.0045005344
35057,0.0037653283
35058,0.002205766
35059,0.0020685089
35060,0.002576319
35061,0.0026398476
35062,0.0024074458
35063,0.0025933995
35064,0.0028648758
35065,0.0026707132
35066,0.0018519638
35067,0.0011212096
35068,0.0007536127
35069,0.00071006676
35070,0.00067294546
35071,0.0007873077
35072,0.0010823258
35073,0.0010699121
35074,0.0013923802
35075,0.0015574807
35076,0.0013030416
35077,0.00089025585
35078,0.00085982296
35079,0.0011345759
35080,0.0010548724
35081,0.0015878308
35082,0.0013182084
35083,0.001181325
35084,0.0010453941
35085,0.000868914
35086,0.0008612434
35087,0.0008307987
35088,0.0008438331
35089,0.0007095337
35090,0.00050197705
35091,0.0013128988
35092,0.0016904748
35093,0.0014092919
35094,0.0011610475
35095,0.0024518624
35096,0.0023818624
35097,0.001333137
35098,0.00090256095
35099,0.00066847604
35100,0.0010527459
35101,0.0014759675
35102,0.0012459294
35103,0.00079099566
35104,0.0007524533
35105,0.00092671235
35106,0.001191896
35107,0.0016030446
35108,0.001415227
35109,0.0012386669
35110,0.0010490348
35111,0.0011187148
35112,0.001026997
35113,0.0012904507
35114,0.0016143157
35115,0.0018949334
35116,0.0022102345
35117,0.0020793704
35118,0.0020781665
35119,0.001708763
35120,0.00078043895
35121,0.0007656051
35122,0.0007853831
35123,0.0009133631
35124,0.001257439
35125,0.0016868038
35126,0.0017399536
35127,0.0013413639
35128,0.0011795745
35129,0.0008387478
35130,0.0011156409
35131,0.0015406277
35132,0.0013749854
35133,0.0013172807
35134,0.0018871458
35135,0.001661282
35136,0.0010839648
35137,0.0010967769
35138,0.0017635953
35139,0.0014614622
35140,0.001677079
35141,0.0018288122
35142,0.0026381384
35143,0.0026185946
35144,0.0015939958
35145,0.00085982296
35146,0.0011577088
35147,0.0022158236
35148,0.0024904218
35149,0.0015255165
35150,0.0010272803
35151,0.0010424947
35152,0.0012600517
35153,0.0015819545
35154,0.0017984345
35155,0.0018923206
35156,0.0017696249
35157,0.0017297876
35158,0.002107647
35159,0.0021229056
35160,0.0019786183
35161,0.0018530636
35162,0.0021298314
35163,0.0023638692
35164,0.0027903982
35165,0.0026944403
35166,0.0023236235
35167,0.0019176207
35168,0.0010638287
35169,0.0014142189
35170,0.00202896
35171,0.0017588692
35172,0.0019551802
35173,0.0018665061
35174,0.0016786748
35175,0.0014508694
35176,0.0012239888
35177,0.0012331802
35178,0.001358932
35179,0.0017955679
35180,0.0019499634
35181,0.0017100569
35182,0.0016668089
35183,0.0016132877
35184,0.0021419448
35185,0.0014585918
35186,0.00083586277
35187,0.0016774609
35188,0.0021557596
35189,0.0017347271
35190,0.00083624566
35191,0.0007352377
35192,0.00107542
35193,0.0012571613
35194,0.001095157
35195,0.0009830676
35196,0.0009968557
35197,0.0008891437
35198,0.0010940137
35199,0.0013747949
35200,0.0013579465
35201,0.0010841796
35202,0.0015098685
35203,0.0018351034
35204,0.0021031543
35205,0.0028099797
35206,0.0029778886
35207,0.0032350612
35208,0.0030828041
35209,0.0031657023
35210,0.002951994
35211,0.0027822196
35212,0.0020938623
35213,0.0023965773
35214,0.0020057764
35215,0.0010894819
35216,0.00091600406
35217,0.00068192446
35218,0.00063695165
35219,0.0009853445
35220,0.0012848
35221,0.0010971483
35222,0.0006909974
35223,0.0016698617
35224,0.0018087137
35225,0.0013522335
35226,0.0012346661
35227,0.0010190883
35228,0.0031782633
35229,0.0035290217
35230,0.002409488
35231,0.0020839702
35232,0.002202782
35233,0.0026812302
35234,0.0030025132
35235,0.0039862255
35236,0.0036113882
35237,0.0035864809
35238,0.0043912386
35239,0.005884964
35240,0.003997599
35241,0.0012784643
35242,0.0009446904
35243,0.00054222404
35244,0.00044112155
35245,0.0011707827
35246,0.001561344
35247,0.001431442
35248,0.0014545757
35249,0.0017099378
35250,0.00209757
35251,0.0016145861
35252,0.0009771583
35253,0.0009257069
35254,0.001157055
35255,0.0010070512
35256,0.0016652541
35257,0.0017790891
35258,0.0014985887
35259,0.0011430096
35260,0.0013262645
35261,0.0017993082
35262,0.0017115029
35263,0.00116807
35264,0.0007083021
35265,0.0007851978
35266,0.0009118323
35267,0.0012036322
35268,0.0013372351
35269,0.0014962952
35270,0.0015140071
35271,0.0013535458
35272,0.0015050806
35273,0.0014469525
35274,0.0013287637
35275,0.0029209822
35276,0.0041846656
35277,0.004214203
35278,0.0039789835
35279,0.0025764434
35280,0.0015505137
35281,0.0024809965
35282,0.003586554
35283,0.0028694537
35284,0.000873624
35285,0.0008247866
35286,0.0010580131
35287,0.0009875278
35288,0.00095361326
35289,0.001285751
35290,0.0014786468
35291,0.002048304
35292,0.0030905358
35293,0.0044118287
35294,0.0035542746
35295,0.002459329
35296,0.0018646652
35297,0.000992144
35298,0.0
35299,0.0020344607
35300,0.002238288
35301,0.0018753574
35302,0.0018066851
35303,0.0015085572
35304,0.0014802401
35305,0.0013399745
35306,0.0017019878
35307,0.002265776
35308,0.0047909683
35309,0.005432193
35310,0.0042597856
35311,0.0037227536
35312,0.00371329
35313,0.003188603
35314,0.0023631796
35315,0.0013873336
35316,0.0021238788
35317,0.0025949925
35318,0.0022021213
35319,0.002644529
35320,0.002934085
35321,0.0026678347
35322,0.0020765972
35323,0.0013872078
35324,0.0011083124
35325,0.0012043333
35326,0.0012931768
35327,0.0010445307
35328,0.0008929325
35329,0.00088668533
35330,0.0012744743
35331,0.0017353141
35332,0.0016735003
35333,0.0019369047
35334,0.0019432204
35335,0.0013556299
35336,0.0011086537
35337,0.0027903253
35338,0.0026882223
35339,0.0012852303
35340,0.0010994272
35341,0.0011273188
35342,0.0010374293
35343,0.0013852553
35344,0.0021157647
35345,0.0020609817
35346,0.0020436526
35347,0.0020317265
35348,0.0015538138
35349,0.0011276803
35350,0.000775726
35351,0.0009671894
35352,0.000972471
35353,0.0018814928
35354,0.0025378491
35355,0.0019501873
35356,0.0020269938
35357,0.0023466435
35358,0.0026435053
35359,0.002948423
35360,0.0027683876
35361,0.002616749
35362,0.0020618006
35363,0.001581881
35364,0.0009275913
35365,0.0008152036
35366,0.0007227417
35367,0.00095708616
35368,0.0009393765
35369,0.0011025993
35370,0.0014222222
35371,0.0015055833
35372,0.0017184947
35373,0.00254289
35374,0.0027570631
35375,0.0024558357
35376,0.0019640764
35377,0.001839412
35378,0.0013004257
35379,0.0016040428
35380,0.0020980835
35381,0.002353195
35382,0.0052705146
35383,0.007746406
35384,0.007664322
35385,0.0055594314
35386,0.0038258429
35387,0.0031678346
35388,0.002951363
35389,0.003209718
35390,0.002908631
35391,0.0023388793
35392,0.0024250436
35393,0.0027332192
35394,0.002214707
35395,0.0021086687
35396,0.0025183705
35397,0.0029640272
35398,0.003027524
35399,0.0020571654
35400,0.0012047198
35401,0.0010390552
35402,0.0008525827
35403,0.00074424734
35404,0.0008698514
35405,0.0010394192
35406,0.001069259
35407,0.0012136734
35408,0.0010544033
35409,0.0007795061
35410,0.000599915
35411,0.0007085075
35412,0.00092777953
35413,0.0011520386
35414,0.0017501605
35415,0.0013759587
35416,0.0015906875
35417,0.001667577
35418,0.0015980987
35419,0.0012621749
35420,0.0011960886
35421,0.0009521166
35422,0.0011103062
35423,0.0007042225
35424,0.0012234419
35425,0.0020085315
35426,0.0018122181
35427,0.0005914134
35428,0.0018583332
35429,0.0024173867
35430,0.0023055545
35431,0.0021647995
35432,0.001479001
35433,0.0017563191
35434,0.0017822762
35435,0.0014528539
35436,0.0010351544
35437,0.001136037
35438,0.000918479
35439,0.0015427609
35440,0.0017409904
35441,0.001207085
35442,0.0012636037
35443,0.001032621
35444,0.0004219683
35445,0.0005911673
35446,0.0013446362
35447,0.0016870798
35448,0.0018285734
35449,0.0019934047
35450,0.0018246699
35451,0.002080448
35452,0.001880874
35453,0.0009257069
35454,0.00082893996
35455,0.0012178149
35456,0.0016057837
35457,0.001727144
35458,0.0015218682
35459,0.0012360326
35460,0.00095781573
35461,0.00093850854
35462,0.0006224389
35463,0.0006904075
35464,0.0010654143
35465,0.001159668
35466,0.0016035528
35467,0.0019698176
35468,0.0016178455
35469,0.0009769498
35470,0.000663845
35471,0.0013338136
35472,0.0013341191
35473,0.0014683364
35474,0.0015292132
35475,0.0022527135
35476,0.0023055673
35477,0.0016695305
35478,0.0009863187
35479,0.0013023267
35480,0.0022793766
35481,0.0024738775
35482,0.0013992401
35483,0.0007161478
35484,0.0011665741
35485,0.0015058152
35486,0.0016631905
35487,0.0017036798
35488,0.0015829845
35489,0.0015608593
35490,0.0014138073
35491,0.0013875014
35492,0.0012472369
35493,0.001306499
35494,0.0011917251
35495,0.0016065991
35496,0.001848582
35497,0.0022309294
35498,0.0018555435
35499,0.00083167397
35500,0.0009809633
35501,0.001089081
35502,0.0015254974
35503,0.0017836636
35504,0.0014019
35505,0.0016633655
35506,0.0019802211
35507,0.0021963913
35508,0.0022117218
35509,0.0017234666
35510,0.0011959425
35511,0.00074518524
35512,0.0016994722
35513,0.0022921474
35514,0.0020886157
35515,0.0020342604
35516,0.0014308318
35517,0.0014037671
35518,0.00095775496
35519,0.0005713902
35520,0.0019603537
35521,0.002237794
35522,0.0013443114
35523,0.0008228082
35524,0.0009989263
35525,0.0011122443
35526,0.0010872623
35527,0.001044865
35528,0.00074935256
35529,0.00062491215
35530,0.0010959805
35531,0.0015362767
35532,0.0015200695
35533,0.0011447397
35534,0.0016685888
35535,0.0023514011
35536,0.0024033803
35537,0.0025389725
35538,0.0030863045
35539,0.0031327375
35540,0.0033989018
35541,0.003288924
35542,0.0029309785
35543,0.0028075238
35544,0.0027477157
35545,0.002331526
35546,0.0020085024
35547,0.0018399183
35548,0.000910331
35549,0.0009948391
35550,0.0007525693
35551,0.000993346
35552,0.0018847075
35553,0.0020719531
35554,0.0016216727
35555,0.001263811
35556,0.002064213
35557,0.0019738912
35558,0.00096667773
35559,0.00091609935
35560,0.0012620826
35561,0.0041175555
35562,0.004408734
35563,0.0023912159
35564,0.0017414751
35565,0.0028408817
35566,0.0038485967
35567,0.0034594908
35568,0.0032686323
35569,0.0023693047
35570,0.002830279
35571,0.0051388657
35572,0.005808555
35573,0.0030770209
35574,0.0007388311
35575,0.00057772204
35576,0.00049379334
35577,0.00028931405
35578,0.00074091594
35579,0.0012886904
35580,0.001319775
35581,0.0016791082
35582,0.0018814774
35583,0.0020659466
35584,0.0017072976
35585,0.0012946838
35586,0.0010486463
35587,0.0011006972
35588,0.0008906154
35589,0.0013671952
35590,0.001866163
35591,0.001791836
35592,0.0013266593
35593,0.0016348993
35594,0.0018704314
35595,0.0012481699
35596,0.0007027331
35597,0.00055180094
35598,0.00070908235
35599,0.00089322584
35600,0.001257439
35601,0.0014628954
35602,0.0015079591
35603,0.0012591275
35604,0.0011180122
35605,0.0014036427
35606,0.0012845055
35607,0.001332198
35608,0.0033989102
35609,0.0045774076
35610,0.0034768113
35611,0.0039149276
35612,0.0035105082
35613,0.0020879884
35614,0.0027269723
35615,0.002984683
35616,0.001957382
35617,0.00095969776
35618,0.0012714335
35619,0.0015149488
35620,0.0017373423
35621,0.0018235849
35622,0.0023496677
35623,0.002093612
35624,0.0021960202
35625,0.0038046362
35626,0.005167404
35627,0.0033380496
35628,0.0025074955
35629,0.002059555
35630,0.00074471644
35631,0.0
35632,0.0020934313
35633,0.002032686
35634,0.0016784668
35635,0.0012568372
35636,0.0010610895
35637,0.0009382915
35638,0.0009546504
35639,0.001339388
35640,0.002318583
35641,0.0040375357
35642,0.0042207106
35643,0.0036371252
35644,0.003732981
35645,0.0037968408
35646,0.003456907
35647,0.0022387821
35648,0.001381089
35649,0.001933536
35650,0.002930512
35651,0.00296756
35652,0.0026840183
35653,0.0028612264
35654,0.002883235
35655,0.0021967357
35656,0.001340322
35657,0.0012036322
35658,0.0013684293
35659,0.0013479869
35660,0.0009991012
35661,0.0006355794
35662,0.00048216325
35663,0.0012492187
35664,0.0021952116
35665,0.0018093411
35666,0.0015213327
35667,0.002085729
35668,0.002262228
35669,0.0019216686
35670,0.002825102
35671,0.002607981
35672,0.0009958918
35673,0.000732978
35674,0.00086797564
35675,0.0007747123
35676,0.00080445805
35677,0.0010542377
35678,0.0011905523
35679,0.0015302025
35680,0.0015072061
35681,0.0009686327
35682,0.00083443394
35683,0.00069473585
35684,0.0007766259
35685,0.00058721565
35686,0.0015804636
35687,0.0019798095
35688,0.0015005877
35689,0.0018434739
35690,0.0016953573
35691,0.0014791781
35692,0.0022006538
35693,0.0019089807
35694,0.0017510416
35695,0.000634938
35696,0.00065621664
35697,0.0008626953
35698,0.0009666476
35699,0.0008496419
35700,0.0008022119
35701,0.00070248457
35702,0.0010635551
35703,0.0009641152
35704,0.0011374196
35705,0.0013559947
35706,0.0018345164
35707,0.002239614
35708,0.0018393488
35709,0.0016498555
35710,0.0015473947
35711,0.0013717643
35712,0.001633528
35713,0.0021759698
35714,0.003792024
35715,0.0073652985
35716,0.008400816
35717,0.0064779357
35718,0.004310088
35719,0.0032157784
35720,0.0026674636
35721,0.0032370668
35722,0.0031973536
35723,0.0024908893
35724,0.0031215413
35725,0.0033636547
35726,0.002720465
35727,0.0017547276
35728,0.0018014098
35729,0.0023949859
35730,0.0026730224
35731,0.0028366167
35732,0.0021490937
35733,0.001314981
35734,0.0012208223
35735,0.0011989806
35736,0.00071533455
35737,0.0006801296
35738,0.00068171107
35739,0.0005049253
35740,0.0007209677
35741,0.0007151311
35742,0.00056524493
35743,0.0005740327
35744,0.0005477778
35745,0.0005974357
35746,0.0012007998
35747,0.0016379405
35748,0.0014114174
35749,0.001469941
35750,0.0017674196
35751,0.0017742895
35752,0.0015814025
35753,0.0013163083
35754,0.0011095458
35755,0.001259428
35756,0.00082439836
35757,0.0003377677
35758,0.00177904
35759,0.0019550463
35760,0.0008451083
35761,0.0012970195
35762,0.002097029
35763,0.0027157536
35764,0.0025784532
35765,0.0016914558
35766,0.0016433864
35767,0.0018382249
35768,0.0015310771
35769,0.001436597
35770,0.0016615974
35771,0.0014500868
35772,0.0020715739
35773,0.0017738302
35774,0.0012029066
35775,0.0013090583
35776,0.0010726289
35777,0.0006692592
35778,0.0006354878
35779,0.0016538725
35780,0.0018328817
35781,0.0017525867
35782,0.002387062
35783,0.0022041425
35784,0.0018057344
35785,0.0016194637
35786,0.0008713223
35787,0.00094123353
35788,0.0014690894
35789,0.0015980987
35790,0.00125143
35791,0.0008648517
35792,0.0006932681
35793,0.00080065033
35794,0.0010106284
35795,0.00093763985
35796,0.00071006676
35797,0.000871055
35798,0.0011008029
35799,0.0017473312
35800,0.001969581
35801,0.001415926
35802,0.0010116071
35803,0.00089540624
35804,0.0007334146
35805,0.00072129053
35806,0.0007435431
35807,0.0012256997
35808,0.0019993817
35809,0.0021933946
35810,0.002175448
35811,0.0015414398
35812,0.0013836154
35813,0.0021005236
35814,0.0022181736
35815,0.0015708588
35816,0.0012378913
35817,0.0009765923
35818,0.0011687425
35819,0.0011584124
35820,0.0011331899
35821,0.0011869288
35822,0.0011894272
35823,0.0013253863
35824,0.0015085958
35825,0.0010082931
35826,0.0007682615
35827,0.00054222404
35828,0.001113578
35829,0.0015695984
35830,0.0019041721
35831,0.0013623758
35832,0.0010257494
35833,0.001483677
35834,0.0016008826
35835,0.0014932384
35836,0.0013595958
35837,0.00087289076
35838,0.00087638467
35839,0.0011508253
35840,0.0013390402
35841,0.0017432958
35842,0.0019037136
35843,0.0014382573
35844,0.0008798316
35845,0.0017659205
35846,0.0024009452
35847,0.0020338455
35848,0.0021541796
35849,0.0014828136
35850,0.0007557723
35851,0.0005854287
35852,0.00058048614
35853,0.0020913172
35854,0.00223769
35855,0.00081954757
35856,0.001040119
35857,0.0013106581
35858,0.0012997094
35859,0.0009808149
35860,0.0009322858
35861,0.00074162264
35862,0.001033804
35863,0.0013338136
35864,0.001441996
35865,0.0009893533
35866,0.0011362165
35867,0.0018723598
35868,0.0024156764
35869,0.0027675359
35870,0.0026494
35871,0.0027540212
35872,0.00258659
35873,0.0025499647
35874,0.0030760844
35875,0.002714982
35876,0.0024715236
35877,0.002182527
35878,0.0020144635
35879,0.0017397028
35880,0.0017840553
35881,0.0014816944
35882,0.0012323066
35883,0.0011389538
35884,0.0013709578
35885,0.002231112
35886,0.0021613685
35887,0.0013822897
35888,0.0014302419
35889,0.002712805
35890,0.0024267472
35891,0.0010133318
35892,0.0011053937
35893,0.0021636565
35894,0.004516054
35895,0.0043686195
35896,0.0018722198
35897,0.0010365874
35898,0.0033200579
35899,0.0043605845
35900,0.0036481512
35901,0.0032691755
35902,0.0018840898
35903,0.0028164454
35904,0.0047760312
35905,0.005733448
35906,0.0037581408
35907,0.0011105946
35908,0.0008716229
35909,0.0011787353
35910,0.00132431
35911,0.001436293
35912,0.0013774808
35913,0.0012944139
35914,0.0019204718
35915,0.0022040633
35916,0.0020130328
35917,0.0018824207
35918,0.0018501872
35919,0.0017051143
35920,0.0013279312
35921,0.0010983944
35922,0.0014825584
35923,0.0016189783
35924,0.0015194184
35925,0.0012960094
35926,0.0016823983
35927,0.0018765985
35928,0.0013294425
35929,0.00096836226
35930,0.00070537865
35931,0.00079367706
35932,0.0014923805
35933,0.0017252725
35934,0.0015507765
35935,0.0010574902
35936,0.00089156255
35937,0.0012785099
35938,0.0015126802
35939,0.0016467655
35940,0.002233472
35941,0.003363992
35942,0.0045969365
35943,0.00351634
35944,0.0036943054
35945,0.0038612878
35946,0.0020978476
35947,0.0023512526
35948,0.0022197212
35949,0.0009975269
35950,0.0010477301
35951,0.0015402688
35952,0.0017141027
35953,0.0017563191
35954,0.0019758807
35955,0.002362921
35956,0.001927687
35957,0.0016121508
35958,0.0037774288
35959,0.0057284967
35960,0.004126995
35961,0.0024469788
35962,0.0022656734
35963,0.0010410141
35964,0.0
35965,0.001506337
35966,0.001446047
35967,0.001119833
35968,0.0011042609
35969,0.0011566776
35970,0.0009787059
35971,0.0007832308
35972,0.001035548
35973,0.0029369404
35974,0.0036686363
35975,0.00313801
35976,0.002866917
35977,0.0029099116
35978,0.003117623
35979,0.0033228092
35980,0.0028076277
35981,0.0021606951
35982,0.0021909517
35983,0.0035239875
35984,0.0032517426
35985,0.0024207674
35986,0.0025298893
35987,0.002723961
35988,0.0022802446
35989,0.0014171588
35990,0.0015470373
35991,0.0017755029
35992,0.0015327679
35993,0.0010907633
35994,0.0008179124
35995,0.0010417686
35996,0.0015870607
35997,0.002199172
35998,0.0016050586
35999,0.0012227518
36000,0.001969256
36001,0.0029175028
36002,0.0027770891
36003,0.002665095
36004,0.0020913589
36005,0.000989824
36006,0.00071991736
36007,0.0007651107
36008,0.00090333447
36009,0.0009525445
36010,0.00062407326
36011,0.0007033127
36012,0.001136037
36013,0.0008912687
36014,0.00084086176
36015,0.0008818471
36016,0.00072955526
36017,0.00082464545
36018,0.00066423946
36019,0.0012183166
36020,0.0017003454
36021,0.0015658299
36022,0.0017258796
36023,0.0012805343
36024,0.000832828
36025,0.00085639744
36026,0.0004723452
36027,0.00059185614
36028,0.0008102618
36029,0.0009927305
36030,0.0010712985
36031,0.0008329328
36032,0.0009849013
36033,0.0014240219
36034,0.0015132573
36035,0.0021672584
36036,0.0018439001
36037,0.0015909254
36038,0.0015233209
36039,0.0016230181
36040,0.0015061051
36041,0.00094515237
36042,0.0008679421
36043,0.0008743566
36044,0.0015618844
36045,0.0018588969
36046,0.0039854515
36047,0.0063516162
36048,0.008726393
36049,0.008312515
36050,0.0052779587
36051,0.0029834153
36052,0.0011969885
36053,0.0017332165
36054,0.0034163336
36055,0.0032533978
36056,0.002221438
36057,0.0040492825
36058,0.0039421534
36059,0.0021386405
36060,0.0014470731
36061,0.0016004462
36062,0.0019400427
36063,0.0022024913
36064,0.0025302805
36065,0.0021075641
36066,0.001390686
36067,0.0011626256
36068,0.0011694893
36069,0.00067867315
36070,0.00051851827
36071,0.0007958742
36072,0.0009325355
36073,0.0012428188
36074,0.0012741545
36075,0.0011579853
36076,0.0009714829
36077,0.0006277003
36078,0.0007043877
36079,0.0012871763
36080,0.0018380508
36081,0.0015207969
36082,0.0016138649
36083,0.0018055732
36084,0.0019230312
36085,0.0014505083
36086,0.0009822679
36087,0.000978587
36088,0.0013544485
36089,0.0011947983
36090,0.000652971
36091,0.0016451918
36092,0.0016525874
36093,0.0011552173
36094,0.00086747255
36095,0.00087508856
36096,0.0017873801
36097,0.0019161175
36098,0.0011724222
36099,0.0013263741
36100,0.0014494645
36101,0.0009241965
36102,0.0010877976
36103,0.0016022637
36104,0.0018203582
36105,0.0025883894
36106,0.001755507
36107,0.0012000967
36108,0.0012154466
36109,0.00084279774
36110,0.0007747499
36111,0.00075249193
36112,0.0015382834
36113,0.0015455692
36114,0.0018606028
36115,0.0028756543
36116,0.002553295
36117,0.001536826
36118,0.001079283
36119,0.00091259804
36120,0.0012306051
36121,0.0014735796
36122,0.0010365874
36123,0.001025352
36124,0.0013762971
36125,0.0013262425
36126,0.0012465366
36127,0.0008798316
36128,0.00078378804
36129,0.0006724263
36130,0.0011150145
36131,0.0014859899
36132,0.0017406058
36133,0.0015063756
36134,0.0009440123
36135,0.00056038407
36136,0.00082893996
36137,0.00081755646
36138,0.0009642359
36139,0.001000062
36140,0.0013280407
36141,0.0016382603
36142,0.0017952113
36143,0.0022296114
36144,0.001977456
36145,0.0016824674
36146,0.0016735003
36147,0.0014803385
36148,0.0014961007
36149,0.001623036
36150,0.0012145124
36151,0.0011985679
36152,0.0010971483
36153,0.0010317751
36154,0.001124993
36155,0.0012305577
36156,0.001515429
36157,0.0016019548
36158,0.0011674968
36159,0.0008433156
36160,0.0007279578
36161,0.00077681325
36162,0.0011500916
36163,0.001692677
36164,0.0014345291
36165,0.0013805199
36166,0.0017063086
36167,0.0017282558
36168,0.0014324175
36169,0.0010253805
36170,0.00082015106
36171,0.00073158694
36172,0.000761756
36173,0.0009494842
36174,0.0015435719
36175,0.0015739498
36176,0.0011143357
36177,0.0005477778
36178,0.001588234
36179,0.0021215067
36180,0.0018450993
36181,0.0022883988
36182,0.0017675678
36183,0.0007634352
36184,0.00075307186
36185,0.0006899858
36186,0.0020310532
36187,0.0022336803
36188,0.00081865926
36189,0.0011964048
36190,0.0012492187
36191,0.0009104908
36192,0.0009820901
36193,0.0013296833
36194,0.00155475
36195,0.0016166397
36196,0.0012367152
36197,0.0009884998
36198,0.00083380594
36199,0.001350489
36200,0.0018002946
36201,0.0023686169
36202,0.0030469762
36203,0.0024373499
36204,0.002169312
36205,0.0022484849
36206,0.0019502321
36207,0.0028756543
36208,0.0029163854
36209,0.002473242
36210,0.001833485
36211,0.0015095215
36212,0.0012246782
36213,0.001724125
36214,0.0017799395
36215,0.0017644697
36216,0.002098985
36217,0.001987395
36218,0.0019318344
36219,0.0013941348
36220,0.00066327484
36221,0.0013229247
36222,0.0030022613
36223,0.0027312592
36224,0.00083338696
36225,0.0014437307
36226,0.0028931606
36227,0.004334953
36228,0.003690033
36229,0.001461761
36230,0.0010745536
36231,0.0036258814
36232,0.0044543054
36233,0.0038857218
36234,0.003243785
36235,0.0016154691
36236,0.0032686235
36237,0.0048143533
36238,0.0046685347
36239,0.0032083397
36240,0.0015304877
36241,0.0013218243
36242,0.0016296394
36243,0.0016465004
36244,0.0017974633
36245,0.0015507953
36246,0.0014621193
36247,0.001878474
36248,0.0024141578
36249,0.0022526619
36250,0.002074101
36251,0.002151922
36252,0.0021092345
36253,0.0017940112
36254,0.0016771832
36255,0.0019060359
36256,0.0020212713
36257,0.0016953744
36258,0.001331608
36259,0.0015710626
36260,0.0015418929
36261,0.00096078886
36262,0.001133883
36263,0.0013147596
36264,0.0012254622
36265,0.0013653846
36266,0.0013711489
36267,0.00087031967
36268,0.0007710597
36269,0.00084023847
36270,0.0013495189
36271,0.0018344371
36272,0.0019472003
36273,0.002545498
36274,0.0029310382
36275,0.0039462117
36276,0.0040327106
36277,0.0034321083
36278,0.0031501825
36279,0.002258391
36280,0.0022087987
36281,0.0015980441
36282,0.000943704
36283,0.001446208
36284,0.0019854757
36285,0.0019093464
36286,0.0016555962
36287,0.001705336
36288,0.0020790484
36289,0.0017485301
36290,0.0016369986
36291,0.0038391321
36292,0.005674567
36293,0.0042809877
36294,0.0026929062
36295,0.0027036383
36296,0.0017322086
36297,0.0
36298,0.00086100685
36299,0.0014738955
36300,0.0015103118
36301,0.0015869141
36302,0.0013272077
36303,0.0009598797
36304,0.0008015223
36305,0.00095839286
36306,0.0037652124
36307,0.0041445172
36308,0.0020495257
36309,0.0015704882
36310,0.0017988553
36311,0.0025273801
36312,0.0029496467
36313,0.0027568836
36314,0.0021617454
36315,0.0019179394
36316,0.003586554
36317,0.0037959747
36318,0.0023898522
36319,0.0025311084
36320,0.0027947754
36321,0.002386891
36322,0.0020855058
36323,0.001991535
36324,0.0020165285
36325,0.0013873546
36326,0.0011352939
36327,0.0012043333
36328,0.0013081464
36329,0.00176821
36330,0.0018035088
36331,0.0013130098
36332,0.0014631739
36333,0.0018156036
36334,0.0025871187
36335,0.0026857744
36336,0.0022221848
36337,0.0014031865
36338,0.0008998159
36339,0.00057453953
36340,0.00084169203
36341,0.0010317751
36342,0.0011675966
36343,0.00068149756
36344,0.0008012317
36345,0.0011074718
36346,0.0006711266
36347,0.00081381004
36348,0.00060801057
36349,0.00044065947
36350,0.0007216133
36351,0.00085306045
36352,0.0011415319
36353,0.0013973877
36354,0.0012914651
36355,0.001561344
36356,0.0012565823
36357,0.0010080622
36358,0.0010933484
36359,0.0008330726
36360,0.0009287515
36361,0.0011655757
36362,0.0011951149
36363,0.001286724
36364,0.0011024146
36365,0.001577699
36366,0.0022645812
36367,0.0021498383
36368,0.002501697
36369,0.0023398993
36370,0.001996614
36371,0.0016821733
36372,0.0014083623
36373,0.001239536
36374,0.0012217279
36375,0.0013438567
36376,0.0014484
36377,0.002202346
36378,0.0024568664
36379,0.004795255
36380,0.007645072
36381,0.008427753
36382,0.006311428
36383,0.003289101
36384,0.0018967448
36385,0.0018459194
36386,0.0021036803
36387,0.0035560345
36388,0.0033229408
36389,0.0021729716
36390,0.0043611717
36391,0.004134294
36392,0.00218158
36393,0.002095849
36394,0.0019925286
36395,0.0017085074
36396,0.0016245416
36397,0.0018418629
36398,0.0017507091
36399,0.0016351664
36400,0.0015207969
36401,0.0012118495
36402,0.00078478997
36403,0.0006808567
36404,0.00095101557
36405,0.0016522176
36406,0.0020222215
36407,0.0021634817
36408,0.002009082
36409,0.0015507953
36410,0.00068939506
36411,0.0008655917
36412,0.0010856551
36413,0.001902689
36414,0.0019791038
36415,0.0017141876
36416,0.0017921933
36417,0.0018286053
36418,0.0012493352
36419,0.0011432132
36420,0.0012870181
36421,0.0015078239
36422,0.0013206127
36423,0.0008719233
36424,0.0011723974
36425,0.0012912623
36426,0.0012469101
36427,0.0008467597
36428,0.0011288668
36429,0.0017868426
36430,0.0017032527
36431,0.0007973356
36432,0.0010404827
36433,0.0009137136
36434,0.00082188804
36435,0.0011155886
36436,0.0015030488
36437,0.0019725638
36438,0.0025163935
36439,0.0015962764
36440,0.0011458325
36441,0.0014727103
36442,0.0016623504
36443,0.0017033895
36444,0.001464029
36445,0.0018149301
36446,0.0016168198
36447,0.001900531
36448,0.0028714815
36449,0.0025082612
36450,0.0014160082
36451,0.0009113854
36452,0.0010330155
36453,0.0016466595
36454,0.0021709213
36455,0.0020509027
36456,0.0020810075
36457,0.0019627572
36458,0.0019126361
36459,0.0015541135
36460,0.0013234526
36461,0.0011370614
36462,0.0009582107
36463,0.0010260898
36464,0.0016064903
36465,0.0015548998
36466,0.0012689589
36467,0.0006319055
36468,0.00042512914
36469,0.0008142748
36470,0.001021057
36471,0.0015986995
36472,0.0016533622
36473,0.0018871613
36474,0.0020079953
36475,0.0018960235
36476,0.0019105045
36477,0.0016542948
36478,0.0013467772
36479,0.0012782594
36480,0.0009530027
36481,0.0011843514
36482,0.0012247971
36483,0.0008334219
36484,0.0008571447
36485,0.0011558721
36486,0.0012750907
36487,0.0014910928
36488,0.0016911977
36489,0.0015789529
36490,0.0016656036
36491,0.0015689493
36492,0.0012998661
36493,0.0011536794
36494,0.001203608
36495,0.0013172807
36496,0.0014845006
36497,0.0011265699
36498,0.0011946765
36499,0.0012603289
36500,0.0012737205
36501,0.0008958612
36502,0.00077253033
36503,0.0008755208
36504,0.00085690705
36505,0.0011894272
36506,0.0014878493
36507,0.0017615478
36508,0.0016473134
36509,0.00091227907
36510,0.0005246561
36511,0.0014747246
36512,0.0016957006
36513,0.0018301485
36514,0.0025843836
36515,0.0019181366
36516,0.0007946299
36517,0.00090075337
36518,0.0013819106
36519,0.0019268565
36520,0.0018145934
36521,0.0008856672
36522,0.0013744561
36523,0.0011139961
36524,0.0005845829
36525,0.0010345076
36526,0.0014388439
36527,0.001411706
36528,0.0011571053
36529,0.00068592455
36530,0.00064917136
36531,0.0006735939
36532,0.0012149436
36533,0.0013229467
36534,0.001815283
36535,0.0030890664
36536,0.002611973
36537,0.0022762718
36538,0.0025784306
36539,0.0015716553
36540,0.0015446274
36541,0.0019779857
36542,0.0014293666
36543,0.0013971586
36544,0.0012272896
36545,0.0014345291
36546,0.001793135
36547,0.0018716446
36548,0.0020191967
36549,0.0028094617
36550,0.0031157928
36551,0.0026780479
36552,0.0012887807
36553,0.0011583371
36554,0.0019005922
36555,0.00306395
36556,0.0026694378
36557,0.00086316746
36558,0.0019484853
36559,0.003564528
36560,0.0037289793
36561,0.0031285356
36562,0.0019091788
36563,0.00086005987
36564,0.0037419517
36565,0.0042171716
36566,0.0030626105
36567,0.0030912138
36568,0.001658424
36569,0.0029291012
36570,0.0038763105
36571,0.003799783
36572,0.002809296
36573,0.0014098287
36574,0.0009946343
36575,0.0007636258
36576,0.00070418115
36577,0.00086259405
36578,0.0012121857
36579,0.0013995313
36580,0.0017956166
36581,0.002212735
36582,0.0023340585
36583,0.001984244
36584,0.0020555095
36585,0.0020715035
36586,0.002204235
36587,0.0024013573
36588,0.0025185207
36589,0.0023986287
36590,0.0018923206
36591,0.0010911102
36592,0.0010782848
36593,0.0010552035
36594,0.00089657557
36595,0.0012091808
36596,0.0015298411
36597,0.0016321556
36598,0.0016303536
36599,0.0014036013
36600,0.0009020771
36601,0.0007665169
36602,0.00069192343
36603,0.0015038231
36604,0.0021089308
36605,0.0021159847
36606,0.0031225574
36607,0.003425836
36608,0.003511387
36609,0.003680493
36610,0.0029050165
36611,0.0025949476
36612,0.0026848316
36613,0.0028347794
36614,0.0024043368
36615,0.0014769925
36616,0.002008995
36617,0.0021833535
36618,0.0017344921
36619,0.00160973
36620,0.0015234356
36621,0.0017409403
36622,0.0010742556
36623,0.0013921293
36624,0.0030098518
36625,0.005196951
36626,0.0045089917
36627,0.0028299913
36628,0.002655917
36629,0.002055368
36630,0.0
36631,0.0017209993
36632,0.0020829644
36633,0.0017739942
36634,0.0012770294
36635,0.000830273
36636,0.0008467253
36637,0.0010147669
36638,0.0032315326
36639,0.0048039323
36640,0.00422908
36641,0.0019273246
36642,0.0015473006
36643,0.0014027508
36644,0.0014369008
36645,0.0019209415
36646,0.0023520323
36647,0.0023905828
36648,0.002472536
36649,0.0037505284
36650,0.0034129412
36651,0.0018748451
36652,0.0025722603
36653,0.0028792045
36654,0.0025327406
36655,0.0022490285
36656,0.0021145125
36657,0.0019110072
36658,0.0013434235
36659,0.0011023881
36660,0.0012251297
36661,0.0011726456
36662,0.0013701721
36663,0.0010129584
36664,0.0009274658
36665,0.001257439
36666,0.0012074466
36667,0.0011242424
36668,0.0015897359
36669,0.0014371034
36670,0.0009723513
36671,0.0007837509
36672,0.0009188275
36673,0.0013210094
36674,0.0017268237
36675,0.0017427781
36676,0.0013684293
36677,0.0012749309
36678,0.0012078563
36679,0.0008160956
36680,0.000981853
36681,0.0008645824
36682,0.0009242595
36683,0.0011309275
36684,0.0014659163
36685,0.0014619998
36686,0.0013025055
36687,0.0011228696
36688,0.0013068331
36689,0.0013068554
36690,0.0012042365
36691,0.0011863647
36692,0.0008834957
36693,0.0008334568
36694,0.0009886766
36695,0.0009845467
36696,0.0009625442
36697,0.0011701114
36698,0.0018481883
36699,0.0025572018
36700,0.0020362053
36701,0.0012748168
36702,0.0016782761
36703,0.0014409056
36704,0.0012922311
36705,0.00094865623
36706,0.0007682615
36707,0.0010964053
36708,0.0011817684
36709,0.0016236635
36710,0.0033101023
36711,0.0048575704
36712,0.00703467
36713,0.007652865
36714,0.005809597
36715,0.0040217764
36716,0.002844956
36717,0.0022879154
36718,0.0031660884
36719,0.003557671
36720,0.003746157
36721,0.0037449216
36722,0.003549727
36723,0.0043186215
36724,0.003876243
36725,0.0023658627
36726,0.0023929556
36727,0.002315958
36728,0.0016338843
36729,0.0015397585
36730,0.0015019835
36731,0.0017352303
36732,0.002187442
36733,0.0017176647
36734,0.0009731292
36735,0.0008760193
36736,0.0008616488
36737,0.0011936041
36738,0.0017734363
36739,0.0017345761
36740,0.0017034407
36741,0.0021565831
36742,0.0018732921
36743,0.00077362213
36744,0.0009854331
36745,0.0013648089
36746,0.0023074474
36747,0.002147942
36748,0.0009050083
36749,0.0012659509
36750,0.0014854413
36751,0.001192482
36752,0.0012685689
36753,0.0012108885
36754,0.0014044096
36755,0.0013572176
36756,0.0013125663
36757,0.001272829
36758,0.0010505319
36759,0.0010684694
36760,0.0012649389
36761,0.0016506844
36762,0.0018102578
36763,0.0013421447
36764,0.00080770755
36765,0.00076167955
36766,0.0008343991
36767,0.0013345336
36768,0.0017193581
36769,0.0019031938
36770,0.002032958
36771,0.001971058
36772,0.0011927504
36773,0.0013434235
36774,0.0018546806
36775,0.002338008
36776,0.002415592
36777,0.0019983917
36778,0.0020183318
36779,0.0018356107
36780,0.0020635503
36781,0.002501255
36782,0.0021355627
36783,0.0013615424
36784,0.001210071
36785,0.0013869769
36786,0.0018108364
36787,0.0022231406
36788,0.0021271103
36789,0.0017864191
36790,0.0014107367
36791,0.0015550496
36792,0.0016718126
36793,0.0017083882
36794,0.0011788834
36795,0.0006911238
36796,0.0006420941
36797,0.0014267172
36798,0.0014205228
36799,0.0009455218
36800,0.0004852319
36801,0.0003770959
36802,0.0008703531
36803,0.0012792608
36804,0.0016011371
36805,0.001474922
36806,0.0017240575
36807,0.0015976069
36808,0.0015774592
36809,0.0016430322
36810,0.0013047826
36811,0.0011837861
36812,0.0013026395
36813,0.001028894
36814,0.0010501163
36815,0.00093322183
36816,0.0004626333
36817,0.0008451083
36818,0.0012315034
36819,0.0011479894
36820,0.0010201159
36821,0.001687718
36822,0.0015772377
36823,0.0015146799
36824,0.0015611949
36825,0.0017322758
36826,0.0017554573
36827,0.0017866797
36828,0.0017616964
36829,0.0014461074
36830,0.0011859967
36831,0.0009808446
36832,0.0008975489
36833,0.00097220164
36834,0.0006913343
36835,0.0008495392
36836,0.0009934339
36837,0.0012821469
36838,0.0018299258
36839,0.002098874
36840,0.0019129557
36841,0.0013731851
36842,0.0007178932
36843,0.0008621216
36844,0.0014673846
36845,0.0013915229
36846,0.0019007913
36847,0.0025298432
36848,0.0017021417
36849,0.00095156627
36850,0.0010821107
36851,0.0014972092
36852,0.0014614622
36853,0.0013575178
36854,0.0010065597
36855,0.0012531731
36856,0.0009319423
36857,0.0007008669
36858,0.0009053298
36859,0.00078107265
36860,0.0005736777
36861,0.0006110664
36862,0.00066134136
36863,0.00041396057
36864,0.0004492282
36865,0.0009727104
36866,0.0012365269
36867,0.0015098685
36868,0.0026378182
36869,0.002506288
36870,0.0023903516
36871,0.0026481694
36872,0.002036091
36873,0.0020565146
36874,0.0021149116
36875,0.0015343431
36876,0.0011707827
36877,0.0007393824
36878,0.0011878847
36879,0.0014359485
36880,0.0014832453
36881,0.001166624
36882,0.0027350395
36883,0.0036580302
36884,0.002585408
36885,0.0009574814
36886,0.0011841302
36887,0.0018192707
36888,0.0026539767
36889,0.0022824772
36890,0.0007254748
36891,0.0017724513
36892,0.0038442763
36893,0.0038703522
36894,0.0031288797
36895,0.0024552785
36896,0.0018469911
36897,0.0035001463
36898,0.0038549965
36899,0.0030460495
36900,0.0027064248
36901,0.0016189424
36902,0.0026823154
36903,0.004306352
36904,0.0035191362
36905,0.0017853924
36906,0.0014001135
36907,0.0010907633
36908,0.0009107785
36909,0.0010161139
36910,0.0010777448
36911,0.0011541587
36912,0.0014797879
36913,0.0017582072
36914,0.0022858665
36915,0.0024643417
36916,0.0021576085
36917,0.0020407597
36918,0.0019104437
36919,0.0022978415
36920,0.0031387517
36921,0.0034285958
36922,0.0028083634
36923,0.0019761017
36924,0.0010485353
36925,0.0010969361
36926,0.0010204013
36927,0.0007869009
36928,0.00078475283
36929,0.0012415536
36930,0.0013906442
36931,0.0014617211
36932,0.0014634125
36933,0.0011358322
36934,0.0006973283
36935,0.0005416333
36936,0.0018807502
36937,0.0024463246
36938,0.0021015625
36939,0.003408487
36940,0.0039583547
36941,0.002827038
36942,0.0029464185
36943,0.0028286746
36944,0.0021366663
36945,0.0024249356
36946,0.002718346
36947,0.0027089508
36948,0.0021802455
36949,0.002421837
36950,0.00241294
36951,0.0019139595
36952,0.0014800238
36953,0.0010508919
36954,0.0010520822
36955,0.0012728062
36956,0.0017274809
36957,0.0027863067
36958,0.0041648317
36959,0.0038858566
36960,0.0028905037
36961,0.0023187085
36962,0.002068762
36963,0.0
36964,0.0019172109
36965,0.0019283361
36966,0.0012038015
36967,0.0006555066
36968,0.0006299681
36969,0.0009180353
36970,0.0030278412
36971,0.0048114024
36972,0.0048734755
36973,0.0032681515
36974,0.0016715514
36975,0.0014816355
36976,0.0010974136
36977,0.00095647783
36978,0.0015086537
36979,0.0023186456
36980,0.0023400362
36981,0.0026283679
36982,0.003261439
36983,0.0029040247
36984,0.0017818026
36985,0.0025352214
36986,0.0023972208
36987,0.0020607417
36988,0.0021233305
36989,0.0013058974
36990,0.00092624116
36991,0.0007212502
36992,0.0006302914
36993,0.00096914335
36994,0.0010125848
36995,0.0009569341
36996,0.00070418115
36997,0.0007431124
36998,0.0008800301
36999,0.0011540578
37000,0.00094954553
37001,0.0010121536
37002,0.0012863395
37003,0.0011522659
37004,0.00110463
37005,0.00090026855
37006,0.0010405947
37007,0.0012953804
37008,0.0012072538
37009,0.0011425002
37010,0.001076583
37011,0.00096538226
37012,0.000647825
37013,0.0010648678
37014,0.0009390046
37015,0.0008505663
37016,0.0009113854
37017,0.0012578093
37018,0.0011082073
37019,0.0009825345
37020,0.00094033644
37021,0.0010921232
37022,0.0012138413
37023,0.0013268129
37024,0.0012364563
37025,0.00082178175
37026,0.00094807317
37027,0.0012391368
37028,0.0014479377
37029,0.0011790069
37030,0.0013004706
37031,0.0019448223
37032,0.0025145772
37033,0.0020753355
37034,0.00088727596
37035,0.0011286348
37036,0.0010029679
37037,0.00091971393
37038,0.00084317755
37039,0.00071647286
37040,0.0010177452
37041,0.0013409299
37042,0.003294388
37043,0.004634918
37044,0.0058238124
37045,0.0074957935
37046,0.006811114
37047,0.004081134
37048,0.0024290127
37049,0.0029728021
37050,0.0033013863
37051,0.0035415597
37052,0.003785756
37053,0.00438728
37054,0.0048143473
37055,0.0048598824
37056,0.0043452936
37057,0.003368436
37058,0.0026906787
37059,0.0022656734
37060,0.0019292415
37061,0.0012146082
37062,0.0010910834
37063,0.0015083835
37064,0.0017947248
37065,0.0022500248
37066,0.0017608702
37067,0.00068149756
37068,0.0005378047
37069,0.0009197772
37070,0.0011771787
37071,0.001467821
37072,0.0011907967
37073,0.0012027856
37074,0.0026378625
37075,0.0024041794
37076,0.0004919629
37077,0.0010860572
37078,0.0014751982
37079,0.0020720374
37080,0.0019289246
37081,0.0010361662
37082,0.0013164188
37083,0.0013142283
37084,0.0012927491
37085,0.0013664073
37086,0.0013981997
37087,0.0011751001
37088,0.00075434614
37089,0.00097611535
37090,0.0008706874
37091,0.00094447465
37092,0.0012567677
37093,0.001661282
37094,0.0014932189
37095,0.0010892414
37096,0.00074475555
37097,0.0008090756
37098,0.0007276379
37099,0.00097109337
37100,0.0014710296
37101,0.0018382883
37102,0.0018263279
37103,0.0016769056
37104,0.0012097824
37105,0.0014328645
37106,0.001751806
37107,0.0015893697
37108,0.0018769086
37109,0.0021715113
37110,0.0017334683
37111,0.0019072265
37112,0.0016115189
37113,0.001737828
37114,0.0018064918
37115,0.0013359939
37116,0.0008447638
37117,0.00092944066
37118,0.0011396947
37119,0.0011228437
37120,0.0011748772
37121,0.0012685918
37122,0.000881451
37123,0.00083009776
37124,0.0009445671
37125,0.0011854322
37126,0.0014180415
37127,0.0010684421
37128,0.0010135041
37129,0.00087455625
37130,0.0013813629
37131,0.001470515
37132,0.00088717754
37133,0.00051151094
37134,0.00095339963
37135,0.0014015886
37136,0.0014498861
37137,0.0011578344
37138,0.0009696537
37139,0.0011469749
37140,0.0013115903
37141,0.0016495732
37142,0.0015673161
37143,0.0013878789
37144,0.0015093866
37145,0.001885711
37146,0.0017191381
37147,0.0014174462
37148,0.0011447652
37149,0.0006040727
37150,0.0009710334
37151,0.0012918032
37152,0.001057958
37153,0.00078010326
37154,0.0015910901
37155,0.0014711482
37156,0.0011772282
37157,0.0008793353
37158,0.0012722115
37159,0.001557163
37160,0.0017063257
37161,0.0016838334
37162,0.0014264928
37163,0.0018183106
37164,0.0016173776
37165,0.0011527204
37166,0.00093785714
37167,0.000637591
37168,0.0007894857
37169,0.0010542101
37170,0.0014847162
37171,0.0017465482
37172,0.0020504203
37173,0.0017513573
37174,0.0011115114
37175,0.00096209056
37176,0.0010558928
37177,0.001300672
37178,0.0012257947
37179,0.0017128797
37180,0.0022007993
37181,0.0015603371
37182,0.0009292527
37183,0.000974026
37184,0.0011728938
37185,0.001199563
37186,0.0011989321
37187,0.0009913517
37188,0.0009906174
37189,0.0010383266
37190,0.0011607467
37191,0.0009754294
37192,0.0006636258
37193,0.0005924951
37194,0.000720887
37195,0.000732978
37196,0.0007034782
37197,0.00079268636
37198,0.0010237612
37199,0.0012526852
37200,0.0013705544
37201,0.001976514
37202,0.0021893438
37203,0.0023010182
37204,0.0024533812
37205,0.0024473
37206,0.002311845
37207,0.0020778864
37208,0.0013310178
37209,0.00088263885
37210,0.00077317056
37211,0.0011411493
37212,0.0012575779
37213,0.0011068671
37214,0.0007290764
37215,0.003153885
37216,0.003998101
37217,0.0023908264
37218,0.00043447377
37219,0.0010847969
37220,0.0015957477
37221,0.002080378
37222,0.0016643276
37223,0.000767238
37224,0.0013902466
37225,0.003620403
37226,0.0040906575
37227,0.004092955
37228,0.0028046924
37229,0.002268908
37230,0.0030665137
37231,0.0034270845
37232,0.0026358427
37233,0.0020061247
37234,0.0014594495
37235,0.0017418427
37236,0.004084278
37237,0.0040399283
37238,0.0015330907
37239,0.001514257
37240,0.0012842789
37241,0.00069481967
37242,0.0011187668
37243,0.0013718491
37244,0.0012655599
37245,0.0016168738
37246,0.0019145524
37247,0.0025848676
37248,0.0026573632
37249,0.002349482
37250,0.0017963133
37251,0.0014257173
37252,0.0017792527
37253,0.003285223
37254,0.0037896517
37255,0.0030803957
37256,0.002129353
37257,0.0012675821
37258,0.0012311016
37259,0.0009899415
37260,0.00086753967
37261,0.0013896603
37262,0.0013436835
37263,0.0011726456
37264,0.0009739961
37265,0.0012623824
37266,0.001381405
37267,0.0010143652
37268,0.0006465209
37269,0.0019214567
37270,0.0028243705
37271,0.0025661886
37272,0.0034415252
37273,0.0042679217
37274,0.0029066992
37275,0.0019597893
37276,0.0017792364
37277,0.001722284
37278,0.0018959161
37279,0.002228136
37280,0.0020663973
37281,0.0016819139
37282,0.0016094587
37283,0.0018322146
37284,0.0012700594
37285,0.0010631994
37286,0.00093779503
37287,0.0011017807
37288,0.0015678545
37289,0.0016765584
37290,0.0019804856
37291,0.0029304624
37292,0.0034340837
37293,0.003002775
37294,0.002191483
37295,0.0021767053
37296,0.0
37297,0.0015536452
37298,0.001453715
37299,0.0008821111
37300,0.0008736573
37301,0.0007873077
37302,0.0014546156
37303,0.004277914
37304,0.0048658256
37305,0.003620861
37306,0.0014839516
37307,0.001268936
37308,0.0010587554
37309,0.0008868494
37310,0.00092624116
37311,0.00087289076
37312,0.0013701721
37313,0.0015162354
37314,0.0018407407
37315,0.0021390216
37316,0.0020869428
37317,0.0023848051
37318,0.0029176224
37319,0.0024075182
37320,0.00175617
37321,0.0017475478
37322,0.0010711083
37323,0.0009896475
37324,0.00089146465
37325,0.0005583028
37326,0.0008698848
37327,0.0010524418
37328,0.0010164576
37329,0.0011119302
37330,0.0008799639
37331,0.000831779
37332,0.0013412337
37333,0.0012849813
37334,0.0007743742
37335,0.0013965127
37336,0.0021046621
37337,0.002507333
37338,0.0024690258
37339,0.0017150532
37340,0.0015024872
37341,0.0015422326
37342,0.0016883041
37343,0.0015079976
37344,0.000922526
37345,0.00066865014
37346,0.00086343713
37347,0.00072979456
37348,0.00059185614
37349,0.0009752802
37350,0.0011033381
37351,0.00092195795
37352,0.00080539816
37353,0.0009192708
37354,0.00091806694
37355,0.000979954
37356,0.0013226387
37357,0.0013307335
37358,0.001203221
37359,0.0014432266
37360,0.0016217264
37361,0.0018179103
37362,0.0015832419
37363,0.0018720799
37364,0.0020891312
37365,0.0021307738
37366,0.0018014421
37367,0.0009143822
37368,0.00064404024
37369,0.00070236024
37370,0.00083446887
37371,0.0009407696
37372,0.00089058274
37373,0.001372443
37374,0.0021109998
37375,0.004545384
37376,0.005239
37377,0.005901592
37378,0.006666074
37379,0.0043698587
37380,0.0012806024
37381,0.001782015
37382,0.002673251
37383,0.0032985464
37384,0.0036145782
37385,0.004022471
37386,0.004308616
37387,0.004478825
37388,0.004126924
37389,0.0029537582
37390,0.002586061
37391,0.0027416502
37392,0.0020606006
37393,0.001712319
37394,0.0008582645
37395,0.00043111143
37396,0.0012156621
37397,0.0021707471
37398,0.0022361025
37399,0.0012849813
37400,0.00047024558
37401,0.000720887
37402,0.0012124497
37403,0.0011368054
37404,0.0010152257
37405,0.0007289566
37406,0.0009815565
37407,0.002635666
37408,0.002561398
37409,0.0005311615
37410,0.0011773271
37411,0.0016557896
37412,0.00192989
37413,0.0015088273
37414,0.0015110632
37415,0.0017963133
37416,0.001796362
37417,0.0020224517
37418,0.0021299543
37419,0.0017956166
37420,0.0012868597
37421,0.0008649863
37422,0.0009062616
37423,0.0006609892
37424,0.0009342504
37425,0.0014807316
37426,0.0015595536
37427,0.0012388784
37428,0.0009637529
37429,0.0006588723
37430,0.0007243506
37431,0.0005000019
37432,0.0010204868
37433,0.00171237
37434,0.0018307685
37435,0.0014714845
37436,0.001002881
37437,0.00062398
37438,0.0014898822
37439,0.0019294677
37440,0.00152139
37441,0.0011013051
37442,0.0011385961
37443,0.00097560836
37444,0.0011495855
37445,0.0011944815
37446,0.001355501
37447,0.001565737
37448,0.001113578
37449,0.00059519056
37450,0.0009241965
37451,0.00075627276
37452,0.00091364986
37453,0.0012863395
37454,0.0013614782
37455,0.0010907099
37456,0.00084448815
37457,0.0008714559
37458,0.0009874394
37459,0.001451451
37460,0.0015268513
37461,0.0012359854
37462,0.001030618
37463,0.0011661749
37464,0.0012764595
37465,0.0010224527
37466,0.0010338604
37467,0.0015132573
37468,0.0015771824
37469,0.0011703352
37470,0.00081173313
37471,0.00088717754
37472,0.0011619997
37473,0.0014546156
37474,0.0019420969
37475,0.0018505803
37476,0.0013462801
37477,0.0013882354
37478,0.0014608249
37479,0.0012709985
37480,0.0008573824
37481,0.00079268636
37482,0.0005987009
37483,0.0009805182
37484,0.0013383663
37485,0.0013862003
37486,0.0009954533
37487,0.0013175679
37488,0.001305942
37489,0.0008706874
37490,0.0003060329
37491,0.0004349424
37492,0.00072262087
37493,0.001033438
37494,0.001487008
37495,0.0015479212
37496,0.0021033066
37497,0.0018992136
37498,0.0018360388
37499,0.0014568549
37500,0.0006970779
37501,0.0007302331
37502,0.000888849
37503,0.0012915554
37504,0.001686079
37505,0.0021158333
37506,0.0014323769
37507,0.000820293
37508,0.0013702146
37509,0.0015608965
37510,0.0013312364
37511,0.0016261174
37512,0.0017220137
37513,0.001663558
37514,0.0010944924
37515,0.00061505416
37516,0.00063480047
37517,0.00088635704
37518,0.0006967438
37519,0.0009867023
37520,0.0008357583
37521,0.0008646161
37522,0.001021342
37523,0.0009408624
37524,0.00065042544
37525,0.0005945546
37526,0.0007602262
37527,0.001173266
37528,0.0011800432
37529,0.0011669731
37530,0.0012508485
37531,0.0010876906
37532,0.0014282055
37533,0.0014993264
37534,0.001776912
37535,0.0020298348
37536,0.0018606028
37537,0.0018176062
37538,0.0020167595
37539,0.0019647432
37540,0.0016811523
37541,0.001119079
37542,0.0008086438
37543,0.0010195738
37544,0.0012277875
37545,0.0011897698
37546,0.0009120238
37547,0.0028603515
37548,0.004363447
37549,0.003937041
37550,0.0015088852
37551,0.00070364366
37552,0.0013116125
37553,0.0012834854
37554,0.001672387
37555,0.0014687922
37556,0.00070285733
37557,0.0006510516
37558,0.00246134
37559,0.0037441598
37560,0.004293336
37561,0.003352622
37562,0.002462865
37563,0.0023795518
37564,0.0026879408
37565,0.0026509485
37566,0.0014150831
37567,0.0012240364
37568,0.0019558351
37569,0.004218524
37570,0.0042828503
37571,0.0015003161
37572,0.001338562
37573,0.0011424238
37574,0.0007144389
37575,0.0012149436
37576,0.0016115007
37577,0.0013800982
37578,0.0012752276
37579,0.0014478372
37580,0.0020314544
37581,0.002253721
37582,0.002315141
37583,0.0018088424
37584,0.0013121449
37585,0.0013077682
37586,0.0029352056
37587,0.004124956
37588,0.003958303
37589,0.0028952723
37590,0.0022122876
37591,0.0017600602
37592,0.0014756717
37593,0.0013611362
37594,0.0015627414
37595,0.0014269823
37596,0.0008496077
37597,0.00082932605
37598,0.0010201444
37599,0.0011303354
37600,0.0008912687
37601,0.0006429547
37602,0.0018761175
37603,0.0030449315
37604,0.0030543222
37605,0.0032281897
37606,0.0045852787
37607,0.0036241792
37608,0.0018878243
37609,0.0013702571
37610,0.0013062094
37611,0.0019751145
37612,0.0019414223
37613,0.0010929757
37614,0.0011670978
37615,0.0017279694
37616,0.003132338
37617,0.0033920961
37618,0.003318848
37619,0.0020432111
37620,0.0014668491
37621,0.0013476413
37622,0.0011963563
37623,0.0011767583
37624,0.0019488885
37625,0.0031111375
37626,0.0030333058
37627,0.0023501879
37628,0.0019997747
37629,0.0
37630,0.0011539317
37631,0.0012532892
37632,0.0006857548
37633,0.0010781228
37634,0.0014146921
37635,0.0018917975
37636,0.004418757
37637,0.004013395
37638,0.0012226566
37639,0.00077083317
37640,0.00095751183
37641,0.0011158756
37642,0.0011904056
37643,0.0010373732
37644,0.00081477506
37645,0.0011112757
37646,0.0011165795
37647,0.0014834023
37648,0.0016593538
37649,0.0020607982
37650,0.002871745
37651,0.0026461685
37652,0.001539248
37653,0.0013965752
37654,0.0016845419
37655,0.0012042365
37656,0.0010922565
37657,0.001041573
37658,0.00053812924
37659,0.0010633362
37660,0.0011272673
37661,0.0010019809
37662,0.0011418887
37663,0.00080311834
37664,0.00066616456
37665,0.0016324408
37666,0.0017349786
37667,0.0011996116
37668,0.0016382781
37669,0.0025445833
37670,0.0030284757
37671,0.0035772668
37672,0.0032424657
37673,0.0030352625
37674,0.0025539333
37675,0.0016835915
37676,0.0011799198
37677,0.00087199005
37678,0.0007139907
37679,0.00079309015
37680,0.00081823254
37681,0.000959
37682,0.0011661998
37683,0.001137522
37684,0.0009289395
37685,0.0006287658
37686,0.00065154315
37687,0.00066072494
37688,0.00083425955
37689,0.0013729307
37690,0.0013430119
37691,0.0013450906
37692,0.0012551455
37693,0.0012934468
37694,0.0012376562
37695,0.0012823285
37696,0.0019233944
37697,0.0021153933
37698,0.0019710434
37699,0.001756054
37700,0.0010965115
37701,0.00072189554
37702,0.0007237477
37703,0.00072189554
37704,0.0008660287
37705,0.00067970157
37706,0.0019384068
37707,0.0025464697
37708,0.004555937
37709,0.004775483
37710,0.0043294174
37711,0.0054015843
37712,0.0035129862
37713,0.0016467655
37714,0.0018396177
37715,0.0022503093
37716,0.0025529645
37717,0.0031934734
37718,0.0036176203
37719,0.0041532577
37720,0.003449558
37721,0.0027462111
37722,0.0024283417
37723,0.0022693826
37724,0.002494742
37725,0.0019609474
37726,0.0012365505
37727,0.0010621586
37728,0.0008228789
37729,0.0013286322
37730,0.0022416143
37731,0.001932693
37732,0.00095321645
37733,0.0006725561
37734,0.0009971184
37735,0.0012418817
37736,0.0010803611
37737,0.0009121515
37738,0.000833771
37739,0.0011270865
37740,0.002467198
37741,0.002469568
37742,0.00069255405
37743,0.0012028582
37744,0.0014383584
37745,0.0013408647
37746,0.0010119523
37747,0.0014424399
37748,0.0018427791
37749,0.0018876238
37750,0.0020701964
37751,0.0020789364
37752,0.0017155962
37753,0.0014050726
37754,0.0013677273
37755,0.0010182026
37756,0.00064467255
37757,0.0010300813
37758,0.0015235501
37759,0.0010102828
37760,0.0008057233
37761,0.0009577246
37762,0.0006643271
37763,0.0006627042
37764,0.00062904344
37765,0.0011445363
37766,0.0022773838
37767,0.0018504073
37768,0.001018917
37769,0.00071121345
37770,0.00061068527
37771,0.0015663687
37772,0.0019744367
37773,0.001831738
37774,0.0012289957
37775,0.0009721118
37776,0.00074631703
37777,0.0011380592
37778,0.0015096372
37779,0.0019759836
37780,0.0021622302
37781,0.001417672
37782,0.0009937853
37783,0.0012830319
37784,0.0014080729
37785,0.0015785658
37786,0.0017289123
37787,0.0017038848
37788,0.0014721568
37789,0.0011777225
37790,0.0013615637
37791,0.0008355842
37792,0.001166599
37793,0.0017078089
37794,0.0014295295
37795,0.0011869288
37796,0.0013846878
37797,0.0016718126
37798,0.001469129
37799,0.0017502769
37800,0.0017354315
37801,0.0013929444
37802,0.0009322858
37803,0.00084466045
37804,0.00079689745
37805,0.0010253236
37806,0.0012912398
37807,0.001722453
37808,0.0016086809
37809,0.0009106826
37810,0.0011157452
37811,0.0012278586
37812,0.0009111299
37813,0.0005987009
37814,0.00059602124
37815,0.0005466609
37816,0.0006476902
37817,0.0011465688
37818,0.0014961397
37819,0.0013765085
37820,0.0015607474
37821,0.0014007161
37822,0.0010529946
37823,0.00068392744
37824,0.0006525251
37825,0.00074643403
37826,0.0012175759
37827,0.0013134973
37828,0.0012086993
37829,0.0017092398
37830,0.001800925
37831,0.0022535145
37832,0.0020241777
37833,0.00079220894
37834,0.0005446875
37835,0.0006630554
37836,0.0011569543
37837,0.0017176308
37838,0.0021489852
37839,0.0016843692
37840,0.0014037671
37841,0.0019884198
37842,0.0020551556
37843,0.0018267581
37844,0.0019391273
37845,0.0017012181
37846,0.0014146921
37847,0.0010982883
37848,0.0006663393
37849,0.00079631293
37850,0.0008626616
37851,0.00074193656
37852,0.0010129871
37853,0.00087182317
37854,0.00072503334
37855,0.0008002504
37856,0.00056970684
37857,0.000625145
37858,0.0008229143
37859,0.0013643397
37860,0.0016062367
37861,0.0013286761
37862,0.001453655
37863,0.0016874938
37864,0.0013906652
37865,0.0015751882
37866,0.0018503445
37867,0.0020153013
37868,0.001919168
37869,0.0014434888
37870,0.0013128546
37871,0.0015118334
37872,0.0013491738
37873,0.0012131457
37874,0.0012274556
37875,0.0011829499
37876,0.0010532157
37877,0.0011227659
37878,0.0009806963
37879,0.0029285648
37880,0.004396041
37881,0.004701961
37882,0.0031932183
37883,0.0010727645
37884,0.0010963522
37885,0.001981749
37886,0.001527385
37887,0.0011747286
37888,0.0012296586
37889,0.0013251887
37890,0.001376572
37891,0.0011828268
37892,0.0026101896
37893,0.0034578668
37894,0.0026311679
37895,0.0019646988
37896,0.0022476953
37897,0.0026271052
37898,0.001992178
37899,0.00094333384
37900,0.0017208471
37901,0.0024445157
37902,0.0044670934
37903,0.0042973813
37904,0.0014872036
37905,0.0011152234
37906,0.0011853094
37907,0.0012107684
37908,0.0014889638
37909,0.0017178679
37910,0.0019437894
37911,0.0016967815
37912,0.0012118976
37913,0.001134499
37914,0.0015404766
37915,0.0019374907
37916,0.001762869
37917,0.0012570455
37918,0.001273172
37919,0.002052846
37920,0.0033338622
37921,0.0037551816
37922,0.0031785106
37923,0.003215516
37924,0.0031644334
37925,0.0029360384
37926,0.002808581
37927,0.0025320856
37928,0.0019059443
37929,0.0009019803
37930,0.0008614124
37931,0.0006996617
37932,0.0009689331
37933,0.000987233
37934,0.000827886
37935,0.0017908288
37936,0.0031297447
37937,0.0033450176
37938,0.0029942628
37939,0.0046128067
37940,0.004118764
37941,0.0016712205
37942,0.00065470696
37943,0.0006643271
37944,0.0018187587
37945,0.0021704924
37946,0.0016584591
37947,0.0018599925
37948,0.0024559777
37949,0.003196771
37950,0.0036424506
37951,0.0036040633
37952,0.002659498
37953,0.0016990269
37954,0.0010528564
37955,0.0009013993
37956,0.00097333855
37957,0.0014262071
37958,0.0025555624
37959,0.0028836993
37960,0.0027935463
37961,0.0022498306
37962,0.0
37963,0.00056529645
37964,0.00081954757
37965,0.0010675702
37966,0.0015397207
37967,0.0017363871
37968,0.00183794
37969,0.0037433903
37970,0.0031489164
37971,0.0010903096
37972,0.0011700616
37973,0.0011513815
37974,0.0012282614
37975,0.0012222519
37976,0.0014299366
37977,0.001690974
37978,0.0018346751
37979,0.0015031069
37980,0.0016132877
37981,0.0016029901
37982,0.0025137437
37983,0.0033551645
37984,0.0024277663
37985,0.0014931409
37986,0.0020867335
37987,0.0020025235
37988,0.0015161011
37989,0.0011121135
37990,0.00091492315
37991,0.00065064913
37992,0.0010650317
37993,0.00095769414
37994,0.0007536127
37995,0.00084179576
37996,0.00087572023
37997,0.0012045748
37998,0.0018260889
37999,0.0019672154
38000,0.0017416422
38001,0.0018648681
38002,0.0020389904
38003,0.0026851024
38004,0.0038078781
38005,0.004120968
38006,0.0039713103
38007,0.0030768507
38008,0.002107992
38009,0.0015192268
38010,0.0014069356
38011,0.000871723
38012,0.0008900597
38013,0.0010241591
38014,0.0012610906
38015,0.001280216
38016,0.001431625
38017,0.0015033393
38018,0.001115119
38019,0.00089865073
38020,0.00085135293
38021,0.00084905943
38022,0.0010317187
38023,0.000951658
38024,0.0011040238
38025,0.0010830784
38026,0.0014379739
38027,0.0013710003
38028,0.0014883773
38029,0.0019176207
38030,0.0020212424
38031,0.0018536916
38032,0.0015526708
38033,0.0008773472
38034,0.00083537516
38035,0.000694694
38036,0.00046388977
38037,0.0010552035
38038,0.0009068395
38039,0.0025776518
38040,0.003211105
38041,0.004259437
38042,0.0041795853
38043,0.0035007782
38044,0.004175949
38045,0.003203955
38046,0.0022610957
38047,0.0023390658
38048,0.0029420096
38049,0.0032148461
38050,0.0031102488
38051,0.0031705345
38052,0.0039056242
38053,0.0035912332
38054,0.0029999143
38055,0.0029698636
38056,0.0031595551
38057,0.002975053
38058,0.0020389762
38059,0.0016558247
38060,0.0015845832
38061,0.0015677803
38062,0.0018418155
38063,0.0022912838
38064,0.0019084926
38065,0.0008208959
38066,0.0008413116
38067,0.0010986594
38068,0.0010556722
38069,0.00077158795
38070,0.0007703044
38071,0.00085629546
38072,0.0013246175
38073,0.0016296394
38074,0.0016053667
38075,0.0008670699
38076,0.0010787975
38077,0.0011935553
38078,0.0011327788
38079,0.0015190352
38080,0.0019752472
38081,0.0020936816
38082,0.00182956
38083,0.0019589872
38084,0.001911799
38085,0.0014431258
38086,0.0014885925
38087,0.0017429952
38088,0.0011480654
38089,0.00089903927
38090,0.0010955821
38091,0.0018559826
38092,0.001259867
38093,0.00069477776
38094,0.0010011672
38095,0.0010391952
38096,0.0010054315
38097,0.0008179124
38098,0.0013962834
38099,0.0023913984
38100,0.0016712728
38101,0.0008027559
38102,0.0008178412
38103,0.0004401969
38104,0.00079890364
38105,0.0013195544
38106,0.0015219639
38107,0.0009926719
38108,0.0011595425
38109,0.0013590177
38110,0.0017847565
38111,0.002225378
38112,0.0028342868
38113,0.0033220123
38114,0.0027077687
38115,0.0012699218
38116,0.0012987014
38117,0.0015586949
38118,0.0018485978
38119,0.0019958415
38120,0.0018511465
38121,0.0016803558
38122,0.0017592332
38123,0.002012165
38124,0.003582738
38125,0.0046605486
38126,0.0045981584
38127,0.0035076218
38128,0.0024516843
38129,0.0019566682
38130,0.0017821946
38131,0.0017226896
38132,0.0019787801
38133,0.0016811696
38134,0.0014431459
38135,0.0013728883
38136,0.001009101
38137,0.0013163304
38138,0.0013033766
38139,0.000896186
38140,0.0015252302
38141,0.0015068392
38142,0.00090072106
38143,0.0012725089
38144,0.001231007
38145,0.0010377939
38146,0.0008145607
38147,0.0006983293
38148,0.00069882924
38149,0.00064385944
38150,0.00066747394
38151,0.0009974394
38152,0.0012793292
38153,0.0017238212
38154,0.0015483536
38155,0.0011437478
38156,0.0010596622
38157,0.0009322858
38158,0.00077673834
38159,0.0011246048
38160,0.0010320008
38161,0.00095708616
38162,0.0015988997
38163,0.0014664918
38164,0.0025611822
38165,0.00291337
38166,0.0013099695
38167,0.0011963076
38168,0.0006929742
38169,0.00095726864
38170,0.0014600477
38171,0.0018706647
38172,0.0019838186
38173,0.00258659
38174,0.0030060878
38175,0.0027749608
38176,0.002239159
38177,0.0018803014
38178,0.0014690497
38179,0.0009006241
38180,0.00091771816
38181,0.0006447177
38182,0.0011575328
38183,0.0014210554
38184,0.0010918567
38185,0.0010086971
38186,0.00076381635
38187,0.00092344044
38188,0.0012000967
38189,0.0011143357
38190,0.0009368014
38191,0.000866902
38192,0.0013998016
38193,0.0015268133
38194,0.0013408865
38195,0.0017413247
38196,0.0021629974
38197,0.0020997475
38198,0.0017532177
38199,0.0016566154
38200,0.0019495006
38201,0.0018427949
38202,0.0015751697
38203,0.0014186366
38204,0.0010782308
38205,0.00078181754
38206,0.0006655526
38207,0.0013084356
38208,0.0015666289
38209,0.0012080972
38210,0.00087864
38211,0.0010955821
38212,0.00368465
38213,0.004678281
38214,0.0035997971
38215,0.0015311341
38216,0.0011633263
38217,0.0014129836
38218,0.0022489768
38219,0.0015411566
38220,0.00078397366
38221,0.0015234165
38222,0.0025117747
38223,0.0032614747
38224,0.0031584497
38225,0.0026577464
38226,0.0020066758
38227,0.0015915838
38228,0.001737694
38229,0.0025165556
38230,0.0028736296
38231,0.0022577466
38232,0.0016300144
38233,0.0027585404
38234,0.0026089628
38235,0.0038643316
38236,0.003419467
38237,0.0009534607
38238,0.0011429586
38239,0.0012810569
38240,0.0016063816
38241,0.0018358169
38242,0.001953572
38243,0.0018686566
38244,0.0014138073
38245,0.00083690666
38246,0.00074740814
38247,0.0011265958
38248,0.0017357501
38249,0.001833104
38250,0.0012928391
38251,0.0012995526
38252,0.0010531605
38253,0.0020754056
38254,0.0026462562
38255,0.0023044308
38256,0.0030284757
38257,0.0030046063
38258,0.0031692307
38259,0.0031260415
38260,0.0032173528
38261,0.0024897205
38262,0.0012342181
38263,0.00068935286
38264,0.0005480965
38265,0.0010516949
38266,0.0009667379
38267,0.0009067111
38268,0.0020478494
38269,0.0030962655
38270,0.0035620532
38271,0.0033556502
38272,0.004310419
38273,0.0043632
38274,0.0026765587
38275,0.0013359068
38276,0.00086797564
38277,0.00171237
38278,0.00269309
38279,0.0024888436
38280,0.0021217675
38281,0.0022746602
38282,0.0019079589
38283,0.001962416
38284,0.0021737348
38285,0.002327528
38286,0.0017129817
38287,0.00088108773
38288,0.0007250735
38289,0.0007078088
38290,0.0008876367
38291,0.0017402045
38292,0.0024125902
38293,0.0030026394
38294,0.002861196
38295,0.0
38296,0.000616944
38297,0.00074424734
38298,0.0012827143
38299,0.0016204158
38300,0.001609965
38301,0.0016958893
38302,0.0027282634
38303,0.0023696732
38304,0.0017002256
38305,0.0018722976
38306,0.0017190026
38307,0.0016572829
38308,0.0016255087
38309,0.0018512565
38310,0.002013105
38311,0.0021167
38312,0.002024954
38313,0.0020727676
38314,0.002666285
38315,0.0031633847
38316,0.0034201394
38317,0.002658053
38318,0.0020338884
38319,0.0023720546
38320,0.0019176358
38321,0.0010826215
38322,0.0005424923
38323,0.00047602775
38324,0.0006868574
38325,0.0010177166
38326,0.0009506789
38327,0.0007644638
38328,0.00069770386
38329,0.001032621
38330,0.0013283694
38331,0.0020860918
38332,0.002467776
38333,0.0021530713
38334,0.0020642977
38335,0.0019272642
38336,0.002418157
38337,0.0030621924
38338,0.0034923633
38339,0.003812568
38340,0.0034869087
38341,0.003345148
38342,0.0030243886
38343,0.0025329015
38344,0.002318269
38345,0.0018614942
38346,0.0020059359
38347,0.0019204264
38348,0.0015976069
38349,0.001794514
38350,0.0021484706
38351,0.0019315481
38352,0.0014719394
38353,0.0011655508
38354,0.0010591127
38355,0.0008197606
38356,0.0005219866
38357,0.00058721565
38358,0.0007656051
38359,0.0012931542
38360,0.0014232247
38361,0.0017715645
38362,0.0018580043
38363,0.0017533005
38364,0.0012682477
38365,0.0010106284
38366,0.0010043599
38367,0.0011630511
38368,0.0010528289
38369,0.0008681433
38370,0.0011268024
38371,0.0010024746
38372,0.0028242778
38373,0.0037023243
38374,0.0037913946
38375,0.00350768
38376,0.0028059685
38377,0.0036183202
38378,0.004006689
38379,0.003975727
38380,0.0044511487
38381,0.004422654
38382,0.0042465925
38383,0.003586854
38384,0.0037039276
38385,0.0037739908
38386,0.003098342
38387,0.0023012585
38388,0.0026938785
38389,0.002701075
38390,0.002378463
38391,0.0019264788
38392,0.0016192121
38393,0.0020519383
38394,0.0021697413
38395,0.0021650146
38396,0.0020813989
38397,0.0017748307
38398,0.0012435445
38399,0.001017402
38400,0.0010170586
38401,0.0006567043
38402,0.0005330212
38403,0.0006544402
38404,0.0007622143
38405,0.0010981824
38406,0.0009981686
38407,0.0010016904
38408,0.0008025383
38409,0.00096408505
38410,0.0007937504
38411,0.0006979124
38412,0.0015999188
38413,0.002268985
38414,0.0019007913
38415,0.0018309911
38416,0.0016508431
38417,0.0014847947
38418,0.00088075735
38419,0.0012515463
38420,0.0016676467
38421,0.0011865855
38422,0.001012786
38423,0.0009020448
38424,0.001739502
38425,0.0013291579
38426,0.0007607237
38427,0.0009429635
38428,0.001022111
38429,0.0012059512
38430,0.0010176881
38431,0.0012613215
38432,0.0022259273
38433,0.0018783811
38434,0.0013678336
38435,0.0010971217
38436,0.00092517224
38437,0.0010287808
38438,0.001538851
38439,0.0015895162
38440,0.0013220664
38441,0.0014580928
38442,0.0015483724
38443,0.0015122184
38444,0.0013669184
38445,0.0019439991
38446,0.0034519532
38447,0.0035950886
38448,0.0017525867
38449,0.0011694646
38450,0.0013636142
38451,0.0017694604
38452,0.0020210552
38453,0.0018828536
38454,0.0018695754
38455,0.0026680855
38456,0.0038457068
38457,0.005103951
38458,0.005515493
38459,0.0046297414
38460,0.003584005
38461,0.0025547652
38462,0.001874162
38463,0.0016339021
38464,0.0015143339
38465,0.0014402793
38466,0.000937112
38467,0.0012709069
38468,0.0013783046
38469,0.0013997392
38470,0.0018044446
38471,0.0015640445
38472,0.0013773963
38473,0.0018220042
38474,0.0020861477
38475,0.001687028
38476,0.0012791016
38477,0.0011452481
38478,0.0008916605
38479,0.0005390479
38480,0.00045808146
38481,0.00081406033
38482,0.0007784974
38483,0.0007706066
38484,0.0009817048
38485,0.0014582525
38486,0.0016141534
38487,0.0013510708
38488,0.0010683604
38489,0.001244457
38490,0.0012145604
38491,0.0013027289
38492,0.0016768014
38493,0.0015137573
38494,0.0014046998
38495,0.0018724996
38496,0.0019239845
38497,0.0032094915
38498,0.0029942433
38499,0.0013628884
38500,0.0011729682
38501,0.0011837861
38502,0.0016552798
38503,0.0017470147
38504,0.0014374679
38505,0.0015611016
38506,0.0024620967
38507,0.0028815083
38508,0.0028058544
38509,0.002290636
38510,0.0019508885
38511,0.0016520238
38512,0.0012445739
38513,0.001033776
38514,0.0011206643
38515,0.0018224035
38516,0.00180023
38517,0.001124993
38518,0.0008437986
38519,0.00065612793
38520,0.0008924109
38521,0.00123377
38522,0.0013734817
38523,0.001537659
38524,0.0013591676
38525,0.0013787901
38526,0.0014230406
38527,0.0009816159
38528,0.0012256284
38529,0.0019855197
38530,0.0022523648
38531,0.002246957
38532,0.0018509577
38533,0.0016917827
38534,0.0011991506
38535,0.0008683109
38536,0.0010295443
38537,0.0011385194
38538,0.0013758952
38539,0.0014279406
38540,0.0018783656
38541,0.0018340722
38542,0.0011081548
38543,0.00076716207
38544,0.0012210845
38545,0.0034528046
38546,0.0038626592
38547,0.0016483554
38548,0.0010409581
38549,0.0009338142
38550,0.0017546612
38551,0.0026624838
38552,0.0015775146
38553,0.0003627775
38554,0.0019011741
38555,0.0029470308
38556,0.0033684534
38557,0.0035719338
38558,0.002857267
38559,0.0016825713
38560,0.0010508089
38561,0.0017368564
38562,0.0021287515
38563,0.0022525326
38564,0.0013982622
38565,0.0017534666
38566,0.0034200372
38567,0.0030073656
38568,0.0030514908
38569,0.0025917604
38570,0.0010229935
38571,0.0016900788
38572,0.0017510749
38573,0.0019503812
38574,0.0020334877
38575,0.0018989837
38576,0.0013165515
38577,0.0010946785
38578,0.00087178976
38579,0.00090619735
38580,0.0011079183
38581,0.0021007312
38582,0.002252804
38583,0.001679888
38584,0.0017246144
38585,0.0011789822
38586,0.0014487616
38587,0.0019287737
38588,0.0018147217
38589,0.0021937129
38590,0.001962965
38591,0.0022998923
38592,0.002542787
38593,0.003099272
38594,0.0026686855
38595,0.0013824791
38596,0.0007428382
38597,0.0006493955
38598,0.0010262032
38599,0.0009622115
38600,0.00094459794
38601,0.0018927973
38602,0.002660231
38603,0.0033160583
38604,0.0034809108
38605,0.0036409083
38606,0.0041303923
38607,0.003440916
38608,0.0020150992
38609,0.0012754331
38610,0.0013660026
38611,0.0026883413
38612,0.0029799012
38613,0.002496573
38614,0.0021672046
38615,0.0018664437
38616,0.0013386925
38617,0.0018539743
38618,0.0022375467
38619,0.0017592993
38620,0.0008649526
38621,0.0008068423
38622,0.00083478267
38623,0.00075016776
38624,0.0010899359
38625,0.0019929959
38626,0.0028132403
38627,0.002959497
38628,0.0
38629,0.00060901494
38630,0.00065630535
38631,0.0014586117
38632,0.0016931929
38633,0.0019275208
38634,0.0023911793
38635,0.0019457649
38636,0.0012807843
38637,0.0012308415
38638,0.0014044718
38639,0.0013614568
38640,0.0017040898
38641,0.001988903
38642,0.0023655922
38643,0.0024208876
38644,0.0025822993
38645,0.00247704
38646,0.0025822993
38647,0.0034895202
38648,0.0033447566
38649,0.002931088
38650,0.0017859791
38651,0.0014311572
38652,0.001448862
38653,0.0011320593
38654,0.0006133957
38655,0.0006624406
38656,0.0006360829
38657,0.0007166353
38658,0.00093103625
38659,0.0010011672
38660,0.0009044614
38661,0.0005267046
38662,0.001151432
38663,0.0016226056
38664,0.0027006655
38665,0.003292002
38666,0.0024810552
38667,0.0019812642
38668,0.0017487298
38669,0.0018770637
38670,0.0021703583
38671,0.0033363404
38672,0.004576511
38673,0.0049890876
38674,0.0047497684
38675,0.0039038204
38676,0.0034390972
38677,0.0035160999
38678,0.0029745637
38679,0.0025558928
38680,0.0019435799
38681,0.0013144718
38682,0.001158739
38683,0.0017577105
38684,0.0017747651
38685,0.00163465
38686,0.0017030477
38687,0.0014542154
38688,0.00076396874
38689,0.0006110664
38690,0.00055332837
38691,0.00048660947
38692,0.0006965349
38693,0.00085261685
38694,0.0013659813
38695,0.0012913976
38696,0.0010196023
38697,0.000817236
38698,0.0011363445
38699,0.001652834
38700,0.0015509642
38701,0.0011601949
38702,0.00077905797
38703,0.00091939745
38704,0.0015515833
38705,0.0027165788
38706,0.0034823986
38707,0.0033951234
38708,0.0026559718
38709,0.0021601832
38710,0.0029129304
38711,0.0039389404
38712,0.0042749806
38713,0.004666053
38714,0.00395422
38715,0.0038142318
38716,0.0033925679
38717,0.0034020685
38718,0.0035637848
38719,0.0029016885
38720,0.0029030624
38721,0.002914219
38722,0.0024264352
38723,0.0014902729
38724,0.0011733652
38725,0.0013232327
38726,0.0018758384
38727,0.0019812202
38728,0.002038191
38729,0.0018719711
38730,0.0015423081
38731,0.0014275125
38732,0.0014088168
38733,0.0014256152
38734,0.0011804131
38735,0.00057469145
38736,0.00037047762
38737,0.00072579563
38738,0.0011601698
38739,0.0014665514
38740,0.0014492436
38741,0.0014069356
38742,0.0010004402
38743,0.0006979124
38744,0.0004417808
38745,0.0016220853
38746,0.002072234
38747,0.0014432064
38748,0.0014005706
38749,0.0010402029
38750,0.0009403055
38751,0.0007470186
38752,0.0009939318
38753,0.0013792544
38754,0.0011829991
38755,0.0010899359
38756,0.0012026163
38757,0.0016934506
38758,0.0014250434
38759,0.00095058704
38760,0.0007701911
38761,0.000864111
38762,0.0014371641
38763,0.0010818416
38764,0.00097522046
38765,0.0014780759
38766,0.001810322
38767,0.001952186
38768,0.0018648681
38769,0.0015497063
38770,0.0012609983
38771,0.0015262222
38772,0.0011983736
38773,0.0008979379
38774,0.0012007998
38775,0.0012129297
38776,0.0009979936
38777,0.0008230911
38778,0.0011894762
38779,0.0030813122
38780,0.0041766735
38781,0.002662768
38782,0.001073551
38783,0.0011509012
38784,0.0014069356
38785,0.001946991
38786,0.0019657947
38787,0.0019742008
38788,0.0025616593
38789,0.0036825563
38790,0.003981272
38791,0.003526621
38792,0.0008713223
38793,0.0012220613
38794,0.0018238242
38795,0.0016852674
38796,0.0011612981
38797,0.00090426835
38798,0.00068566995
38799,0.00084868225
38800,0.0012485429
38801,0.0014249822
38802,0.001703919
38803,0.0017341733
38804,0.0013222866
38805,0.0015078433
38806,0.001826057
38807,0.0023266526
38808,0.0022289064
38809,0.0013678336
38810,0.0010618846
38811,0.000831429
38812,0.00045431746
38813,0.0007323821
38814,0.00085261685
38815,0.00057250966
38816,0.00086367305
38817,0.0011341397
38818,0.0013908744
38819,0.0011533515
38820,0.0007401299
38821,0.0007819292
38822,0.0010232495
38823,0.0015265082
38824,0.0024540098
38825,0.0033699218
38826,0.0035230624
38827,0.002977742
38828,0.0024248636
38829,0.0025587948
38830,0.003237813
38831,0.0026794928
38832,0.0011803391
38833,0.0012179104
38834,0.0013690671
38835,0.0016201824
38836,0.0014457854
38837,0.0011261565
38838,0.0016019548
38839,0.0022403935
38840,0.00239682
38841,0.0019966725
38842,0.0014960812
38843,0.001326023
38844,0.0012452285
38845,0.0012005575
38846,0.0014945242
38847,0.0017977062
38848,0.0019390973
38849,0.0014945826
38850,0.00089605607
38851,0.00090981927
38852,0.00062407326
38853,0.0003870743
38854,0.0004942058
38855,0.0007455757
38856,0.0015733211
38857,0.0017090014
38858,0.0017680618
38859,0.0016470837
38860,0.00099188
38861,0.0006766546
38862,0.0015928451
38863,0.0023388418
38864,0.0028545766
38865,0.0021964973
38866,0.0015705994
38867,0.0012051305
38868,0.000831429
38869,0.0008523096
38870,0.0010154262
38871,0.0012198446
38872,0.0016339733
38873,0.002004383
38874,0.0020007642
38875,0.0015317423
38876,0.0012241553
38877,0.0019290604
38878,0.0029853755
38879,0.00308522
38880,0.0013939887
38881,0.0008167373
38882,0.000813166
38883,0.0016458286
38884,0.0024103455
38885,0.0018294964
38886,0.002083565
38887,0.002923462
38888,0.003087323
38889,0.0020280562
38890,0.0020585372
38891,0.0020190093
38892,0.0011321878
38893,0.0010536301
38894,0.0013339664
38895,0.00169106
38896,0.0017040727
38897,0.0011757192
38898,0.0016952542
38899,0.0034074623
38900,0.0033471223
38901,0.0024802573
38902,0.0016943956
38903,0.0012076877
38904,0.0017080134
38905,0.0019887711
38906,0.001556303
38907,0.001169116
38908,0.00095486373
38909,0.00065926975
38910,0.0006338829
38911,0.0010251533
38912,0.0009366461
38913,0.0010148241
38914,0.002197279
38915,0.0024994041
38916,0.002408292
38917,0.0020951962
38918,0.0008442124
38919,0.00089283474
38920,0.0011825316
38921,0.0017027913
38922,0.0020651997
38923,0.002138273
38924,0.0023733182
38925,0.0023931381
38926,0.0027478745
38927,0.002412156
38928,0.0015202418
38929,0.0009802807
38930,0.0010925762
38931,0.0012647317
38932,0.0015099264
38933,0.0015588629
38934,0.0017505928
38935,0.0019383918
38936,0.002782293
38937,0.0033419274
38938,0.0031431345
38939,0.0032695672
38940,0.0032359248
38941,0.0028236387
38942,0.0020526333
38943,0.0016331717
38944,0.002527956
38945,0.0030516244
38946,0.0027791425
38947,0.002283994
38948,0.0017069908
38949,0.0013219784
38950,0.0022964731
38951,0.0029293995
38952,0.0018269174
38953,0.0009917333
38954,0.0012282614
38955,0.0009991012
38956,0.00078415923
38957,0.00083478267
38958,0.0018943342
38959,0.0033082995
38960,0.0036147633
38961,0.0
38962,0.0006398238
38963,0.0008102618
38964,0.0014351578
38965,0.001757694
38966,0.0021304598
38967,0.0026721293
38968,0.0016541189
38969,0.00079055404
38970,0.0005311615
38971,0.00043547738
38972,0.0007364243
38973,0.0015522396
38974,0.0020026253
38975,0.0021362305
38976,0.0022915124
38977,0.002299867
38978,0.0019366043
38979,0.0016871833
38980,0.0025983548
38981,0.0024015876
38982,0.0013915229
38983,0.0011755953
38984,0.0010625421
38985,0.0008280969
38986,0.0007674655
38987,0.00078586466
38988,0.00064912654
38989,0.00071072223
38990,0.00036732186
38991,0.00054345716
38992,0.00087392377
38993,0.0008196541
38994,0.00070061773
38995,0.0015053513
38996,0.0017178002
38997,0.0025968647
38998,0.0038358711
38999,0.0030079172
39000,0.0017802502
39001,0.0017520386
39002,0.0018561394
39003,0.0024784144
39004,0.003373711
39005,0.0042246184
39006,0.005020333
39007,0.0058167665
39008,0.00580275
39009,0.00519276
39010,0.004250908
39011,0.003500745
39012,0.0031716817
39013,0.002884113
39014,0.0016916451
39015,0.001185874
39016,0.001080415
39017,0.00093097374
39018,0.0009477354
39019,0.001561288
39020,0.0015390023
39021,0.0011418887
39022,0.0008120199
39023,0.00060474686
39024,0.0003300099
39025,0.00051851827
39026,0.0005748434
39027,0.0009693836
39028,0.0009076415
39029,0.0006263078
39030,0.0010140209
39031,0.0014429442
39032,0.0016545763
39033,0.0011484203
39034,0.0008655917
39035,0.00084541814
39036,0.0011169184
39037,0.0018142565
39038,0.0022433794
39039,0.00286325
39040,0.0028045678
39041,0.0022126297
39042,0.0022652622
39043,0.0024567835
39044,0.002666045
39045,0.003254203
39046,0.0033611876
39047,0.0036359087
39048,0.0034164016
39049,0.003537473
39050,0.0029439677
39051,0.002711367
39052,0.0029429593
39053,0.0029671774
39054,0.0025822655
39055,0.0021098277
39056,0.0019347097
39057,0.0018468178
39058,0.0016743697
39059,0.001998479
39060,0.0018786135
39061,0.0016558599
39062,0.0017150193
39063,0.0017876243
39064,0.00167812
39065,0.0016182052
39066,0.0014917369
39067,0.0014080936
39068,0.0012211798
39069,0.0011664992
39070,0.0015280136
39071,0.0017565014
39072,0.0018659758
39073,0.0015691719
39074,0.0014495248
39075,0.0009803994
39076,0.00080308213
39077,0.00060156215
39078,0.0017313011
39079,0.00247243
39080,0.0020159222
39081,0.001333028
39082,0.0010253805
39083,0.0011001418
39084,0.0009563865
39085,0.00076495856
39086,0.0010417686
39087,0.0010289788
39088,0.0010377939
39089,0.0012603289
39090,0.0012777129
39091,0.0010495064
39092,0.0009788546
39093,0.00072735787
39094,0.00077339634
39095,0.0013875014
39096,0.0012193911
39097,0.00077617605
39098,0.0011435951
39099,0.001287312
39100,0.0014094157
39101,0.0016505962
39102,0.001552877
39103,0.001673883
39104,0.0017778617
39105,0.0009854627
39106,0.00058686855
39107,0.0007693971
39108,0.00069171307
39109,0.0010649498
39110,0.0013281722
39111,0.001634472
39112,0.0025299124
39113,0.0037199068
39114,0.002956831
39115,0.0016047503
39116,0.0009260526
39117,0.00089933054
39118,0.0018989991
39119,0.0018552453
39120,0.0013925682
39121,0.001516696
39122,0.001313741
39123,0.001145426
39124,0.00083958014
39125,0.0009648394
39126,0.0012348547
39127,0.0015733211
39128,0.0011880317
39129,0.0006133957
39130,0.0004277907
39131,0.00061039923
39132,0.0008835287
39133,0.0010111467
39134,0.0013213397
39135,0.0013779878
39136,0.0010143939
39137,0.00057250966
39138,0.0013122115
39139,0.001557462
39140,0.002203918
39141,0.002416363
39142,0.0018882559
39143,0.0013921293
39144,0.00084138074
39145,0.00080824783
39146,0.0009954826
39147,0.00092432246
39148,0.0005586676
39149,0.0011183246
39150,0.0012355144
39151,0.0010352951
39152,0.0007837509
39153,0.00063425006
39154,0.00072052353
39155,0.0009946343
39156,0.00159458
39157,0.0023188968
39158,0.0031411801
39159,0.0035273142
39160,0.0031511523
39161,0.0024307256
39162,0.0022376508
39163,0.0024459916
39164,0.0015858867
39165,0.0007341286
39166,0.00089690014
39167,0.0007557723
39168,0.00079890364
39169,0.00068753504
39170,0.000695615
39171,0.0016663199
39172,0.002484279
39173,0.002531166
39174,0.0018996426
39175,0.0008746561
39176,0.0010325082
39177,0.0014782924
39178,0.0018957012
39179,0.002157541
39180,0.0020435958
39181,0.0015504387
39182,0.0010974666
39183,0.0011180904
39184,0.0011527204
39185,0.0008726907
39186,0.0006088716
39187,0.00061225594
39188,0.00044309642
39189,0.0011623752
39190,0.001476953
39191,0.0019611402
39192,0.0018263119
39193,0.0012982531
39194,0.0013030863
39195,0.001714578
39196,0.0018401556
39197,0.0027778016
39198,0.0026291208
39199,0.0017526033
39200,0.000989618
39201,0.0005409881
39202,0.00096078886
39203,0.00092296756
39204,0.0007873077
39205,0.0015175976
39206,0.0019948203
39207,0.0020972372
39208,0.0015588629
39209,0.0011339857
39210,0.0016417918
39211,0.0023427708
39212,0.0022943558
39213,0.0011262082
39214,0.0008941377
39215,0.00090323784
39216,0.0013807729
39217,0.0019431605
39218,0.0017443139
39219,0.0026108476
39220,0.0033971716
39221,0.0030987272
39222,0.0015913644
39223,0.0018520424
39224,0.002096446
39225,0.0011446889
39226,0.0011038919
39227,0.0014535148
39228,0.0023793315
39229,0.0026762977
39230,0.002301423
39231,0.0018071682
39232,0.0027658527
39233,0.003067045
39234,0.0021192145
39235,0.0011100179
39236,0.0010907633
39237,0.0012485662
39238,0.001501964
39239,0.0011667986
39240,0.0008692824
39241,0.0010318033
39242,0.0008130229
39243,0.0011676962
39244,0.0015395506
39245,0.0011963076
39246,0.0012299427
39247,0.0022436907
39248,0.0023386178
39249,0.0027260436
39250,0.0023926029
39251,0.0009219895
39252,0.0006548403
39253,0.00039148534
39254,0.0013457828
39255,0.0018887336
39256,0.0025028484
39257,0.0021349632
39258,0.002115462
39259,0.0024792831
39260,0.002205225
39261,0.0017662337
39262,0.0014696242
39263,0.0015537388
39264,0.0015548063
39265,0.0015890035
39266,0.0013747737
39267,0.0013169051
39268,0.0014786271
39269,0.0017241756
39270,0.0028277587
39271,0.0034127706
39272,0.0031530913
39273,0.003496128
39274,0.0037271057
39275,0.0025330049
39276,0.0019699505
39277,0.0020759946
39278,0.0026465424
39279,0.0028400824
39280,0.0022684333
39281,0.001696953
39282,0.0010044758
39283,0.0025041853
39284,0.0030966508
39285,0.0016338308
39286,0.00093325303
39287,0.0014312183
39288,0.0011654758
39289,0.0014083829
39290,0.0011282995
39291,0.0017600767
39292,0.0037249732
39293,0.0039314413
39294,0.0
39295,0.001037766
39296,0.0014365767
39297,0.0018912745
39298,0.0019179241
39299,0.0021623245
39300,0.0025654172
39301,0.0014441741
39302,0.0009161947
39303,0.0008493336
39304,0.0007490418
39305,0.00085646537
39306,0.0013728883
39307,0.0016677515
39308,0.0010700753
39309,0.0007946299
39310,0.0011064464
39311,0.0012364563
39312,0.001228759
39313,0.0019401627
39314,0.0016046596
39315,0.0007324219
39316,0.0008359324
39317,0.0007580025
39318,0.00071529386
39319,0.000910299
39320,0.0008066258
39321,0.00070186285
39322,0.00086367305
39323,0.0008284483
39324,0.00086367305
39325,0.0008797655
39326,0.0010590303
39327,0.0015643608
39328,0.002014897
39329,0.0020228545
39330,0.002405668
39331,0.0037492944
39332,0.00343221
39333,0.0019645505
39334,0.0023278906
39335,0.003947856
39336,0.0046519605
39337,0.004846744
39338,0.0041002156
39339,0.0043148594
39340,0.0054244674
39341,0.00608524
39342,0.0058660223
39343,0.004793215
39344,0.0042995075
39345,0.003980512
39346,0.0034034112
39347,0.002671759
39348,0.0020782924
39349,0.0009080582
39350,0.0006985793
39351,0.00087259064
39352,0.0012438253
39353,0.0013867881
39354,0.0014534347
39355,0.0013283694
39356,0.0008218172
39357,0.0006156217
39358,0.000831394
39359,0.0010723032
39360,0.0012906536
39361,0.0009829492
39362,0.0006766546
39363,0.00094951486
39364,0.0013329843
39365,0.0011865855
39366,0.0007781608
39367,0.0007400119
39368,0.0010198306
39369,0.0009871151
39370,0.0015603184
39371,0.001799373
39372,0.001719866
39373,0.0019388722
39374,0.0022909283
39375,0.0028052528
39376,0.0031034197
39377,0.0028028863
39378,0.003101769
39379,0.0030457152
39380,0.003455543
39381,0.0029878991
39382,0.0027340285
39383,0.0023654199
39384,0.0023883418
39385,0.0026022722
39386,0.0023037614
39387,0.0018633225
39388,0.0019100019
39389,0.0019414223
39390,0.002165176
39391,0.0022631027
39392,0.0023083175
39393,0.0021766517
39394,0.0017291985
39395,0.0015216578
39396,0.0014238585
39397,0.0018283188
39398,0.001903316
39399,0.0018335008
39400,0.0019450318
39401,0.001973788
39402,0.0019403127
39403,0.0018960849
39404,0.0019173474
39405,0.0017325614
39406,0.0017857673
39407,0.0018163087
39408,0.0017111459
39409,0.0014276145
39410,0.00091259804
39411,0.0015701175
39412,0.0022124588
39413,0.0022098788
39414,0.0012793746
39415,0.000972471
39416,0.0009376709
39417,0.0010047075
39418,0.0009748921
39419,0.0010305615
39420,0.00082227745
39421,0.000772794
39422,0.00088260585
39423,0.0010066465
39424,0.0011901855
39425,0.0014494846
39426,0.0013400397
39427,0.0011548141
39428,0.0012721886
39429,0.0010615007
39430,0.0006692592
39431,0.0007668585
39432,0.0008024295
39433,0.00080507284
39434,0.0010096488
39435,0.0009854331
39436,0.001728441
39437,0.0019844787
39438,0.001151786
39439,0.0005784269
39440,0.0008822101
39441,0.001166599
39442,0.0017771249
39443,0.0017504764
39444,0.0017189011
39445,0.0017157658
39446,0.0026778413
39447,0.0028917317
39448,0.002310737
39449,0.0013788324
39450,0.0013415591
39451,0.0021659688
39452,0.0017165968
39453,0.0011305414
39454,0.0014619998
39455,0.0014037879
39456,0.0013457828
39457,0.0010819224
39458,0.0016633479
39459,0.0017085926
39460,0.0016990098
39461,0.001292659
39462,0.0006603725
39463,0.00045833553
39464,0.0006285343
39465,0.0010823258
39466,0.0013355146
39467,0.0013781779
39468,0.0008418994
39469,0.0005217078
39470,0.00037188898
39471,0.0012801251
39472,0.0017569487
39473,0.0015944156
39474,0.0017544124
39475,0.0017991303
39476,0.0015722477
39477,0.0013447227
39478,0.0010871821
39479,0.0011400521
39480,0.00097393634
39481,0.0007271978
39482,0.0014151242
39483,0.0015971514
39484,0.00094779686
39485,0.0005882555
39486,0.000637591
39487,0.0009602435
39488,0.0013480516
39489,0.0017707922
39490,0.001813053
39491,0.0014319095
39492,0.0018194467
39493,0.0018614315
39494,0.0016394502
39495,0.001737828
39496,0.001303399
39497,0.00070107455
39498,0.00051497
39499,0.0007560033
39500,0.0007516793
39501,0.0007795061
39502,0.00074205425
39503,0.00056100695
39504,0.0015116794
39505,0.0024185902
39506,0.0023854764
39507,0.0019167553
39508,0.0014207687
39509,0.002009082
39510,0.0020142035
39511,0.0019073944
39512,0.001744464
39513,0.0014963731
39514,0.00068694213
39515,0.0009951901
39516,0.0015027196
39517,0.0014916979
39518,0.0012867014
39519,0.0011224807
39520,0.0010292899
39521,0.0008338408
39522,0.0007743742
39523,0.0010583431
39524,0.0016672802
39525,0.0016281921
39526,0.0014148362
39527,0.0016430322
39528,0.0015903217
39529,0.0013288732
39530,0.002235738
39531,0.0027241318
39532,0.0021908055
39533,0.0012098064
39534,0.0009102031
39535,0.00091939745
39536,0.0007851978
39537,0.0010649498
39538,0.0013018796
39539,0.0013653206
39540,0.0017031502
39541,0.0012307469
39542,0.00062709727
39543,0.0013626534
39544,0.0021222886
39545,0.0017696742
39546,0.0012123778
39547,0.00078002864
39548,0.0006527927
39549,0.0007372538
39550,0.0009502808
39551,0.0012271235
39552,0.0020788806
39553,0.002666667
39554,0.0017991303
39555,0.0011103062
39556,0.0020984996
39557,0.0023977307
39558,0.0015181345
39559,0.0008069144
39560,0.00084493606
39561,0.0022706392
39562,0.003131167
39563,0.0033228355
39564,0.00266694
39565,0.0022254828
39566,0.0023688748
39567,0.0016901132
39568,0.0010007311
39569,0.00077846
39570,0.0007634352
39571,0.0013226167
39572,0.0015073993
39573,0.0012943465
39574,0.0012388548
39575,0.0010787705
39576,0.0016076675
39577,0.00200341
39578,0.0012814204
39579,0.0011893783
39580,0.002100759
39581,0.0022486532
39582,0.002998352
39583,0.0026103682
39584,0.0010187741
39585,0.00067103986
39586,0.0006115425
39587,0.0009717824
39588,0.0016488497
39589,0.0032483127
39590,0.0029681385
39591,0.0019588536
39592,0.002046499
39593,0.0018525766
39594,0.0020233148
39595,0.0018930126
39596,0.0017316036
39597,0.0014227133
39598,0.0010822989
39599,0.0009664669
39600,0.0012816021
39601,0.0013950323
39602,0.001030618
39603,0.002325464
39604,0.0038902732
39605,0.0037200165
39606,0.0033839354
39607,0.0041232836
39608,0.0027328786
39609,0.0020486878
39610,0.0020735539
39611,0.002367818
39612,0.002501953
39613,0.002182487
39614,0.0019776328
39615,0.00093987206
39616,0.0026426355
39617,0.0036506793
39618,0.0018713803
39619,0.0013346644
39620,0.0016580905
39621,0.00097058376
39622,0.0012708841
39623,0.0011418632
39624,0.0012378913
39625,0.0037555147
39626,0.004760461
39627,0.0
39628,0.0016113743
39629,0.0018374965
39630,0.0019733896
39631,0.0018351985
39632,0.0017273125
39633,0.0017725007
39634,0.0009921147
39635,0.0009816454
39636,0.0010996654
39637,0.00094404316
39638,0.0009531859
39639,0.0011380336
39640,0.0012570455
39641,0.000869751
39642,0.0009361177
39643,0.0010086971
39644,0.0010645945
39645,0.00096848246
39646,0.001471267
39647,0.0014821265
39648,0.00084417796
39649,0.0007661371
39650,0.00051151094
39651,0.0008242924
39652,0.0008890455
39653,0.0008514555
39654,0.0008561935
39655,0.0010536577
39656,0.0011494589
39657,0.00107931
39658,0.00084227964
39659,0.0012696927
39660,0.0018244943
39661,0.0018693106
39662,0.0019305233
39663,0.0019802798
39664,0.0043233833
39665,0.00448106
39666,0.0027058227
39667,0.00404237
39668,0.005165438
39669,0.005079974
39670,0.0046534366
39671,0.0043237265
39672,0.0040130834
39673,0.0036720142
39674,0.003790312
39675,0.0047305445
39676,0.0047646533
39677,0.0041717095
39678,0.0039383345
39679,0.0029273918
39680,0.0028665718
39681,0.002452076
39682,0.0013810679
39683,0.0010994008
39684,0.0010558928
39685,0.0008891437
39686,0.0012067474
39687,0.0016066534
39688,0.0014797288
39689,0.0011294854
39690,0.0009379502
39691,0.000731388
39692,0.00087115524
39693,0.0011425002
39694,0.0008319539
39695,0.00037516147
39696,0.00083457347
39697,0.0012281192
39698,0.00092589547
39699,0.0005587718
39700,0.0008675061
39701,0.0011552173
39702,0.0012832134
39703,0.0016320129
39704,0.0016196793
39705,0.0015202992
39706,0.0017825211
39707,0.0019514554
39708,0.0021657674
39709,0.0027185064
39710,0.0030885388
39711,0.0033565522
39712,0.0030460686
39713,0.00219143
39714,0.0017930863
39715,0.0014550157
39716,0.0020749008
39717,0.0021490394
39718,0.0025761044
39719,0.0027515895
39720,0.0024396055
39721,0.0024461462
39722,0.0023730483
39723,0.0022868083
39724,0.0025714568
39725,0.0024030171
39726,0.0022049742
39727,0.0016507725
39728,0.0016458286
39729,0.0015667217
39730,0.0016006826
39731,0.0014194365
39732,0.0012787147
39733,0.0014267988
39734,0.0015036296
39735,0.0015488798
39736,0.0013014325
39737,0.0013929235
39738,0.0016362517
39739,0.0019274756
39740,0.0020247384
39741,0.0020192545
39742,0.0018869299
39743,0.0016007008
39744,0.002183287
39745,0.0024890776
39746,0.0021074538
39747,0.0008303782
39748,0.00035450014
39749,0.0008567032
39750,0.0010669157
39751,0.0010975726
39752,0.00085707684
39753,0.00082640816
39754,0.0008132734
39755,0.00081933447
39756,0.00094951486
39757,0.0009521166
39758,0.0010094182
39759,0.0012413894
39760,0.0012314798
39761,0.0011440531
39762,0.0009406149
39763,0.00095425395
39764,0.0010337196
39765,0.00119492
39766,0.0010622134
39767,0.0006819672
39768,0.0011545117
39769,0.001802831
39770,0.0018216528
39771,0.0011102539
39772,0.0008134881
39773,0.0013798451
39774,0.0017042264
39775,0.0020055587
39776,0.0018296395
39777,0.0014540954
39778,0.0012151832
39779,0.0012443634
39780,0.002261752
39781,0.002663107
39782,0.0018754349
39783,0.0014731055
39784,0.001993215
39785,0.0017393179
39786,0.0018091802
39787,0.002103016
39788,0.0020198165
39789,0.0020279987
39790,0.0016531862
39791,0.0022036538
39792,0.0022113402
39793,0.0018336278
39794,0.0012385964
39795,0.0007815197
39796,0.0006386856
39797,0.000811769
39798,0.0010544033
39799,0.0011214431
39800,0.000825915
39801,0.0003870743
39802,0.00023266526
39803,0.0007441691
39804,0.0015826719
39805,0.0018655391
39806,0.0016170178
39807,0.0012823966
39808,0.0013469069
39809,0.0012742459
39810,0.0013161534
39811,0.00124434
39812,0.001307078
39813,0.0009925839
39814,0.00057261134
39815,0.0014486611
39816,0.0017077578
39817,0.0010603211
39818,0.0009530027
39819,0.0012237749
39820,0.0015694315
39821,0.0016112841
39822,0.0020401892
39823,0.0019218352
39824,0.0015238557
39825,0.0015957841
39826,0.001291082
39827,0.0011604708
39828,0.0011907967
39829,0.0007284774
39830,0.0007859017
39831,0.00091870077
39832,0.0011391583
39833,0.0008864227
39834,0.0008790705
39835,0.0010992949
39836,0.00087638467
39837,0.0017556727
39838,0.0025488688
39839,0.0021576353
39840,0.0016458463
39841,0.001648779
39842,0.0019339274
39843,0.0017422771
39844,0.0012290668
39845,0.0012070609
39846,0.001008322
39847,0.00075980497
39848,0.0012017447
39849,0.0018794809
39850,0.0016680481
39851,0.0012378913
39852,0.00096881296
39853,0.00092567544
39854,0.001026118
39855,0.00093144254
39856,0.0009343439
39857,0.0014279609
39858,0.0014407844
39859,0.001479001
39860,0.0014789223
39861,0.001597789
39862,0.0013642117
39863,0.0015841791
39864,0.0021952116
39865,0.001992397
39866,0.0011270865
39867,0.00094709033
39868,0.00112388
39869,0.0011945791
39870,0.0018085367
39871,0.0016913355
39872,0.0013405391
39873,0.0015163505
39874,0.0012334398
39875,0.0005922986
39876,0.0011665741
39877,0.0018168534
39878,0.0015562281
39879,0.0013068331
39880,0.00092331436
39881,0.0006770416
39882,0.00046307346
39883,0.00088858703
39884,0.0011907478
39885,0.002173842
39886,0.0026077132
39887,0.0013328096
39888,0.0008153107
39889,0.0018328975
39890,0.002205172
39891,0.0016089343
39892,0.0008858972
39893,0.00065643835
39894,0.001035548
39895,0.0017518227
39896,0.0022170318
39897,0.0022256265
39898,0.0017056774
39899,0.0014120359
39900,0.00097605574
39901,0.0009340012
39902,0.0009162264
39903,0.0006512751
39904,0.00095775496
39905,0.001126079
39906,0.0014377512
39907,0.0015295557
39908,0.0015344949
39909,0.0020855058
39910,0.0023926273
39911,0.00165146
39912,0.0010796874
39913,0.001970039
39914,0.002170184
39915,0.0025560977
39916,0.0023590627
39917,0.0015675018
39918,0.0006692592
39919,0.00068715395
39920,0.0007563497
39921,0.0016146041
39922,0.00369228
39923,0.0033692394
39924,0.0017509751
39925,0.0016610894
39926,0.001630425
39927,0.0018138073
39928,0.0017521549
39929,0.0018765053
39930,0.0016926599
39931,0.0011086799
39932,0.000766327
39933,0.0013956997
39934,0.0015061824
39935,0.0007811099
39936,0.0015832051
39937,0.0039061606
39938,0.0041745896
39939,0.0040294547
39940,0.0043552616
39941,0.002342162
39942,0.0019205324
39943,0.002236441
39944,0.0022721894
39945,0.0019599972
39946,0.0020088067
39947,0.001890628
39948,0.00087125547
39949,0.0021182392
39950,0.0033393835
39951,0.0023083175
39952,0.0013304491
39953,0.001896975
39954,0.0012538696
39955,0.0012976252
39956,0.001370979
39957,0.0013789589
39958,0.0035759322
39959,0.004803072
39960,0.0
39961,0.0018372431
39962,0.001837845
39963,0.0017581575
39964,0.0017921121
39965,0.0016166397
39966,0.0013610934
39967,0.0006766116
39968,0.0009904412
39969,0.0011970128
39970,0.0008757867
39971,0.00090773765
39972,0.0009663465
39973,0.000957451
39974,0.00079397036
39975,0.00088727596
39976,0.00074366055
39977,0.0008891109
39978,0.0008358976
39979,0.0012340295
39980,0.0016344899
39981,0.0013891365
39982,0.001044475
39983,0.00097052375
39984,0.0009058119
39985,0.0008654236
39986,0.0007077266
39987,0.0012148957
39988,0.0015702659
39989,0.0017069908
39990,0.0015128918
39991,0.0014730067
39992,0.0018701357
39993,0.0019049515
39994,0.0018466129
39995,0.001837544
39996,0.0020274534
39997,0.0042668576
39998,0.004503211
39999,0.0025713888
40000,0.0042192345
40001,0.004894273
40002,0.0034022995
40003,0.00227498
40004,0.0029228947
40005,0.00352823
40006,0.003653827
40007,0.003629732
40008,0.004047155
40009,0.004158342
40010,0.004334389
40011,0.004264286
40012,0.0030233876
40013,0.0031852883
40014,0.002716193
40015,0.0019294526
40016,0.0015424779
40017,0.0010032292
40018,0.0007703422
40019,0.0009184473
40020,0.0015011306
40021,0.0014744484
40022,0.0012581332
40023,0.0010458116
40024,0.0006303838
40025,0.00093677035
40026,0.001020886
40027,0.00075715734
40028,0.00059733825
40029,0.0008442469
40030,0.0012181016
40031,0.0011529729
40032,0.0010160853
40033,0.0013147596
40034,0.0015634676
40035,0.001684853
40036,0.0020424987
40037,0.0019635132
40038,0.0017431289
40039,0.0015443258
40040,0.0016311567
40041,0.0017841368
40042,0.002236571
40043,0.0029372773
40044,0.0032868083
40045,0.0035881116
40046,0.0032454175
40047,0.0029423756
40048,0.0021830737
40049,0.0023042918
40050,0.0024567954
40051,0.0028059997
40052,0.0031411524
40053,0.0025442059
40054,0.0022927823
40055,0.002321255
40056,0.0022889709
40057,0.0022122876
40058,0.0019047987
40059,0.0023179175
40060,0.0023225585
40061,0.0021559622
40062,0.0016677864
40063,0.0013128767
40064,0.0010746618
40065,0.0005129314
40066,0.0007263969
40067,0.00081762765
40068,0.0007352773
40069,0.0005283046
40070,0.0005274224
40071,0.0009402745
40072,0.0011143095
40073,0.0012186749
40074,0.0012859321
40075,0.0013904349
40076,0.0014900971
40077,0.0024119024
40078,0.0025288651
40079,0.0017884056
40080,0.0009825049
40081,0.0010669157
40082,0.0012331565
40083,0.0010527459
40084,0.0008363849
40085,0.00073890993
40086,0.0009606374
40087,0.00097408576
40088,0.00086320116
40089,0.00077782414
40090,0.00066423946
40091,0.0008242924
40092,0.0012577862
40093,0.0011594923
40094,0.0010274503
40095,0.0007815569
40096,0.0007545776
40097,0.00079908577
40098,0.0012957174
40099,0.0011597683
40100,0.0009111299
40101,0.0015046358
40102,0.0017217264
40103,0.0014001135
40104,0.0011480148
40105,0.0011853831
40106,0.0014833042
40107,0.001791771
40108,0.0018713336
40109,0.0016023726
40110,0.00097533985
40111,0.0009162264
40112,0.0010089857
40113,0.0020092702
40114,0.002967246
40115,0.002701226
40116,0.0016481611
40117,0.0017320742
40118,0.0018429371
40119,0.0023596794
40120,0.0027431785
40121,0.0033978054
40122,0.0037270666
40123,0.0035476438
40124,0.003149397
40125,0.0025768047
40126,0.001890397
40127,0.0014236744
40128,0.0011459849
40129,0.0011407923
40130,0.0009957749
40131,0.0008410002
40132,0.0006715601
40133,0.00058582623
40134,0.00051711313
40135,0.00037624597
40136,0.0013694923
40137,0.0019685612
40138,0.002097015
40139,0.0016801999
40140,0.0010366155
40141,0.0009790924
40142,0.0012386669
40143,0.0012958297
40144,0.0012928841
40145,0.0013619057
40146,0.0010425785
40147,0.0014180621
40148,0.0018288122
40149,0.0018031215
40150,0.0011956992
40151,0.0010569121
40152,0.0010723575
40153,0.0012241078
40154,0.0015167152
40155,0.00206917
40156,0.0017519223
40157,0.001425166
40158,0.0016948765
40159,0.0010487018
40160,0.0007046769
40161,0.0006516325
40162,0.00044486634
40163,0.0008162026
40164,0.0008167017
40165,0.0009560213
40166,0.00086448144
40167,0.0013571961
40168,0.0015181345
40169,0.0010587829
40170,0.001934108
40171,0.0024233267
40172,0.0018427791
40173,0.0012488925
40174,0.0016798534
40175,0.0018161805
40176,0.0014498058
40177,0.001017974
40178,0.0008485451
40179,0.0009218317
40180,0.00090484746
40181,0.0012184599
40182,0.0018573307
40183,0.0016543476
40184,0.00097375707
40185,0.0005709316
40186,0.00054830883
40187,0.00088062516
40188,0.0010622134
40189,0.0011014373
40190,0.0011206643
40191,0.0008612772
40192,0.0010642117
40193,0.0011999997
40194,0.0014708119
40195,0.0015493683
40196,0.0015830213
40197,0.0016157933
40198,0.0013177888
40199,0.00084221055
40200,0.0011596178
40201,0.0018654923
40202,0.0019527078
40203,0.002185006
40204,0.0022610957
40205,0.0019107788
40206,0.0017263518
40207,0.0012021805
40208,0.00084068865
40209,0.0014506688
40210,0.0016438292
40211,0.0010216269
40212,0.0010632267
40213,0.0010594974
40214,0.0012986341
40215,0.0013276023
40216,0.0019909067
40217,0.0019860766
40218,0.0027706574
40219,0.0025559042
40220,0.0013078349
40221,0.0009287828
40222,0.0013945315
40223,0.001741074
40224,0.0014800435
40225,0.0011085224
40226,0.0007368194
40227,0.0012096381
40228,0.0013653632
40229,0.00076943496
40230,0.0009677008
40231,0.0011370614
40232,0.0013653206
40233,0.001580611
40234,0.0019016638
40235,0.001827666
40236,0.0016359137
40237,0.0010371207
40238,0.00091806694
40239,0.0012415536
40240,0.0012767331
40241,0.0012040191
40242,0.0015774408
40243,0.002117937
40244,0.001863135
40245,0.0016176836
40246,0.0018884563
40247,0.0020367054
40248,0.0021914167
40249,0.0022048159
40250,0.0018160844
40251,0.001075041
40252,0.00089878024
40253,0.00072955526
40254,0.0016074864
40255,0.0035464624
40256,0.0036105984
40257,0.0019842733
40258,0.0014945047
40259,0.0015840871
40260,0.0017173935
40261,0.001553383
40262,0.0015760564
40263,0.0014307912
40264,0.0009906174
40265,0.0006231399
40266,0.0011932626
40267,0.0013651927
40268,0.0008027196
40269,0.0014041817
40270,0.0037915173
40271,0.0045828344
40272,0.0040626004
40273,0.00401082
40274,0.0023986408
40275,0.0014631938
40276,0.0019650245
40277,0.0021961394
40278,0.0021021578
40279,0.002343454
40280,0.0020819441
40281,0.0011056833
40282,0.0016423236
40283,0.003348496
40284,0.0027790272
40285,0.0011305929
40286,0.0014136427
40287,0.0014906048
40288,0.0015762041
40289,0.0013484186
40290,0.0013822897
40291,0.0031676232
40292,0.0046425415
40293,0.0
40294,0.0016127285
40295,0.0014824603
40296,0.001205058
40297,0.0013316517
40298,0.0012179582
40299,0.0010626791
40300,0.0011019128
40301,0.001238338
40302,0.001277485
40303,0.0010808458
40304,0.0008419686
40305,0.000724672
40306,0.00046401523
40307,0.00046850945
40308,0.0005343845
40309,0.00050157105
40310,0.0007140722
40311,0.00073906744
40312,0.001210528
40313,0.0014908977
40314,0.0013568101
40315,0.0013430552
40316,0.0016471719
40317,0.001483206
40318,0.0007932736
40319,0.0007362267
40320,0.0012582258
40321,0.0014524732
40322,0.0012633734
40323,0.00097459357
40324,0.0017094101
40325,0.002165149
40326,0.0024857663
40327,0.0025692035
40328,0.001916482
40329,0.0022211499
40330,0.004186091
40331,0.0042629614
40332,0.0021917087
40333,0.003973816
40334,0.0040534204
40335,0.0022339018
40336,0.0023026366
40337,0.0020688183
40338,0.002467198
40339,0.0027393776
40340,0.002694246
40341,0.0034839443
40342,0.0037884458
40343,0.0044925734
40344,0.0043933988
40345,0.0030125387
40346,0.002791858
40347,0.0021490664
40348,0.0018122342
40349,0.0017397028
40350,0.0011856286
40351,0.0007170413
40352,0.0008391987
40353,0.0015483724
40354,0.0017083712
40355,0.0013396922
40356,0.0010120098
40357,0.0005797336
40358,0.0008630663
40359,0.00086036435
40360,0.000951658
40361,0.00079583767
40362,0.00083690666
40363,0.0013014325
40364,0.0013406043
40365,0.0010605681
40366,0.0010872623
40367,0.0013109689
40368,0.0017179527
40369,0.002233146
40370,0.0020950574
40371,0.001565049
40372,0.0012650079
40373,0.0015980987
40374,0.0020593854
40375,0.0022774732
40376,0.0025376885
40377,0.0026435605
40378,0.002836668
40379,0.0032635087
40380,0.003110202
40381,0.0029009462
40382,0.0025084817
40383,0.0028208545
40384,0.0027062744
40385,0.0028215663
40386,0.0019732276
40387,0.0016966786
40388,0.0013647663
40389,0.0011333952
40390,0.0013881725
40391,0.0019003167
40392,0.0027077794
40393,0.0026685218
40394,0.0023106614
40395,0.0016141534
40396,0.0007589618
40397,0.0006287195
40398,0.000532912
40399,0.0005703196
40400,0.0007065742
40401,0.0007490807
40402,0.00058043597
40403,0.000587612
40404,0.0008129513
40405,0.00068392744
40406,0.0009887648
40407,0.00087482244
40408,0.0013553721
40409,0.0014156176
40410,0.0025037436
40411,0.0025815102
40412,0.0015036489
40413,0.0012862037
40414,0.001618367
40415,0.001553027
40416,0.0013287637
40417,0.00093409466
40418,0.0009265553
40419,0.0009419445
40420,0.0008368371
40421,0.0009877341
40422,0.0010787975
40423,0.0014153915
40424,0.0012525226
40425,0.0012396064
40426,0.0008889145
40427,0.0010497558
40428,0.0009664067
40429,0.000840377
40430,0.0007154973
40431,0.0012328733
40432,0.0011253551
40433,0.00096887304
40434,0.0014261663
40435,0.0014099525
40436,0.00082918565
40437,0.00091549556
40438,0.0014531544
40439,0.0018543039
40440,0.0021495405
40441,0.0019313975
40442,0.0015874275
40443,0.0013024608
40444,0.001461761
40445,0.0009055548
40446,0.0014452417
40447,0.0030396315
40448,0.00319464
40449,0.0016208289
40450,0.0015207969
40451,0.0019029032
40452,0.002304658
40453,0.0025374705
40454,0.0031917961
40455,0.003515156
40456,0.0034952287
40457,0.0030284084
40458,0.0023590627
40459,0.0019339274
40460,0.0015746523
40461,0.0017050972
40462,0.0015029326
40463,0.0011503447
40464,0.0012934918
40465,0.0015782892
40466,0.0013647237
40467,0.0012442698
40468,0.00090487965
40469,0.0014417941
40470,0.0025256292
40471,0.0023126884
40472,0.0018239839
40473,0.0012713649
40474,0.0009912049
40475,0.001132676
40476,0.0012173367
40477,0.0013259352
40478,0.0011740595
40479,0.00091667107
40480,0.0013294863
40481,0.0014374679
40482,0.0011943354
40483,0.00092834403
40484,0.00085166056
40485,0.00079484965
40486,0.0011810539
40487,0.0016141534
40488,0.0018959314
40489,0.0012277401
40490,0.0009368014
40491,0.001433758
40492,0.0009388806
40493,0.00061239855
40494,0.0005338941
40495,0.0005055589
40496,0.0007558878
40497,0.0008861272
40498,0.00092523516
40499,0.0013008734
40500,0.0018577067
40501,0.0018601647
40502,0.0010462011
40503,0.0022061223
40504,0.002233576
40505,0.0013097029
40506,0.0009908818
40507,0.001300739
40508,0.0013587178
40509,0.001012786
40510,0.0012035597
40511,0.0007762136
40512,0.00053514645
40513,0.00043741122
40514,0.0010365031
40515,0.0016754123
40516,0.0013759799
40517,0.00084127695
40518,0.0005982632
40519,0.001041573
40520,0.0012877189
40521,0.0014774456
40522,0.0012587807
40523,0.0009499439
40524,0.00093487324
40525,0.0011259498
40526,0.001053271
40527,0.001290383
40528,0.0010907099
40529,0.0008709882
40530,0.0006932261
40531,0.000822419
40532,0.001093721
40533,0.0017799395
40534,0.002178309
40535,0.0019373555
40536,0.0020862455
40537,0.0021363394
40538,0.001839064
40539,0.0015251349
40540,0.0014468116
40541,0.0016908535
40542,0.002019096
40543,0.0017535662
40544,0.00096033444
40545,0.0010025327
40546,0.001245579
40547,0.0015914376
40548,0.001850659
40549,0.002062591
40550,0.0018472433
40551,0.0028575927
40552,0.0026038487
40553,0.001282805
40554,0.001108076
40555,0.0014143424
40556,0.0019196381
40557,0.0017680454
40558,0.001595237
40559,0.0012286642
40560,0.0013406477
40561,0.0017105334
40562,0.0010775288
40563,0.00058103737
40564,0.0013802247
40565,0.0018912283
40566,0.0020192256
40567,0.002416363
40568,0.0023474991
40569,0.0023300275
40570,0.0014763223
40571,0.0009710634
40572,0.00085951824
40573,0.0007449509
40574,0.0009917333
40575,0.001426452
40576,0.0016317097
40577,0.0014483798
40578,0.0016948937
40579,0.0019825124
40580,0.0018929356
40581,0.0014319908
40582,0.0015643422
40583,0.0018461716
40584,0.0014637108
40585,0.0010082643
40586,0.0008659615
40587,0.0018827763
40588,0.0029966529
40589,0.0028315333
40590,0.002170546
40591,0.0016372474
40592,0.0015327489
40593,0.0017142555
40594,0.0014659957
40595,0.0013798451
40596,0.0012179821
40597,0.0011623502
40598,0.0011465942
40599,0.0012015752
40600,0.0014083002
40601,0.0010011672
40602,0.0016758117
40603,0.0035607782
40604,0.0042329184
40605,0.004107768
40606,0.003793835
40607,0.0024043974
40608,0.0014540753
40609,0.0017864517
40610,0.0017777963
40611,0.0021442128
40612,0.0026905383
40613,0.0021949464
40614,0.0014776032
40615,0.0008608378
40616,0.002438102
40617,0.00270536
40618,0.0014480784
40619,0.0010830516
40620,0.0013272515
40621,0.0011272673
40622,0.0011658754
40623,0.0015871708
40624,0.0032326223
40625,0.0039450536
40626,0.0
40627,0.0010036352
40628,0.0008778115
40629,0.00083398045
40630,0.0012806024
40631,0.0013439433
40632,0.0013012536
40633,0.0016808925
40634,0.001549913
40635,0.0012930867
40636,0.0011053147
40637,0.0008649863
40638,0.0010013998
40639,0.0010699937
40640,0.0009393145
40641,0.000611114
40642,0.000515083
40643,0.0005684795
40644,0.0005234899
40645,0.0007241899
40646,0.0010838575
40647,0.00089475594
40648,0.0012666633
40649,0.0016847838
40650,0.0014768742
40651,0.0008703531
40652,0.00091272563
40653,0.0013741808
40654,0.0015140071
40655,0.0013663435
40656,0.0008502925
40657,0.0015806478
40658,0.0020093138
40659,0.0025158846
40660,0.0032835836
40661,0.0026610515
40662,0.002113356
40663,0.0033927308
40664,0.003797339
40665,0.0027941817
40666,0.0034679186
40667,0.0036472017
40668,0.0023150404
40669,0.0017144931
40670,0.001117856
40671,0.00082918565
40672,0.0012780546
40673,0.0018062501
40674,0.0026659248
40675,0.0030699947
40676,0.004088893
40677,0.0043702116
40678,0.003281766
40679,0.0026729025
40680,0.0023699189
40681,0.0020040344
40682,0.0016290678
40683,0.0013207229
40684,0.000995921
40685,0.0007502841
40686,0.0016149286
40687,0.0020405028
40688,0.0012599131
40689,0.0009582107
40690,0.0008612434
40691,0.0010874765
40692,0.00071411295
40693,0.0007661371
40694,0.0007138276
40695,0.0006760091
40696,0.0012415536
40697,0.0014961007
40698,0.0010297988
40699,0.00071927026
40700,0.00098126
40701,0.001236268
40702,0.0015798006
40703,0.00179769
40704,0.0012338645
40705,0.0010923364
40706,0.0015693574
40707,0.002004049
40708,0.0017704141
40709,0.002007285
40710,0.0019550463
40711,0.0014822443
40712,0.0018690771
40713,0.0022617006
40714,0.00266886
40715,0.0024320902
40716,0.0021353583
40717,0.00164305
40718,0.0013753664
40719,0.001068769
40720,0.0009220842
40721,0.00083787984
40722,0.00073638477
40723,0.0014642476
40724,0.002044265
40725,0.0023237613
40726,0.0019274756
40727,0.0019780006
40728,0.0019696993
40729,0.0011210019
40730,0.0007289965
40731,0.0008148465
40732,0.001004157
40733,0.00097531
40734,0.0007891907
40735,0.00046294773
40736,0.0006222518
40737,0.00073831883
40738,0.00053823745
40739,0.0009808743
40740,0.00090619735
40741,0.0013489149
40742,0.0014903119
40743,0.0019360932
40744,0.0021691914
40745,0.0015592922
40746,0.0009936976
40747,0.0010641844
40748,0.0007006593
40749,0.00073638477
40750,0.0007470576
40751,0.00095101557
40752,0.0010985798
40753,0.0013780089
40754,0.001481989
40755,0.0015668889
40756,0.0014843438
40757,0.0013141397
40758,0.0011897208
40759,0.0013387359
40760,0.0014474551
40761,0.0014322957
40762,0.001069504
40763,0.00067475945
40764,0.0009098833
40765,0.0010547345
40766,0.0008988774
40767,0.0013369086
40768,0.0014500868
40769,0.0012325664
40770,0.0011215729
40771,0.0025566556
40772,0.0031704335
40773,0.0026065412
40774,0.0019876
40775,0.0012783278
40776,0.001369641
40777,0.0017352134
40778,0.0012376797
40779,0.00060676475
40780,0.0029135398
40781,0.0034279423
40782,0.0016019003
40783,0.0014542755
40784,0.0018220202
40785,0.0017888612
40786,0.0017450479
40787,0.0016568614
40788,0.0017987905
40789,0.0022236772
40790,0.0022822605
40791,0.0019100475
40792,0.0014033109
40793,0.001368727
40794,0.0019649505
40795,0.0019598934
40796,0.0019833932
40797,0.0023403221
40798,0.0020387336
40799,0.0016869245
40800,0.0012361738
40801,0.00103417
40802,0.0015492556
40803,0.002415821
40804,0.0021332311
40805,0.0015027777
40806,0.0009296285
40807,0.0008835287
40808,0.0013380835
40809,0.001550326
40810,0.0014074941
40811,0.0011591408
40812,0.0009030445
40813,0.0011998542
40814,0.0010187741
40815,0.0009167028
40816,0.0011398223
40817,0.0009989263
40818,0.0010016904
40819,0.0012796476
40820,0.0017864354
40821,0.0018566253
40822,0.0012744515
40823,0.00088579865
40824,0.0012783733
40825,0.0013440083
40826,0.0009693836
40827,0.00050911563
40828,0.0003927471
40829,0.0008298172
40830,0.0009153048
40831,0.00065679295
40832,0.0011913099
40833,0.0018750159
40834,0.001873028
40835,0.0010445586
40836,0.0022322726
40837,0.0018913206
40838,0.0008034444
40839,0.00054522156
40840,0.00080716686
40841,0.00096881296
40842,0.0008714559
40843,0.0011390817
40844,0.0006324119
40845,0.00048654966
40846,0.00065216824
40847,0.0011874192
40848,0.0014245941
40849,0.0010452549
40850,0.000809615
40851,0.00082897505
40852,0.0012019384
40853,0.0010673248
40854,0.0011495855
40855,0.0011094934
40856,0.0011348836
40857,0.0017629185
40858,0.0017829619
40859,0.0016362161
40860,0.0013366255
40861,0.0009938147
40862,0.0009170202
40863,0.0010735239
40864,0.001260098
40865,0.0015996277
40866,0.002801131
40867,0.0029348982
40868,0.0021213559
40869,0.0021346223
40870,0.0019313823
40871,0.0014036634
40872,0.0016523584
40873,0.0020587635
40874,0.0019590615
40875,0.0016771832
40876,0.0012873572
40877,0.0011034964
40878,0.0013964294
40879,0.0012321176
40880,0.0011600443
40881,0.0013002915
40882,0.0010114632
40883,0.0013703421
40884,0.0026744374
40885,0.002439021
40886,0.0018401556
40887,0.0023611588
40888,0.002555699
40889,0.0025005334
40890,0.0018913206
40891,0.0019394725
40892,0.0015510392
40893,0.0017389498
40894,0.001966505
40895,0.0013859693
40896,0.00084369513
40897,0.0014224064
40898,0.0019975614
40899,0.0014105923
40900,0.0012467934
40901,0.0020434249
40902,0.0026162816
40903,0.0019537807
40904,0.0010029679
40905,0.00041346814
40906,0.000527036
40907,0.0007678067
40908,0.0012479133
40909,0.0012149676
40910,0.0011767831
40911,0.0014606057
40912,0.0018463766
40913,0.0015086923
40914,0.0011016751
40915,0.00085968757
40916,0.0012159254
40917,0.0012143686
40918,0.0009012056
40919,0.0012220376
40920,0.002071068
40921,0.0028837698
40922,0.002541871
40923,0.002082
40924,0.0018711003
40925,0.0018183585
40926,0.0020191823
40927,0.0019164365
40928,0.0015510392
40929,0.0011097819
40930,0.0011909677
40931,0.001285502
40932,0.0012593586
40933,0.0016397875
40934,0.0013931115
40935,0.0017179018
40936,0.0034574629
40937,0.0042826124
40938,0.0035004707
40939,0.0033618112
40940,0.0029524968
40941,0.0017886334
40942,0.0014509496
40943,0.0014105304
40944,0.0020537248
40945,0.0027204757
40946,0.002465664
40947,0.0021209167
40948,0.0015148527
40949,0.0019352362
40950,0.0022401337
40951,0.0017363536
40952,0.0008622566
40953,0.0006627042
40954,0.00070834317
40955,0.0015648444
40956,0.0019772057
40957,0.0028790024
40958,0.0035017175
40959,0.0
40960,0.0011624002
40961,0.001038747
40962,0.001176511
40963,0.0014783121
40964,0.0016595293
40965,0.0014606256
40966,0.0015135842
40967,0.001004215
40968,0.0008111593
40969,0.0009572078
40970,0.00089276955
40971,0.00092834403
40972,0.0010841528
40973,0.0009833043
40974,0.0006419128
40975,0.0003639789
40976,0.0007839365
40977,0.000989765
40978,0.001004157
40979,0.0010584806
40980,0.0011323163
40981,0.0014234291
40982,0.0019178482
40983,0.0018943957
40984,0.0013840571
40985,0.0013386925
40986,0.0010997714
40987,0.0014666308
40988,0.0014882013
40989,0.0012273133
40990,0.0015399286
40991,0.0019381966
40992,0.0024602402
40993,0.0033892035
40994,0.002889144
40995,0.0018659914
40996,0.0026462784
40997,0.0031826282
40998,0.003147243
40999,0.003355156
41000,0.0030446637
41001,0.002535876
41002,0.0019069214
41003,0.0008017764
41004,0.0011111972
41005,0.0013448958
41006,0.0014802795
41007,0.0019532293
41008,0.0026601106
41009,0.003918918
41010,0.004714083
41011,0.0037561578
41012,0.0026014668
41013,0.0031253058
41014,0.002453405
41015,0.0011914565
41016,0.0017314524
41017,0.0015952187
41018,0.0009493616
41019,0.0016345433
41020,0.0020585798
41021,0.0014573542
41022,0.0008643131
41023,0.0008475499
41024,0.0008010138
41025,0.00047431278
41026,0.00063631166
41027,0.0009795382
41028,0.000991704
41029,0.0013048719
41030,0.0014387023
41031,0.0009904412
41032,0.0005688889
41033,0.0011061307
41034,0.0012668701
41035,0.0013769103
41036,0.0015411188
41037,0.0009558995
41038,0.00074526336
41039,0.0011490537
41040,0.0015043069
41041,0.0012233943
41042,0.0013791912
41043,0.0013042248
41044,0.0009598797
41045,0.0010488129
41046,0.0015601133
41047,0.0017351296
41048,0.001780332
41049,0.0015529145
41050,0.0013938425
41051,0.0009686327
41052,0.00083951076
41053,0.0009007857
41054,0.0009220842
41055,0.000980162
41056,0.0013372133
41057,0.0018507849
41058,0.0017788928
41059,0.00092658674
41060,0.001588747
41061,0.0016368207
41062,0.0011454768
41063,0.0009913223
41064,0.0009266182
41065,0.0009765625
41066,0.00086851197
41067,0.0007346437
41068,0.0006769126
41069,0.0007095337
41070,0.00063594565
41071,0.0005740327
41072,0.0009746533
41073,0.00097531
41074,0.0012660888
41075,0.0014798862
41076,0.0018863282
41077,0.0021683995
41078,0.001615379
41079,0.00088822667
41080,0.0008477559
41081,0.00040672618
41082,0.00042492372
41083,0.0005976792
41084,0.00081072864
41085,0.001176511
41086,0.001446188
41087,0.0015609151
41088,0.0016563871
41089,0.0016944128
41090,0.0020277405
41091,0.002026046
41092,0.0022232847
41093,0.0019320302
41094,0.0017871195
41095,0.0012348547
41096,0.00045979366
41097,0.0004727763
41098,0.00085534324
41099,0.0006940653
41100,0.001135704
41101,0.0015336032
41102,0.0014075974
41103,0.0012324484
41104,0.0026553362
41105,0.0035553798
41106,0.0024972956
41107,0.0013132757
41108,0.000773923
41109,0.0012365034
41110,0.0019283814
41111,0.0017577932
41112,0.0011399755
41113,0.002448489
41114,0.0029432261
41115,0.0013396922
41116,0.0011966481
41117,0.0016954945
41118,0.0019057305
41119,0.0021241116
41120,0.0021579592
41121,0.0020743958
41122,0.00220405
41123,0.0023948522
41124,0.0023006895
41125,0.0019325273
41126,0.0014802795
41127,0.0018711935
41128,0.0019468714
41129,0.0020564722
41130,0.002209431
41131,0.0015470185
41132,0.0017405222
41133,0.0014394101
41134,0.0012870406
41135,0.0013228367
41136,0.0020867474
41137,0.0022512532
41138,0.0014270843
41139,0.0006469259
41140,0.00039237642
41141,0.0013759376
41142,0.0016066534
41143,0.0011323676
41144,0.0008670699
41145,0.0010622682
41146,0.0012993286
41147,0.001124346
41148,0.0010417686
41149,0.0012860679
41150,0.0010552587
41151,0.0012857963
41152,0.0016050222
41153,0.0016610894
41154,0.0013461504
41155,0.0009992177
41156,0.00084641593
41157,0.0009284694
41158,0.0013774596
41159,0.0014057354
41160,0.00080990256
41161,0.000731746
41162,0.0009340635
41163,0.0009696537
41164,0.0009950439
41165,0.0011446889
41166,0.001613901
41167,0.001678068
41168,0.00077883375
41169,0.0019784272
41170,0.0017356495
41171,0.0008968028
41172,0.000838366
41173,0.0010521928
41174,0.0011669982
41175,0.0012450648
41176,0.001283168
41177,0.00093446847
41178,0.00088303443
41179,0.0009112896
41180,0.0015913644
41181,0.0016653065
41182,0.0012600287
41183,0.0009658946
41184,0.0010672975
41185,0.0013081242
41186,0.0012257947
41187,0.0014503277
41188,0.0016173957
41189,0.0018362607
41190,0.0019975614
41191,0.0016376917
41192,0.0015258407
41193,0.0012442464
41194,0.0011262341
41195,0.0014343059
41196,0.0016312816
41197,0.0015649374
41198,0.0022654806
41199,0.0035508992
41200,0.0031744058
41201,0.0021743507
41202,0.002443444
41203,0.001863791
41204,0.00094558334
41205,0.002697053
41206,0.003309478
41207,0.0022967646
41208,0.0016934335
41209,0.0012491954
41210,0.0017038507
41211,0.0019554035
41212,0.0012281904
41213,0.0005615255
41214,0.00039400486
41215,0.00034085553
41216,0.0010425785
41217,0.0019543464
41218,0.002149026
41219,0.0023738577
41220,0.0026190947
41221,0.0023651123
41222,0.0020859523
41223,0.0017413915
41224,0.0015480529
41225,0.0012312906
41226,0.0014812426
41227,0.001698136
41228,0.0012253672
41229,0.0007552715
41230,0.0011700616
41231,0.0022413156
41232,0.002397427
41233,0.0022180423
41234,0.0022265548
41235,0.0024582164
41236,0.0018841051
41237,0.0010719774
41238,0.0004043579
41239,0.0007885266
41240,0.0011754221
41241,0.0017164781
41242,0.0016639428
41243,0.0011892804
41244,0.0011742329
41245,0.001207085
41246,0.0006899858
41247,0.00034051383
41248,0.00038932345
41249,0.0009163535
41250,0.0010309286
41251,0.0009178767
41252,0.0013244858
41253,0.0021130943
41254,0.0028520776
41255,0.0025058584
41256,0.0018400132
41257,0.0016402666
41258,0.0017152738
41259,0.0022201538
41260,0.0023619477
41261,0.0018639471
41262,0.0016329578
41263,0.0011014108
41264,0.0013175459
41265,0.0012303449
41266,0.0016144238
41267,0.0014901948
41268,0.0014654
41269,0.0031159609
41270,0.0041068685
41271,0.0037345632
41272,0.00341985
41273,0.0028067047
41274,0.0017470147
41275,0.0013559089
41276,0.0011866591
41277,0.00200248
41278,0.0025394885
41279,0.002260967
41280,0.0017064109
41281,0.0011750258
41282,0.00105581
41283,0.0019767936
41284,0.0020680162
41285,0.0011498133
41286,0.0011136564
41287,0.0013039793
41288,0.0021985369
41289,0.0026719442
41290,0.003632946
41291,0.0038169702
41292,0.0
41293,0.0012857058
41294,0.0009016253
41295,0.001122403
41296,0.0012623824
41297,0.0015560973
41298,0.0012478667
41299,0.0011461626
41300,0.00071439816
41301,0.00018437265
41302,0.00072615646
41303,0.0007180148
41304,0.00049290847
41305,0.00069061824
41306,0.0007042225
41307,0.0008582306
41308,0.0011231547
41309,0.0015703399
41310,0.001645015
41311,0.0014151242
41312,0.0015699136
41313,0.0015059505
41314,0.0015287373
41315,0.0020269796
41316,0.002081986
41317,0.0019025666
41318,0.0015871158
41319,0.0015124108
41320,0.0015962583
41321,0.0012934693
41322,0.0011500916
41323,0.0017063598
41324,0.0020263477
41325,0.002107495
41326,0.003017394
41327,0.0029536104
41328,0.0017260988
41329,0.002119558
41330,0.0030151075
41331,0.003344652
41332,0.0036009934
41333,0.0033558584
41334,0.002422594
41335,0.0018201983
41336,0.0007442082
41337,0.0010845017
41338,0.0011676713
41339,0.0010257777
41340,0.0015507765
41341,0.0028311838
41342,0.0035758673
41343,0.004371157
41344,0.0039174617
41345,0.0024091739
41346,0.0032102803
41347,0.002908841
41348,0.0013147596
41349,0.001863791
41350,0.0019204112
41351,0.0014626766
41352,0.0017834189
41353,0.002107067
41354,0.0016940004
41355,0.00084669096
41356,0.00083230366
41357,0.0010060102
41358,0.0012113451
41359,0.0014205228
41360,0.001269578
41361,0.0009742351
41362,0.0009153684
41363,0.0011132382
41364,0.0010233916
41365,0.0014336564
41366,0.0018321987
41367,0.001712455
41368,0.001210071
41369,0.0010437502
41370,0.0008558535
41371,0.0006760091
41372,0.0009764731
41373,0.001284732
41374,0.0013248812
41375,0.0015104274
41376,0.0010940402
41377,0.0008398574
41378,0.0010254087
41379,0.0011427804
41380,0.0012142727
41381,0.0014232247
41382,0.001575687
41383,0.0014041195
41384,0.0011991262
41385,0.0010804688
41386,0.0011152234
41387,0.0010014289
41388,0.0009363664
41389,0.0011130552
41390,0.0018252918
41391,0.0019382417
41392,0.001439855
41393,0.0016916451
41394,0.0015375075
41395,0.0012475401
41396,0.0011084174
41397,0.0005833369
41398,0.00078874803
41399,0.0010618297
41400,0.0009748921
41401,0.00084706896
41402,0.0009053298
41403,0.00075561827
41404,0.00061244605
41405,0.00087319076
41406,0.0010385789
41407,0.0010306744
41408,0.00143939
41409,0.0015803715
41410,0.0017063427
41411,0.0012741317
41412,0.0007290764
41413,0.0006887193
41414,0.00092498347
41415,0.0011035227
41416,0.0012027372
41417,0.0011635765
41418,0.0013213397
41419,0.0013439866
41420,0.0014941931
41421,0.0013908953
41422,0.0014247575
41423,0.0014672459
41424,0.0015428364
41425,0.0019115707
41426,0.0022488732
41427,0.0027293512
41428,0.0022139973
41429,0.0007885266
41430,0.0007227417
41431,0.0010143652
41432,0.0012983204
41433,0.0015037457
41434,0.001672004
41435,0.0017503767
41436,0.0018549316
41437,0.0028141711
41438,0.0033565434
41439,0.0019479325
41440,0.00083833124
41441,0.0007823385
41442,0.00091339496
41443,0.0017763878
41444,0.0021299543
41445,0.0017395689
41446,0.0018122342
41447,0.0023388793
41448,0.0015234165
41449,0.0017710552
41450,0.0017656403
41451,0.0017449311
41452,0.0019480371
41453,0.0022278354
41454,0.0022102213
41455,0.0019609919
41456,0.0018465815
41457,0.0023351307
41458,0.0025236234
41459,0.0021808862
41460,0.0015293654
41461,0.0013876692
41462,0.0011239577
41463,0.0011904056
41464,0.0010671066
41465,0.001430303
41466,0.0018090194
41467,0.0017979651
41468,0.002222892
41469,0.0022791084
41470,0.0021068736
41471,0.0015901752
41472,0.001119183
41473,0.0013128546
41474,0.0015885271
41475,0.0015303165
41476,0.00086747255
41477,0.0006054683
41478,0.0007842706
41479,0.00095040334
41480,0.0006105899
41481,0.0008793353
41482,0.0016838853
41483,0.0017077918
41484,0.001758025
41485,0.0016970902
41486,0.0014443957
41487,0.0009066469
41488,0.00085853576
41489,0.0012526388
41490,0.0010616379
41491,0.0012687525
41492,0.0015768502
41493,0.0011400777
41494,0.00078378804
41495,0.000901819
41496,0.00095471134
41497,0.0010691502
41498,0.000868914
41499,0.0011569543
41500,0.0013339227
41501,0.0009519944
41502,0.0016052761
41503,0.0016789349
41504,0.0010800378
41505,0.0006870269
41506,0.000706533
41507,0.0010311544
41508,0.0013534382
41509,0.0015313622
41510,0.0014450202
41511,0.0013479869
41512,0.0011584627
41513,0.0015316852
41514,0.002147156
41515,0.0019088282
41516,0.0018812763
41517,0.0019725193
41518,0.0021642349
41519,0.0019601309
41520,0.0017919659
41521,0.0015277279
41522,0.0016474547
41523,0.0013568745
41524,0.00089657557
41525,0.0010864323
41526,0.0014606057
41527,0.0012966156
41528,0.0012304868
41529,0.0012604675
41530,0.00083725434
41531,0.0022217133
41532,0.003821847
41533,0.0039134705
41534,0.0028719478
41535,0.002144837
41536,0.001339062
41537,0.0010649771
41538,0.003783249
41539,0.004086073
41540,0.0023434912
41541,0.0017513408
41542,0.0013644036
41543,0.002002945
41544,0.0023264275
41545,0.0020132351
41546,0.0010767182
41547,0.00027760933
41548,0.000368982
41549,0.0009639945
41550,0.0013711489
41551,0.0015804084
41552,0.001848393
41553,0.0018680023
41554,0.0016086267
41555,0.0012462097
41556,0.0013777765
41557,0.0013865991
41558,0.0014214035
41559,0.0017059675
41560,0.0016163517
41561,0.0011588144
41562,0.00082347996
41563,0.0009867023
41564,0.0018748296
41565,0.0023026874
41566,0.002207217
41567,0.001754147
41568,0.0018204381
41569,0.0017600933
41570,0.0010946785
41571,0.0007943002
41572,0.0013264399
41573,0.001537659
41574,0.0018158279
41575,0.0017682757
41576,0.00076229067
41577,0.00070364366
41578,0.0006853303
41579,0.0005203113
41580,0.00040074298
41581,0.00050197705
41582,0.0006509175
41583,0.000677772
41584,0.00076909445
41585,0.0013089916
41586,0.0018054442
41587,0.002749505
41588,0.002619239
41589,0.0016458286
41590,0.0014897846
41591,0.0014294073
41592,0.0019269169
41593,0.002235738
41594,0.0019700096
41595,0.002085757
41596,0.0018479679
41597,0.0019218958
41598,0.0016766973
41599,0.0017342572
41600,0.0018242073
41601,0.0016063636
41602,0.0026174495
41603,0.003597929
41604,0.0034763678
41605,0.0034565956
41606,0.0029343527
41607,0.0020648616
41608,0.0016272266
41609,0.0013780089
41610,0.0017647665
41611,0.0023037614
41612,0.002295852
41613,0.0016549808
41614,0.00097151287
41615,0.00076438766
41616,0.0018419577
41617,0.0025261478
41618,0.002018375
41619,0.0017060186
41620,0.0016170897
41621,0.002382192
41622,0.0030121328
41623,0.0044968664
41624,0.00477091
41625,0.0
41626,0.001123595
41627,0.0010676519
41628,0.0013819737
41629,0.0016692864
41630,0.0018395702
41631,0.0015983536
41632,0.0010982883
41633,0.0008816491
41634,0.00075531006
41635,0.00079132675
41636,0.0007187845
41637,0.0006903654
41638,0.0007301534
41639,0.0007007008
41640,0.0013468852
41641,0.0018058633
41642,0.001959002
41643,0.0016690248
41644,0.00139976
41645,0.00231017
41646,0.002577279
41647,0.0017520718
41648,0.0024530846
41649,0.0025235657
41650,0.002652485
41651,0.0021104345
41652,0.0018806729
41653,0.0016682923
41654,0.001696387
41655,0.0019592992
41656,0.0023332105
41657,0.0022247764
41658,0.0021542876
41659,0.0022841087
41660,0.002170318
41661,0.0015390778
41662,0.0019483359
41663,0.0027239183
41664,0.0030343705
41665,0.003869818
41666,0.0036866637
41667,0.0025043713
41668,0.0018702757
41669,0.0007165135
41670,0.0011152755
41671,0.0008913667
41672,0.0005823882
41673,0.0011305156
41674,0.0026451342
41675,0.0035419294
41676,0.0042210896
41677,0.004350548
41678,0.0033782283
41679,0.0029345413
41680,0.0025006963
41681,0.001038803
41682,0.0015709514
41683,0.001887408
41684,0.0020491707
41685,0.002031354
41686,0.0018865134
41687,0.0016478256
41688,0.0013474037
41689,0.0013775864
41690,0.0013772695
41691,0.001119573
41692,0.0014217721
41693,0.0013257596
41694,0.0012404983
41695,0.0007472524
41696,0.0008056149
41697,0.0012763911
41698,0.001769888
41699,0.0018384466
41700,0.0013103471
41701,0.0008907134
41702,0.00069611694
41703,0.0007214923
41704,0.0006355336
41705,0.0007341286
41706,0.0010358291
41707,0.0015761857
41708,0.0016927631
41709,0.0011676962
41710,0.0012183643
41711,0.0012806706
41712,0.0012377033
41713,0.0011312105
41714,0.0010065308
41715,0.0011253551
41716,0.0010753387
41717,0.001093375
41718,0.0011001418
41719,0.00093779503
41720,0.0008577557
41721,0.0009853445
41722,0.0007458489
41723,0.0014625969
41724,0.0016176655
41725,0.0013272954
41726,0.0012175759
41727,0.0009963592
41728,0.0013085913
41729,0.0011315964
41730,0.0006336992
41731,0.0009598797
41732,0.0011813989
41733,0.0010377939
41734,0.0008163452
41735,0.00074483367
41736,0.0007250735
41737,0.0008821441
41738,0.0010727374
41739,0.0013260449
41740,0.0015288705
41741,0.0015809423
41742,0.0013160208
41743,0.0014492637
41744,0.0012704488
41745,0.0011147273
41746,0.0010823527
41747,0.0013081019
41748,0.0016672453
41749,0.0015491616
41750,0.0014088168
41751,0.0015177893
41752,0.0016445018
41753,0.001623789
41754,0.001400259
41755,0.00095966744
41756,0.0005489454
41757,0.00050722563
41758,0.0011466196
41759,0.0018527494
41760,0.0028763323
41761,0.0027436134
41762,0.0015448534
41763,0.0009216106
41764,0.0008930303
41765,0.0009603647
41766,0.0009113854
41767,0.0012093012
41768,0.0017266046
41769,0.0018261685
41770,0.0021241528
41771,0.0024360598
41772,0.0017176308
41773,0.001017402
41774,0.0008040962
41775,0.0006323199
41776,0.0011708821
41777,0.0014766771
41778,0.0011470764
41779,0.0009343439
41780,0.0016366073
41781,0.0016950654
41782,0.0016796455
41783,0.0014906048
41784,0.0013676421
41785,0.0010318033
41786,0.001284732
41787,0.001485265
41788,0.0014013186
41789,0.0011075506
41790,0.0016398052
41791,0.0023949372
41792,0.0025281862
41793,0.0019073486
41794,0.0016291571
41795,0.0009858465
41796,0.0009940782
41797,0.0011462641
41798,0.00096995384
41799,0.0013627816
41800,0.0019037747
41801,0.002393588
41802,0.002260233
41803,0.0021559082
41804,0.0019094074
41805,0.0015578357
41806,0.0017810838
41807,0.0016625954
41808,0.0013380835
41809,0.0008055788
41810,0.0007949595
41811,0.0009471825
41812,0.00069716136
41813,0.0005432429
41814,0.00093742256
41815,0.00208411
41816,0.002125454
41817,0.0015385861
41818,0.001260352
41819,0.0006579883
41820,0.00056333665
41821,0.0007612591
41822,0.0012584339
41823,0.001221013
41824,0.0009062295
41825,0.001325562
41826,0.0013369521
41827,0.00079136353
41828,0.00054889236
41829,0.0005467141
41830,0.0006160943
41831,0.00057772204
41832,0.001018117
41833,0.0013445712
41834,0.0015137187
41835,0.0015217726
41836,0.001428715
41837,0.0010700753
41838,0.0007355148
41839,0.000785346
41840,0.0013097251
41841,0.001696833
41842,0.0015122184
41843,0.0013670675
41844,0.001134268
41845,0.0010257494
41846,0.0014853238
41847,0.0022562507
41848,0.001926101
41849,0.0018070556
41850,0.0017391171
41851,0.0018236646
41852,0.0017217264
41853,0.0015384537
41854,0.0011461118
41855,0.0009089872
41856,0.0006236067
41857,0.0005378047
41858,0.0010809266
41859,0.0016975703
41860,0.0014063356
41861,0.00068626396
41862,0.00094963744
41863,0.00077670085
41864,0.002393892
41865,0.0035237975
41866,0.003906518
41867,0.0032110508
41868,0.0018070233
41869,0.0012812613
41870,0.0019522307
41871,0.004263965
41872,0.004301788
41873,0.0019850652
41874,0.0018251642
41875,0.0017579423
41876,0.0023887805
41877,0.00255309
41878,0.0025100708
41879,0.0017838106
41880,0.00094632176
41881,0.00084110396
41882,0.0010927892
41883,0.0009287515
41884,0.0007166353
41885,0.0007775622
41886,0.0010027068
41887,0.0010290353
41888,0.0008659279
41889,0.001004186
41890,0.0014621193
41891,0.0020651857
41892,0.0022466462
41893,0.0019237273
41894,0.0017447809
41895,0.0013937382
41896,0.0010721403
41897,0.00075708044
41898,0.0007890432
41899,0.0010003821
41900,0.0008774467
41901,0.0014980254
41902,0.0017830599
41903,0.0014001135
41904,0.0015921324
41905,0.0019608138
41906,0.0018813072
41907,0.0023337095
41908,0.0026578668
41909,0.0018424474
41910,0.0007822269
41911,0.0009835411
41912,0.0010062417
41913,0.00084138074
41914,0.0005385618
41915,0.0005771172
41916,0.0006497539
41917,0.00091250235
41918,0.0015143147
41919,0.0018895963
41920,0.0024853917
41921,0.0025521438
41922,0.0017280368
41923,0.0017186301
41924,0.0015140648
41925,0.0016644499
41926,0.0016977931
41927,0.0015959665
41928,0.0018947644
41929,0.0021285054
41930,0.002336053
41931,0.0020279987
41932,0.001524314
41933,0.0015572564
41934,0.0018033797
41935,0.0020173367
41936,0.002725766
41937,0.0035376705
41938,0.0034807352
41939,0.0024321978
41940,0.0018466287
41941,0.0014296109
41942,0.0011534272
41943,0.0015557606
41944,0.0022260451
41945,0.0026143787
41946,0.0020724728
41947,0.0013134086
41948,0.00080086844
41949,0.0015163505
41950,0.0024621794
41951,0.002559102
41952,0.0020872774
41953,0.0012884645
41954,0.0013723794
41955,0.0019263126
41956,0.0045265914
41957,0.0054437
41958,0.0
41959,0.0016838334
41960,0.0016405149
41961,0.0018199905
41962,0.0021231386
41963,0.0024185781
41964,0.0025663928
41965,0.0022419258
41966,0.0016838334
41967,0.0013132757
41968,0.0009177499
41969,0.00047541596
41970,0.00077373494
41971,0.00087648426
41972,0.0009857579
41973,0.0016725088
41974,0.0016586697
41975,0.0012518254
41976,0.0011004856
41977,0.0013819737
41978,0.002383963
41979,0.0033458874
41980,0.0025285545
41981,0.002330165
41982,0.0027196624
41983,0.0027044024
41984,0.0022866302
41985,0.0021143886
41986,0.0019769557
41987,0.0019383918
41988,0.002182527
41989,0.002167688
41990,0.0017773542
41991,0.0016186368
41992,0.0017548935
41993,0.0016181692
41994,0.0013222866
41995,0.0015370343
41996,0.0025379981
41997,0.0027517376
41998,0.0041232766
41999,0.004077731
42000,0.0023628348
42001,0.0016411181
42002,0.00030162654
42003,0.0007950327
42004,0.0007641592
42005,0.0005630266
42006,0.00093987206
42007,0.0026587537
42008,0.003574923
42009,0.0034826077
42010,0.0046220534
42011,0.0043272255
42012,0.0023475487
42013,0.0018579729
42014,0.0011810539
42015,0.0010536577
42016,0.0015646026
42017,0.0022214511
42018,0.0020926804
42019,0.0018138073
42020,0.001366599
42021,0.0012073261
42022,0.0012748168
42023,0.0015170798
42024,0.0011978393
42025,0.0009098513
42026,0.001020886
42027,0.0011034964
42028,0.00084314303
42029,0.0010205153
42030,0.0016202003
42031,0.00186201
42032,0.0017318054
42033,0.0014711878
42034,0.0016238248
42035,0.0011569795
42036,0.00087462284
42037,0.0009634811
42038,0.0008997835
42039,0.00066353806
42040,0.0013030416
42041,0.0014722755
42042,0.001238385
42043,0.0015526521
42044,0.001435462
42045,0.0016410117
42046,0.0016206673
42047,0.001016028
42048,0.000973189
42049,0.0010421876
42050,0.0009774561
42051,0.0007593452
42052,0.0011499398
42053,0.00153102
42054,0.0014821265
42055,0.0012567908
42056,0.0014250639
42057,0.0013854023
42058,0.0009648394
42059,0.0008569749
42060,0.0008733241
42061,0.001469743
42062,0.0012216565
42063,0.0008923131
42064,0.0009363042
42065,0.0012260558
42066,0.00092598976
42067,0.00070053467
42068,0.0010417965
42069,0.0011658005
42070,0.0011015694
42071,0.00088825944
42072,0.0010998242
42073,0.0014368198
42074,0.0014469525
42075,0.00095431495
42076,0.0007704555
42077,0.0009654425
42078,0.0011870268
42079,0.0013946566
42080,0.0018346751
42081,0.002019874
42082,0.0014192314
42083,0.0011744313
42084,0.0010260614
42085,0.0014371641
42086,0.0012291615
42087,0.0015052933
42088,0.001231007
42089,0.0012850491
42090,0.00087873935
42091,0.0008696171
42092,0.0009489323
42093,0.0024036104
42094,0.0027938902
42095,0.0020377769
42096,0.0012957174
42097,0.0009825345
42098,0.00075291726
42099,0.0009080582
42100,0.0013071671
42101,0.0019505305
42102,0.001997299
42103,0.0022479412
42104,0.0021331764
42105,0.0014905658
42106,0.001414795
42107,0.0014371641
42108,0.001132162
42109,0.0011655757
42110,0.0013290703
42111,0.0013157112
42112,0.00095080136
42113,0.00084279774
42114,0.0013623544
42115,0.0013583965
42116,0.0012621058
42117,0.0009003332
42118,0.00079944986
42119,0.000702153
42120,0.000533676
42121,0.00087860686
42122,0.0009879404
42123,0.0011335494
42124,0.0019224863
42125,0.0023794416
42126,0.0022416404
42127,0.0023296154
42128,0.0011816699
42129,0.00051059976
42130,0.0011904056
42131,0.0013034212
42132,0.0011922378
42133,0.0014183288
42134,0.0017368061
42135,0.0018742086
42136,0.001564677
42137,0.0019155858
42138,0.0016001553
42139,0.001370873
42140,0.00066572754
42141,0.0006667759
42142,0.00064849854
42143,0.0007181769
42144,0.0007859017
42145,0.00049508834
42146,0.00050087424
42147,0.00073918555
42148,0.0020124833
42149,0.0021946148
42150,0.0016262784
42151,0.001288713
42152,0.0008102259
42153,0.0005379129
42154,0.0005861739
42155,0.0010622408
42156,0.0014007161
42157,0.00081381004
42158,0.0012454621
42159,0.0014159876
42160,0.00064512383
42161,0.0002670288
42162,0.00065488473
42163,0.0007699265
42164,0.00073677994
42165,0.0010653597
42166,0.0014836966
42167,0.0016499261
42168,0.0014395113
42169,0.0010561133
42170,0.00079580105
42171,0.00068939506
42172,0.0011285574
42173,0.0018949948
42174,0.0018654455
42175,0.0011153016
42176,0.001054072
42177,0.00078586466
42178,0.0005711864
42179,0.0012906311
42180,0.0022400557
42181,0.0019270376
42182,0.0009967097
42183,0.0009893533
42184,0.0012063856
42185,0.0012235846
42186,0.0010078889
42187,0.0008713223
42188,0.00079044356
42189,0.00060267386
42190,0.00056673615
42191,0.00096764066
42192,0.0016909568
42193,0.0014398146
42194,0.0006697809
42195,0.0008295015
42196,0.0007816314
42197,0.0017925181
42198,0.0030188984
42199,0.0038725697
42200,0.0034248675
42201,0.0021314295
42202,0.0016979817
42203,0.0025167174
42204,0.0042355647
42205,0.0039851447
42206,0.002048091
42207,0.0020337023
42208,0.0020628027
42209,0.0025159193
42210,0.002776345
42211,0.0029719209
42212,0.0020726272
42213,0.0010494508
42214,0.0010254087
42215,0.001228143
42216,0.0010994272
42217,0.0009098833
42218,0.0009116727
42219,0.001024699
42220,0.00092249445
42221,0.0010445307
42222,0.0015837748
42223,0.0020758123
42224,0.002125276
42225,0.002107288
42226,0.0017409069
42227,0.0015086537
42228,0.0010714615
42229,0.0010318033
42230,0.0011823839
42231,0.0012418114
42232,0.0012495681
42233,0.0010217124
42234,0.0016439353
42235,0.0020731608
42236,0.0019317742
42237,0.002597806
42238,0.002347809
42239,0.001642483
42240,0.0020787965
42241,0.0026926359
42242,0.0024278983
42243,0.0014340421
42244,0.0011981064
42245,0.0013252107
42246,0.0015278612
42247,0.0011814235
42248,0.00064023305
42249,0.0005974357
42250,0.0008882922
42251,0.0013594246
42252,0.001727801
42253,0.0022666494
42254,0.0023963586
42255,0.0018893807
42256,0.001932196
42257,0.0020158067
42258,0.0016201644
42259,0.0016851638
42260,0.0016823291
42261,0.0015803715
42262,0.0021569203
42263,0.0023192856
42264,0.002002131
42265,0.0016449442
42266,0.0016870798
42267,0.0020267211
42268,0.0024052083
42269,0.0025636696
42270,0.0028137886
42271,0.0031961792
42272,0.0024061399
42273,0.0016030264
42274,0.0012734234
42275,0.0010243013
42276,0.0014801222
42277,0.0019991635
42278,0.0024220054
42279,0.0021739893
42280,0.0016754818
42281,0.00097551884
42282,0.00093328423
42283,0.00246394
42284,0.0031051824
42285,0.0022794276
42286,0.0013986576
42287,0.0011447397
42288,0.0016284602
42289,0.0037281753
42290,0.0053145457
42291,0.0
42292,0.0018501556
42293,0.001656879
42294,0.0015754284
42295,0.001831897
42296,0.0020215448
42297,0.0025822655
42298,0.0024230867
42299,0.001991272
42300,0.0015641003
42301,0.0010824334
42302,0.00092944066
42303,0.0012061684
42304,0.0019074096
42305,0.0019927477
42306,0.0021508264
42307,0.0015260505
42308,0.00072831754
42309,0.00090735283
42310,0.001761713
42311,0.0024593172
42312,0.0038262536
42313,0.0028528224
42314,0.0013352095
42315,0.0020709976
42316,0.002507124
42317,0.00261508
42318,0.002287801
42319,0.0016970902
42320,0.0012075189
42321,0.0012726233
42322,0.0008802946
42323,0.00080086844
42324,0.0011227659
42325,0.0012954029
42326,0.0015331856
42327,0.0015845832
42328,0.0016832458
42329,0.0025163935
42330,0.0027790167
42331,0.0043137125
42332,0.0040595336
42333,0.0021261112
42334,0.0018075064
42335,0.0011162406
42336,0.00087458955
42337,0.00072169397
42338,0.00066747394
42339,0.0010970422
42340,0.0024026174
42341,0.0031115024
42342,0.0031368597
42343,0.0054145968
42344,0.0050601466
42345,0.0021421623
42346,0.0012759122
42347,0.0011462134
42348,0.0011393627
42349,0.0015800585
42350,0.0021242897
42351,0.0020078938
42352,0.0015392292
42353,0.0009521166
42354,0.0010180597
42355,0.0011905034
42356,0.001573395
42357,0.0016782761
42358,0.0015750035
42359,0.0010552035
42360,0.0012627281
42361,0.001503707
42362,0.0016794376
42363,0.0017505762
42364,0.0016729785
42365,0.0013729519
42366,0.0013414724
42367,0.0017921446
42368,0.0015539449
42369,0.0017355154
42370,0.0018794964
42371,0.001655772
42372,0.0014218129
42373,0.0015073993
42374,0.0013300772
42375,0.0015456257
42376,0.0017165629
42377,0.0016255804
42378,0.0020042814
42379,0.0022178849
42380,0.0013470149
42381,0.0007227014
42382,0.00073890993
42383,0.0011633263
42384,0.0013886965
42385,0.0015815314
42386,0.0015756501
42387,0.0011180643
42388,0.0011176737
42389,0.0010789054
42390,0.0009895298
42391,0.0008437986
42392,0.0008510794
42393,0.0008287995
42394,0.0012799887
42395,0.000995921
42396,0.0006429547
42397,0.0006807284
42398,0.001005113
42399,0.00077478745
42400,0.0008578914
42401,0.0012115133
42402,0.0009448444
42403,0.00066572754
42404,0.0005444737
42405,0.00095388794
42406,0.001647702
42407,0.0015257645
42408,0.00075661903
42409,0.0003775587
42410,0.00041899201
42411,0.0007078088
42412,0.0006616933
42413,0.0013687696
42414,0.0013978458
42415,0.0011412003
42416,0.0011476345
42417,0.0011235174
42418,0.0013345336
42419,0.0011687924
42420,0.0013906442
42421,0.0015523146
42422,0.0015049645
42423,0.0011778461
42424,0.0009985768
42425,0.0010281582
42426,0.0014319705
42427,0.0021545307
42428,0.0021918018
42429,0.0016404617
42430,0.001086191
42431,0.0007722666
42432,0.0006412777
42433,0.0011617992
42434,0.0019541678
42435,0.0020795665
42436,0.002554264
42437,0.0024341117
42438,0.0016737438
42439,0.0016367674
42440,0.0014480181
42441,0.0010363347
42442,0.0014797879
42443,0.0017912837
42444,0.0015981897
42445,0.0013077904
42446,0.00096935354
42447,0.0011509265
42448,0.0014951472
42449,0.0011757192
42450,0.000839996
42451,0.00081841036
42452,0.0011440022
42453,0.0009984018
42454,0.0008936819
42455,0.0010013417
42456,0.0010542377
42457,0.0015271944
42458,0.0020140735
42459,0.0023909968
42460,0.0028544134
42461,0.0021790704
42462,0.0008447638
42463,0.00088263885
42464,0.0013131648
42465,0.0016364829
42466,0.0018100808
42467,0.0016412954
42468,0.0015211414
42469,0.0016215829
42470,0.0015702659
42471,0.0008989421
42472,0.0005703706
42473,0.0002831112
42474,0.00045418934
42475,0.00058681896
42476,0.00080565107
42477,0.000822419
42478,0.0008278157
42479,0.0009499132
42480,0.001027422
42481,0.0016415259
42482,0.0018203582
42483,0.0014647046
42484,0.0012941667
42485,0.0010477301
42486,0.0008912034
42487,0.00088121986
42488,0.0012594048
42489,0.0014350159
42490,0.0007892276
42491,0.0010947583
42492,0.0013396052
42493,0.0009305672
42494,0.00069204957
42495,0.00072410953
42496,0.00050985825
42497,0.00040672618
42498,0.0010870214
42499,0.0016024816
42500,0.0017766991
42501,0.0017112818
42502,0.001488612
42503,0.0010273086
42504,0.00086505356
42505,0.0016260099
42506,0.001978339
42507,0.0013838258
42508,0.0007427207
42509,0.0011270865
42510,0.0010587554
42511,0.0009799838
42512,0.0015911267
42513,0.0022274826
42514,0.0018416891
42515,0.00090885913
42516,0.002218357
42517,0.0026339318
42518,0.0023254014
42519,0.0017640737
42520,0.0012537536
42521,0.00077999133
42522,0.00041669348
42523,0.0005385618
42524,0.0005623024
42525,0.0013478573
42526,0.0012902477
42527,0.00080050493
42528,0.0008497104
42529,0.00030896693
42530,0.0014637307
42531,0.0030270433
42532,0.003545067
42533,0.00266886
42534,0.001820582
42535,0.0018126677
42536,0.0024060672
42537,0.0037710748
42538,0.0038639626
42539,0.0023039002
42540,0.0020788945
42541,0.0019868237
42542,0.002799364
42543,0.0034581025
42544,0.0034870673
42545,0.0023169003
42546,0.0016509665
42547,0.0014351781
42548,0.0019247255
42549,0.0016458286
42550,0.0014953224
42551,0.0013317391
42552,0.001119183
42553,0.0011530486
42554,0.001420195
42555,0.0017026888
42556,0.0019923823
42557,0.0018087941
42558,0.0015815498
42559,0.0009237555
42560,0.0006462957
42561,0.00067103986
42562,0.0011871986
42563,0.0013795499
42564,0.001223418
42565,0.0010325647
42566,0.00074643403
42567,0.001517847
42568,0.0022266724
42569,0.0022314903
42570,0.0029311078
42571,0.0023745564
42572,0.0008615813
42573,0.0010321982
42574,0.002299715
42575,0.0028273778
42576,0.0019580065
42577,0.0011866835
42578,0.0010922299
42579,0.0015126033
42580,0.0012934018
42581,0.0006075796
42582,0.00071874406
42583,0.0010734968
42584,0.0012939418
42585,0.0015254592
42586,0.0018549003
42587,0.0019527972
42588,0.0018891342
42589,0.0021732126
42590,0.0022704853
42591,0.0017691808
42592,0.0019649654
42593,0.0019921488
42594,0.0015683371
42595,0.0018820496
42596,0.0018463923
42597,0.0016595293
42598,0.0015550496
42599,0.0017993082
42600,0.002028874
42601,0.002677526
42602,0.0028604837
42603,0.002465723
42604,0.0030166996
42605,0.002676874
42606,0.0014457854
42607,0.0010326492
42608,0.0010650045
42609,0.0015550496
42610,0.0023863546
42611,0.0023279781
42612,0.0018151547
42613,0.0014543756
42614,0.00063649454
42615,0.00075761846
42616,0.0018591004
42617,0.0028284893
42618,0.0023289032
42619,0.0016360205
42620,0.0011821131
42621,0.001498103
42622,0.0027968886
42623,0.0043862383
42624,0.0
42625,0.0012510811
42626,0.0011349862
42627,0.0010567744
42628,0.0012080731
42629,0.0008821441
42630,0.001277804
42631,0.0014688318
42632,0.0017382634
42633,0.0021588355
42634,0.001977456
42635,0.002061137
42636,0.0020440514
42637,0.0022838921
42638,0.002283395
42639,0.002095224
42640,0.0016440062
42641,0.0009192708
42642,0.0011882277
42643,0.0020459725
42644,0.0022549217
42645,0.0036701353
42646,0.0036642624
42647,0.0017397362
42648,0.0021292982
42649,0.0025845976
42650,0.0023781203
42651,0.0023354797
42652,0.0018089389
42653,0.00091800356
42654,0.000718258
42655,0.0005218751
42656,0.0006653777
42657,0.0009782895
42658,0.0011410728
42659,0.0015519584
42660,0.0019780889
42661,0.002198987
42662,0.0031360895
42663,0.0031467252
42664,0.00432038
42665,0.003942537
42666,0.0018213491
42667,0.0020042378
42668,0.0018626819
42669,0.0014083829
42670,0.0011628259
42671,0.001103127
42672,0.001513488
42673,0.002939981
42674,0.0031623172
42675,0.0035001547
42676,0.0056405636
42677,0.0048391116
42678,0.002138804
42679,0.0014905463
42680,0.0015649374
42681,0.0014861661
42682,0.0015655882
42683,0.0017990818
42684,0.0016730307
42685,0.0013232547
42686,0.0009759365
42687,0.0009798353
42688,0.0010385229
42689,0.0012394891
42690,0.0016960609
42691,0.0017579423
42692,0.0013517383
42693,0.0017628855
42694,0.0017653106
42695,0.0016187087
42696,0.0012620826
42697,0.00096378307
42698,0.00070793217
42699,0.000641686
42700,0.0012311961
42701,0.0014996176
42702,0.0019087824
42703,0.0023634997
42704,0.0021450405
42705,0.002239419
42706,0.0019827327
42707,0.0015355187
42708,0.0020074588
42709,0.0022816993
42710,0.0020507183
42711,0.0021928106
42712,0.0024368363
42713,0.0015005101
42714,0.0012015752
42715,0.0016385979
42716,0.0018005209
42717,0.0014642675
42718,0.0011325219
42719,0.0011269315
42720,0.0009773073
42721,0.0009376709
42722,0.0009380743
42723,0.0010868072
42724,0.0008832651
42725,0.00093810534
42726,0.0012154226
42727,0.0011905278
42728,0.000897484
42729,0.0006338829
42730,0.0007373722
42731,0.0008670027
42732,0.00055819855
42733,0.0007299142
42734,0.0009560213
42735,0.00071260345
42736,0.00039775422
42737,0.00038722466
42738,0.00076286314
42739,0.0014260031
42740,0.0014097875
42741,0.0008342944
42742,0.0004216923
42743,0.00046376427
42744,0.0005527495
42745,0.00075842475
42746,0.0012013571
42747,0.0011709816
42748,0.00065803254
42749,0.0007496244
42750,0.00073230267
42751,0.0009962716
42752,0.0013154014
42753,0.0015290037
42754,0.0018568918
42755,0.0018437896
42756,0.0016372474
42757,0.0014867339
42758,0.0016185469
42759,0.0016122592
42760,0.0016779465
42761,0.0018035088
42762,0.0016197332
42763,0.001115119
42764,0.0007720781
42765,0.0006902389
42766,0.0017031673
42767,0.0019757776
42768,0.0017842184
42769,0.0024162787
42770,0.0025250413
42771,0.0022284884
42772,0.0018748762
42773,0.00095080136
42774,0.000972471
42775,0.0021203405
42776,0.0023882808
42777,0.0020683822
42778,0.001564584
42779,0.0011407923
42780,0.0007877142
42781,0.0012528247
42782,0.0010211995
42783,0.00050739775
42784,0.0007157006
42785,0.0012869049
42786,0.0011870268
42787,0.00067030214
42788,0.0006670814
42789,0.0008457968
42790,0.0013741385
42791,0.0018656327
42792,0.0021477253
42793,0.0028777688
42794,0.0026476858
42795,0.001778091
42796,0.0011173091
42797,0.0011594923
42798,0.0017112478
42799,0.0019424864
42800,0.0020422423
42801,0.0014227133
42802,0.00092567544
42803,0.0007517954
42804,0.00054055755
42805,0.0005091728
42806,0.00073666143
42807,0.00091870077
42808,0.00095129095
42809,0.00086360564
42810,0.0007634352
42811,0.0010152543
42812,0.0009821197
42813,0.00079580105
42814,0.0010996654
42815,0.0014107573
42816,0.0014917174
42817,0.0010503102
42818,0.0009407387
42819,0.0010811959
42820,0.001220727
42821,0.001855261
42822,0.0022625239
42823,0.0017884707
42824,0.0014077215
42825,0.0016895793
42826,0.0015826719
42827,0.0012600055
42828,0.0009938147
42829,0.0005455417
42830,0.00066032837
42831,0.0011829991
42832,0.0015751512
42833,0.0015616608
42834,0.0015153906
42835,0.001820566
42836,0.0015457011
42837,0.0013663435
42838,0.0019296638
42839,0.0019563856
42840,0.001135704
42841,0.0009220842
42842,0.0015513207
42843,0.0012098064
42844,0.0013804145
42845,0.002025112
42846,0.0021389944
42847,0.0015798927
42848,0.003168211
42849,0.0043143537
42850,0.0040800218
42851,0.0029688543
42852,0.0019615854
42853,0.0013456531
42854,0.0010749056
42855,0.00066891126
42856,0.0008025383
42857,0.0005637498
42858,0.00088963454
42859,0.0009963299
42860,0.0012379148
42861,0.0010868072
42862,0.0005653479
42863,0.0011027576
42864,0.002764453
42865,0.0032768939
42866,0.0024118542
42867,0.0016097118
42868,0.001663068
42869,0.0020712365
42870,0.002902872
42871,0.0038028304
42872,0.0027218019
42873,0.0016732917
42874,0.0012722344
42875,0.0020405885
42876,0.003429139
42877,0.0037422783
42878,0.0023340585
42879,0.0015677803
42880,0.001576721
42881,0.0017409235
42882,0.0012892773
42883,0.0011558218
42884,0.0010649771
42885,0.0010258345
42886,0.0011262341
42887,0.0011026785
42888,0.0012567213
42889,0.0014819694
42890,0.0012673065
42891,0.00088389096
42892,0.0005248779
42893,0.00044204426
42894,0.00069528027
42895,0.0011623502
42896,0.0011758181
42897,0.0009979353
42898,0.00081273646
42899,0.0003879005
42900,0.0014028753
42901,0.0023374977
42902,0.0024471574
42903,0.0029313858
42904,0.0023161338
42905,0.0012175759
42906,0.0017212868
42907,0.0020432395
42908,0.0028129197
42909,0.0021885727
42910,0.0009645377
42911,0.0009751011
42912,0.0015254783
42913,0.0014280222
42914,0.0009736375
42915,0.0008617164
42916,0.00087893807
42917,0.0007606855
42918,0.0009481959
42919,0.0015372426
42920,0.00183385
42921,0.0019943826
42922,0.00213668
42923,0.0020502924
42924,0.0017797106
42925,0.0023287907
42926,0.0022560186
42927,0.001456615
42928,0.0013843515
42929,0.0014282463
42930,0.00117458
42931,0.0014235927
42932,0.0019614815
42933,0.0018515395
42934,0.0026061502
42935,0.0028956342
42936,0.002242977
42937,0.003070554
42938,0.0030100162
42939,0.0015644538
42940,0.0010507812
42941,0.00094558334
42942,0.0015961488
42943,0.00282469
42944,0.002304658
42945,0.0013331807
42946,0.001403705
42947,0.0007193916
42948,0.0006301991
42949,0.0020059794
42950,0.0028085604
42951,0.0019331446
42952,0.0016217264
42953,0.0011479894
42954,0.0012763455
42955,0.0020984164
42956,0.0038970227
42957,0.0
42958,0.0007178932
42959,0.000861142
42960,0.00092652394
42961,0.0010238182
42962,0.00085452624
42963,0.0009057155
42964,0.0012928616
42965,0.0018868373
42966,0.0024159777
42967,0.0024110456
42968,0.0022342145
42969,0.0022011695
42970,0.002114719
42971,0.0019456751
42972,0.0015148527
42973,0.0013626534
42974,0.0011936284
42975,0.0013058974
42976,0.0020900643
42977,0.0024255116
42978,0.003632962
42979,0.0038505169
42980,0.002010168
42981,0.0017822435
42982,0.0022862612
42983,0.002189862
42984,0.0025920637
42985,0.002137892
42986,0.0011091261
42987,0.00075792574
42988,0.0007890432
42989,0.0008541856
42990,0.00090381765
42991,0.00060901494
42992,0.0009006887
42993,0.0016914043
42994,0.002530982
42995,0.00310007
42996,0.0030860878
42997,0.0041837473
42998,0.0038559174
42999,0.0022221324
43000,0.0017696577
43001,0.0020092847
43002,0.0017906337
43003,0.001861713
43004,0.0017481971
43005,0.001946363
43006,0.0030718998
43007,0.0032792997
43008,0.0038253102
43009,0.005934909
43010,0.0046480987
43011,0.0018736805
43012,0.0016342939
43013,0.001496587
43014,0.0012989254
43015,0.0012605136
43016,0.0012986118
43017,0.0015939227
43018,0.0016236097
43019,0.0010382145
43020,0.00077204045
43021,0.0008148822
43022,0.0007711729
43023,0.0012880352
43024,0.0014015886
43025,0.0015958754
43026,0.0018087137
43027,0.0014696638
43028,0.0010172303
43029,0.00083843543
43030,0.0010719774
43031,0.0012409205
43032,0.0011121397
43033,0.0011675966
43034,0.0012973336
43035,0.0017993891
43036,0.0024903752
43037,0.0019747315
43038,0.0024153271
43039,0.002033273
43040,0.0015940871
43041,0.0018766294
43042,0.002439892
43043,0.0021912174
43044,0.0023336345
43045,0.0024059461
43046,0.0016176836
43047,0.0015170606
43048,0.0016215829
43049,0.0013083911
43050,0.0011026785
43051,0.0011094409
43052,0.0013378661
43053,0.0012841882
43054,0.0013593603
43055,0.0011058939
43056,0.0011302325
43057,0.0007596134
43058,0.0006705192
43059,0.0009322546
43060,0.00076229067
43061,0.00064818433
43062,0.00053127104
43063,0.00080014125
43064,0.00097477273
43065,0.001004157
43066,0.0011892804
43067,0.0013729307
43068,0.0011433406
43069,0.00096923346
43070,0.0010279884
43071,0.001129537
43072,0.0014894329
43073,0.0013449175
43074,0.0009292214
43075,0.00055996847
43076,0.0007578489
43077,0.0007209677
43078,0.0007954719
43079,0.001151786
43080,0.0010524141
43081,0.0005917578
43082,0.0006055644
43083,0.00051315833
43084,0.0007491972
43085,0.0010633088
43086,0.0013442681
43087,0.001171404
43088,0.0023886464
43089,0.0029089812
43090,0.0022427177
43091,0.001912073
43092,0.0017398365
43093,0.0013464746
43094,0.0013547923
43095,0.0012002422
43096,0.00092837535
43097,0.00083446887
43098,0.0011184287
43099,0.0021538958
43100,0.0022490544
43101,0.0016811523
43102,0.0019438044
43103,0.002138341
43104,0.0023016885
43105,0.0021753812
43106,0.001875078
43107,0.0025621478
43108,0.0029614535
43109,0.0028374067
43110,0.0020265775
43111,0.0011639516
43112,0.0009297537
43113,0.0008987479
43114,0.0012621749
43115,0.001021456
43116,0.00047889267
43117,0.0007261965
43118,0.001345242
43119,0.0014068322
43120,0.0008936819
43121,0.0005986523
43122,0.0008578914
43123,0.0012189853
43124,0.0016041154
43125,0.0015442128
43126,0.0022702673
43127,0.0023485154
43128,0.0023203646
43129,0.0018796512
43130,0.0011536038
43131,0.0014129424
43132,0.0019780593
43133,0.0021141272
43134,0.0016282994
43135,0.0014374881
43136,0.0010771506
43137,0.00032565987
43138,0.0006723397
43139,0.0007265972
43140,0.00067294546
43141,0.0007813707
43142,0.0007353565
43143,0.0010895886
43144,0.0013347734
43145,0.0010102252
43146,0.00082408055
43147,0.0011609471
43148,0.0016202362
43149,0.0017335187
43150,0.0012944364
43151,0.001171578
43152,0.0011047879
43153,0.001159417
43154,0.0017473312
43155,0.002388622
43156,0.0022450523
43157,0.0017692301
43158,0.0023251385
43159,0.0020622099
43160,0.0017161899
43161,0.0014184314
43162,0.0010390552
43163,0.0008132018
43164,0.0012218946
43165,0.0015187095
43166,0.0012478434
43167,0.000910299
43168,0.0016219418
43169,0.0017825211
43170,0.0016576166
43171,0.0016771832
43172,0.001792713
43173,0.0010727374
43174,0.0013868511
43175,0.0018927973
43176,0.001289661
43177,0.0016265826
43178,0.0022205207
43179,0.0017603247
43180,0.0014629152
43181,0.004264074
43182,0.004367427
43183,0.0031954506
43184,0.0016966786
43185,0.0014337173
43186,0.001681412
43187,0.0017150532
43188,0.0008123066
43189,0.0010619119
43190,0.0007470576
43191,0.00085520715
43192,0.0007492749
43193,0.0012424674
43194,0.001203608
43195,0.0008203284
43196,0.0009354646
43197,0.0024795532
43198,0.003235439
43199,0.0023241495
43200,0.0014056732
43201,0.001642235
43202,0.0019785597
43203,0.0025616593
43204,0.0034136148
43205,0.0025962258
43206,0.0014002173
43207,0.0012846414
43208,0.0020467548
43209,0.0030341307
43210,0.0031818235
43211,0.0020793844
43212,0.0012848227
43213,0.0015864188
43214,0.0013622903
43215,0.0010407345
43216,0.0010975462
43217,0.00091689324
43218,0.0009074811
43219,0.0008602967
43220,0.00076453993
43221,0.001006791
43222,0.0015354998
43223,0.0015767395
43224,0.0010848774
43225,0.00084234873
43226,0.0006666886
43227,0.00064845366
43228,0.0009871151
43229,0.0010074846
43230,0.0012206793
43231,0.0012541712
43232,0.0008198671
43233,0.0015624992
43234,0.0025834711
43235,0.002628534
43236,0.0024844196
43237,0.0023479206
43238,0.0019662238
43239,0.0020401748
43240,0.0020050653
43241,0.002399284
43242,0.0017199336
43243,0.0012881256
43244,0.0018616348
43245,0.0021886525
43246,0.0018551983
43247,0.0013538038
43248,0.00086944975
43249,0.00065674866
43250,0.00068456546
43251,0.00100201
43252,0.0016472603
43253,0.0018487236
43254,0.002820844
43255,0.0028053771
43256,0.0017924856
43257,0.001572803
43258,0.0022668676
43259,0.0022129847
43260,0.0016011553
43261,0.0013510061
43262,0.0013783679
43263,0.0013089026
43264,0.0019827767
43265,0.0022250381
43266,0.0018197985
43267,0.0025539447
43268,0.0024730891
43269,0.0021283687
43270,0.002983464
43271,0.003150201
43272,0.002061589
43273,0.001384982
43274,0.0015711923
43275,0.0018043639
43276,0.002747864
43277,0.0021927443
43278,0.0010808189
43279,0.0014003628
43280,0.00093144254
43281,0.00057250966
43282,0.0018509263
43283,0.002360037
43284,0.0016264752
43285,0.0016048047
43286,0.0012728748
43287,0.0012584339
43288,0.0021732126
43289,0.00400203
43290,0.0
43291,0.0006444919
43292,0.0007482643
43293,0.0007220568
43294,0.00083240855
43295,0.0007798047
43296,0.0008544922
43297,0.0010055184
43298,0.0011780931
43299,0.0016624554
43300,0.0021109723
43301,0.002142597
43302,0.0019471404
43303,0.0015277469
43304,0.0012080249
43305,0.0012549368
43306,0.0012470501
43307,0.0016354867
43308,0.0020158933
43309,0.0020514703
43310,0.0021998733
43311,0.0035548557
43312,0.0042202207
43313,0.0023651123
43314,0.0016120606
43315,0.00250286
43316,0.0024623922
43317,0.0024523134
43318,0.002354073
43319,0.0014532144
43320,0.0006711266
43321,0.0007811099
43322,0.0009770094
43323,0.00090442924
43324,0.00058383564
43325,0.0006193452
43326,0.0013177005
43327,0.0030392199
43328,0.003508095
43329,0.002839488
43330,0.0033438862
43331,0.003343129
43332,0.002720893
43333,0.0022340582
43334,0.002004325
43335,0.0018347544
43336,0.0017026716
43337,0.0016591083
43338,0.002505173
43339,0.0036034738
43340,0.0032711958
43341,0.003429555
43342,0.005114085
43343,0.003936243
43344,0.0017946438
43345,0.0015042876
43346,0.0013836785
43347,0.00078952254
43348,0.0008802946
43349,0.0010297705
43350,0.0016068888
43351,0.0018807347
43352,0.0010183741
43353,0.0005250997
43354,0.0006447628
43355,0.0006794874
43356,0.000935589
43357,0.00095257506
43358,0.0011501675
43359,0.0011594923
43360,0.000616944
43361,0.0009337207
43362,0.0014196006
43363,0.0017350793
43364,0.0016509665
43365,0.0015290037
43366,0.0015445898
43367,0.0015089237
43368,0.0019057305
43369,0.0022871902
43370,0.0016938974
43371,0.0023535292
43372,0.0019446576
43373,0.00078159414
43374,0.0011620497
43375,0.0022292067
43376,0.0023741028
43377,0.0023753652
43378,0.0021558136
43379,0.0012250347
43380,0.00090227067
43381,0.0008831004
43382,0.00079393375
43383,0.00096333004
43384,0.0008830015
43385,0.0011142574
43386,0.0012580407
43387,0.0015338119
43388,0.0013332899
43389,0.0013741808
43390,0.0011981551
43391,0.0012270998
43392,0.0012169781
43393,0.00069053395
43394,0.0005597085
43395,0.00030046643
43396,0.00071293005
43397,0.0010349015
43398,0.0010453663
43399,0.0010186884
43400,0.0012125698
43401,0.001297558
43402,0.0016670532
43403,0.0013586321
43404,0.0008914973
43405,0.0011720498
43406,0.0014362322
43407,0.0011376244
43408,0.0006492162
43409,0.00084138074
43410,0.0005099153
43411,0.00040686925
43412,0.0008886525
43413,0.00078360236
43414,0.00043192078
43415,0.00040421393
43416,0.0005467141
43417,0.0007557723
43418,0.0012253672
43419,0.0020426412
43420,0.0027949212
43421,0.0037397265
43422,0.0037353581
43423,0.0022862484
43424,0.0018946875
43425,0.0017412244
43426,0.0014760857
43427,0.0011262082
43428,0.0008624591
43429,0.0007061622
43430,0.0008253157
43431,0.0013605587
43432,0.0024015754
43433,0.00227201
43434,0.0015241422
43435,0.0012491954
43436,0.0014291427
43437,0.0022894668
43438,0.0025664382
43439,0.002687161
43440,0.0034558293
43441,0.0032726724
43442,0.0026439347
43443,0.0013332026
43444,0.0007999594
43445,0.0010461734
43446,0.0010757176
43447,0.001151786
43448,0.00095156627
43449,0.0005177319
43450,0.00075136946
43451,0.0010638013
43452,0.0014225087
43453,0.0012645937
43454,0.000838366
43455,0.001115119
43456,0.0011831959
43457,0.001133421
43458,0.0013122115
43459,0.0018896579
43460,0.002262511
43461,0.0022936326
43462,0.001975527
43463,0.001216739
43464,0.0013294863
43465,0.0015978802
43466,0.0018405668
43467,0.0020479064
43468,0.0021567314
43469,0.001626332
43470,0.0012925013
43471,0.0012001938
43472,0.0007558493
43473,0.0005665821
43474,0.00067631045
43475,0.00081223494
43476,0.0013593175
43477,0.0017731573
43478,0.0015221359
43479,0.0013266375
43480,0.0009302857
43481,0.0014104067
43482,0.0016320129
43483,0.0013620553
43484,0.0015118526
43485,0.0012455323
43486,0.001103048
43487,0.00079044356
43488,0.0016790215
43489,0.0018626819
43490,0.0019625349
43491,0.0022106161
43492,0.0015248677
43493,0.0012614138
43494,0.0012348547
43495,0.0008920195
43496,0.00057322095
43497,0.0012604212
43498,0.0015457387
43499,0.0014500667
43500,0.0010085817
43501,0.0014200719
43502,0.0017528357
43503,0.0016166397
43504,0.0013621835
43505,0.0013778822
43506,0.0009451216
43507,0.001519495
43508,0.0019537956
43509,0.0012361268
43510,0.0015787317
43511,0.002146763
43512,0.0015531955
43513,0.0019273246
43514,0.0039745267
43515,0.003396212
43516,0.0011342424
43517,0.0012588269
43518,0.0012686149
43519,0.0019003473
43520,0.0020485031
43521,0.0011265958
43522,0.0011885461
43523,0.0011008029
43524,0.00088822667
43525,0.00062444626
43526,0.00095860544
43527,0.0008374629
43528,0.0008040962
43529,0.0010636098
43530,0.0015791188
43531,0.0022690236
43532,0.0019398927
43533,0.0015074764
43534,0.0017437632
43535,0.0020869148
43536,0.002270652
43537,0.0026675728
43538,0.0023506708
43539,0.001406915
43540,0.0014503477
43541,0.0020535262
43542,0.0021923727
43543,0.0025224122
43544,0.0018265988
43545,0.0012125458
43546,0.0011687425
43547,0.0007621761
43548,0.000899104
43549,0.0009919386
43550,0.00091144926
43551,0.0008648517
43552,0.00090674317
43553,0.00052404555
43554,0.0008653227
43555,0.0014105716
43556,0.0014593897
43557,0.0010133892
43558,0.00073713536
43559,0.0008256683
43560,0.00083676755
43561,0.0009140957
43562,0.0010990566
43563,0.0013958457
43564,0.0012721658
43565,0.0006989125
43566,0.0013499502
43567,0.0024957918
43568,0.0026549965
43569,0.0020259453
43570,0.0016386334
43571,0.0014906244
43572,0.0015253448
43573,0.0016771485
43574,0.0016013916
43575,0.0013998431
43576,0.0016510369
43577,0.00202764
43578,0.0021891445
43579,0.0018384466
43580,0.0013672165
43581,0.0010058077
43582,0.000563853
43583,0.0007911796
43584,0.0011330614
43585,0.0015846567
43586,0.0033216705
43587,0.0039699986
43588,0.003031626
43589,0.0014747246
43590,0.0011881052
43591,0.0019309453
43592,0.0023098676
43593,0.0016013188
43594,0.0011020448
43595,0.0011308503
43596,0.0011746542
43597,0.002205634
43598,0.0024774866
43599,0.002443289
43600,0.0031489534
43601,0.0027612927
43602,0.002088323
43603,0.0025219966
43604,0.0027194698
43605,0.0027815187
43606,0.002585622
43607,0.002162136
43608,0.0019603537
43609,0.002339551
43610,0.0017881289
43611,0.00070875394
43612,0.0012893451
43613,0.0010575453
43614,0.0005217078
43615,0.0016402488
43616,0.0023032434
43617,0.0019215323
43618,0.0017710716
43619,0.0016811523
43620,0.0020678192
43621,0.0041094967
43622,0.0050524166
43623,0.0
43624,0.0007318256
43625,0.0005514844
43626,0.0005393178
43627,0.0008779441
43628,0.0008382271
43629,0.00045374056
43630,0.00046131032
43631,0.0004684473
43632,0.0011590655
43633,0.0014797682
43634,0.0016389531
43635,0.0012465599
43636,0.0009290021
43637,0.0006760522
43638,0.0008396148
43639,0.0010587005
43640,0.0017449812
43641,0.002347214
43642,0.002077298
43643,0.002729234
43644,0.00435987
43645,0.004100301
43646,0.001871038
43647,0.0014229588
43648,0.0029035837
43649,0.0029069996
43650,0.0026389104
43651,0.0023750712
43652,0.0012858869
43653,0.00044440813
43654,0.0007379246
43655,0.001200218
43656,0.001111878
43657,0.00063305587
43658,0.0006054683
43659,0.0014165837
43660,0.0034759827
43661,0.003573669
43662,0.0023171515
43663,0.002283548
43664,0.002107288
43665,0.0020495115
43666,0.0018366728
43667,0.0011313648
43668,0.0011786366
43669,0.00089156255
43670,0.0012871085
43671,0.002675373
43672,0.0032499877
43673,0.0027286261
43674,0.002696319
43675,0.0046447287
43676,0.0039794003
43677,0.0021119923
43678,0.0017722708
43679,0.0012627512
43680,0.0005854784
43681,0.0007853831
43682,0.000845246
43683,0.0014964509
43684,0.0018792021
43685,0.0011436968
43686,0.00069594965
43687,0.0007565036
43688,0.00087827555
43689,0.000755233
43690,0.00064512383
43691,0.0009984892
43692,0.0010913769
43693,0.0007952889
43694,0.0009067111
43695,0.0014420766
43696,0.0015085766
43697,0.0015962035
43698,0.001752022
43699,0.0019790302
43700,0.00245612
43701,0.00262582
43702,0.0017989847
43703,0.0010315777
43704,0.002074536
43705,0.0016641702
43706,0.0008239393
43707,0.0017308976
43708,0.002279185
43709,0.0020693108
43710,0.0021462208
43711,0.002094168
43712,0.0011758181
43713,0.0008296068
43714,0.00089377956
43715,0.00083676755
43716,0.0007071506
43717,0.0008938447
43718,0.0011975962
43719,0.0011915297
43720,0.001379592
43721,0.001384898
43722,0.0012430061
43723,0.001236974
43724,0.0012850491
43725,0.0013251448
43726,0.0007414264
43727,0.0006238401
43728,0.00036842946
43729,0.00085544534
43730,0.0010611168
43731,0.00095388794
43732,0.00077512546
43733,0.0009234089
43734,0.0014027094
43735,0.002031927
43736,0.0015922055
43737,0.0008758864
43738,0.0010800647
43739,0.001534931
43740,0.0012807843
43741,0.0007911796
43742,0.0009454602
43743,0.0007574648
43744,0.0007066154
43745,0.00085271924
43746,0.000695866
43747,0.0005601763
43748,0.0006648964
43749,0.0006151014
43750,0.00058968854
43751,0.0009793005
43752,0.0021739893
43753,0.0032264763
43754,0.0037668585
43755,0.0035671478
43756,0.0020709836
43757,0.0016924364
43758,0.0018116881
43759,0.0014600477
43760,0.0012748168
43761,0.0005538541
43762,0.0008457279
43763,0.001248473
43764,0.001596003
43765,0.0021426242
43766,0.002140001
43767,0.0015705067
43768,0.0012311725
43769,0.0014570146
43770,0.0017656403
43771,0.0018721421
43772,0.0023014862
43773,0.0026157699
43774,0.002419625
43775,0.001771778
43776,0.001553383
43777,0.0014704755
43778,0.0011117732
43779,0.0008614124
43780,0.0009533691
43781,0.0010192882
43782,0.0006086325
43783,0.000693478
43784,0.00091746444
43785,0.0016244341
43786,0.0015602065
43787,0.0013638063
43788,0.0015560598
43789,0.0012617137
43790,0.0008226667
43791,0.0009154638
43792,0.0013210534
43793,0.0020373054
43794,0.0025894574
43795,0.002152382
43796,0.0010530499
43797,0.001198835
43798,0.001320745
43799,0.0011870268
43800,0.0016458286
43801,0.002232364
43802,0.0018693262
43803,0.0016341871
43804,0.001425309
43805,0.0009710634
43806,0.00086797564
43807,0.00064141385
43808,0.00053758814
43809,0.001004041
43810,0.0016146762
43811,0.0016890452
43812,0.0015033586
43813,0.0012423503
43814,0.0013568959
43815,0.000996184
43816,0.00074475555
43817,0.00096541236
43818,0.000894333
43819,0.00093736046
43820,0.0007672
43821,0.001100565
43822,0.0010713256
43823,0.0013341191
43824,0.001425656
43825,0.0010321136
43826,0.00086626393
43827,0.0011324448
43828,0.000832863
43829,0.0007380429
43830,0.0014189034
43831,0.0017715645
43832,0.0015047131
43833,0.0011918228
43834,0.0012049855
43835,0.0012458126
43836,0.0012524994
43837,0.00078642
43838,0.0010043599
43839,0.0011428823
43840,0.001545362
43841,0.0016578448
43842,0.0010869143
43843,0.0013225727
43844,0.0016497143
43845,0.0011880562
43846,0.0020306662
43847,0.0032203186
43848,0.0023622187
43849,0.00093459303
43850,0.0010556447
43851,0.0014030827
43852,0.0023658383
43853,0.0022280968
43854,0.0013970127
43855,0.0011026785
43856,0.0014806334
43857,0.0014899214
43858,0.0010237612
43859,0.0006798728
43860,0.0010007602
43861,0.0015524647
43862,0.002121973
43863,0.0021186513
43864,0.0019035607
43865,0.001371743
43866,0.0015160434
43867,0.0020026835
43868,0.0020241058
43869,0.002004688
43870,0.0016427488
43871,0.0010822989
43872,0.0008732241
43873,0.0013862003
43874,0.0017290639
43875,0.001471267
43876,0.0016291571
43877,0.0013169493
43878,0.00095208606
43879,0.0007699643
43880,0.00044105554
43881,0.0010369524
43882,0.0015765734
43883,0.0015973154
43884,0.0014693865
43885,0.0014162343
43886,0.0008381229
43887,0.0008199026
43888,0.0015295747
43889,0.001557518
43890,0.0010548724
43891,0.00077309523
43892,0.00089933054
43893,0.0007953255
43894,0.0008268307
43895,0.00097025384
43896,0.0013527069
43897,0.0014443756
43898,0.0009123748
43899,0.001337692
43900,0.0024885864
43901,0.002560955
43902,0.0016155952
43903,0.0010922565
43904,0.00063594565
43905,0.000846244
43906,0.0010606505
43907,0.0009019803
43908,0.0011616739
43909,0.001571822
43910,0.0016293894
43911,0.001858161
43912,0.0015043843
43913,0.0013538038
43914,0.0013947819
43915,0.0011712052
43916,0.0014886706
43917,0.0018229464
43918,0.0025051266
43919,0.0042214827
43920,0.004270819
43921,0.0026335781
43922,0.00082893996
43923,0.0011034964
43924,0.0019187889
43925,0.0024293482
43926,0.0018120896
43927,0.0009117047
43928,0.0006395508
43929,0.0008203994
43930,0.00212581
43931,0.0023343079
43932,0.0029490842
43933,0.0039119828
43934,0.0030385398
43935,0.0020122807
43936,0.00220072
43937,0.002433454
43938,0.0029249848
43939,0.0034404171
43940,0.002816456
43941,0.0017856858
43942,0.0015240659
43943,0.0012511044
43944,0.0005388859
43945,0.0009920853
43946,0.0012415302
43947,0.0011067094
43948,0.0011807089
43949,0.0017379955
43950,0.002088128
43951,0.0023467923
43952,0.002051541
43953,0.0021052568
43954,0.0045092627
43955,0.00520502
43956,0.0
43957,0.0013325694
43958,0.0014594694
43959,0.0014893352
43960,0.0017840553
43961,0.0017746667
43962,0.0013632086
43963,0.0011046826
43964,0.0010283281
43965,0.00078099815
43966,0.00058597524
43967,0.0005987009
43968,0.00092142116
43969,0.00096740003
43970,0.0010940934
43971,0.0009019803
43972,0.0008930303
43973,0.001602863
43974,0.0023598643
43975,0.0021315524
43976,0.0027561022
43977,0.004281457
43978,0.0040232525
43979,0.0020575756
43980,0.0014106542
43981,0.0033536549
43982,0.0035701736
43983,0.002218449
43984,0.0018201983
43985,0.0014088168
43986,0.0008369415
43987,0.0009062295
43988,0.0013089916
43989,0.0012312197
43990,0.0007752381
43991,0.0010033161
43992,0.0015683
43993,0.003182546
43994,0.004096722
43995,0.0027848335
43996,0.0019566682
43997,0.0016283888
43998,0.0016978103
43999,0.0016713947
44000,0.0011980336
44001,0.0010742827
44002,0.0007158633
44003,0.001172869
44004,0.0023388418
44005,0.0024589505
44006,0.0016766625
44007,0.0023638445
44008,0.004135885
44009,0.004231337
44010,0.0032485276
44011,0.0026225483
44012,0.001452333
44013,0.0006611213
44014,0.00057938206
44015,0.0010306463
44016,0.0015787502
44017,0.0018274272
44018,0.001578787
44019,0.0010789323
44020,0.0009455526
44021,0.0010536577
44022,0.0010948647
44023,0.001225106
44024,0.0013638916
44025,0.0014569147
44026,0.0009967097
44027,0.0008891437
44028,0.0013753664
44029,0.0012311961
44030,0.0012233943
44031,0.001904707
44032,0.0022728427
44033,0.0025949364
44034,0.0029888537
44035,0.0020306231
44036,0.0011386216
44037,0.002234449
44038,0.0020384337
44039,0.0012767331
44040,0.002142271
44041,0.0022425877
44042,0.002003032
44043,0.0019430406
44044,0.0025290034
44045,0.001924907
44046,0.001207085
44047,0.00095407094
44048,0.00086881354
44049,0.0010424668
44050,0.0018485978
44051,0.0021215067
44052,0.002116631
44053,0.0020917207
44054,0.0020414013
44055,0.0015438547
44056,0.0010580955
44057,0.00097441435
44058,0.0010806842
44059,0.00087979855
44060,0.0010560306
44061,0.00094024354
44062,0.0011445363
44063,0.0013976168
44064,0.0013516523
44065,0.0011678458
44066,0.0009252666
44067,0.0013522335
44068,0.0020986244
44069,0.0016223904
44070,0.000811769
44071,0.00085924735
44072,0.0012578324
44073,0.0010698305
44074,0.0006380473
44075,0.0008889145
44076,0.0007885635
44077,0.0007779364
44078,0.0008993629
44079,0.0007726057
44080,0.00088263885
44081,0.0007476028
44082,0.00075253064
44083,0.0009751906
44084,0.0011052093
44085,0.0012118976
44086,0.0016427842
44087,0.0018023466
44088,0.0020391475
44089,0.0015961124
44090,0.0011800185
44091,0.001371255
44092,0.0011583371
44093,0.0013735665
44094,0.0012240127
44095,0.0016362517
44096,0.0020498098
44097,0.002822907
44098,0.0027393457
44099,0.0021650146
44100,0.0013558874
44101,0.00083380594
44102,0.0010239603
44103,0.0012745657
44104,0.0012780773
44105,0.001406915
44106,0.0013921293
44107,0.0012244168
44108,0.0010997714
44109,0.0023902664
44110,0.0027125261
44111,0.0014264112
44112,0.001065742
44113,0.00091552734
44114,0.0010563888
44115,0.0008825399
44116,0.0012367152
44117,0.0014849907
44118,0.0020420142
44119,0.001888071
44120,0.001181325
44121,0.0011064201
44122,0.0006572359
44123,0.0006157163
44124,0.0006231399
44125,0.00088812836
44126,0.002012628
44127,0.0027820626
44128,0.0021701304
44129,0.0010066176
44130,0.0011173091
44131,0.0008924109
44132,0.0006074838
44133,0.0012216326
44134,0.0016084096
44135,0.0012818291
44136,0.0014238993
44137,0.0014020037
44138,0.0011553685
44139,0.001001051
44140,0.0006806002
44141,0.0006413685
44142,0.00078129617
44143,0.0008608378
44144,0.0012543338
44145,0.0015293654
44146,0.0015989543
44147,0.0015627227
44148,0.00076932146
44149,0.00054522156
44150,0.00049502956
44151,0.00067995844
44152,0.0010441963
44153,0.0012915554
44154,0.0012381969
44155,0.00094209897
44156,0.0011324191
44157,0.0009516886
44158,0.0007419758
44159,0.0008429704
44160,0.0011107518
44161,0.0010846358
44162,0.0010082354
44163,0.0018739601
44164,0.0022113665
44165,0.002032457
44166,0.0017316036
44167,0.0013231447
44168,0.0011009352
44169,0.0009532775
44170,0.0007442082
44171,0.0010267702
44172,0.0013194663
44173,0.0013464746
44174,0.001061062
44175,0.0008849769
44176,0.0010479245
44177,0.00097166264
44178,0.0010828903
44179,0.0017241925
44180,0.0020549572
44181,0.0014393091
44182,0.0006995369
44183,0.0012359854
44184,0.0015725994
44185,0.0022566249
44186,0.0020535546
44187,0.001705848
44188,0.0012198207
44189,0.001712387
44190,0.0020681429
44191,0.0014324988
44192,0.00085244613
44193,0.002248938
44194,0.0029824884
44195,0.0029586218
44196,0.0023844147
44197,0.0017384643
44198,0.001268523
44199,0.0014200924
44200,0.0021624994
44201,0.0019187282
44202,0.0017663984
44203,0.001483108
44204,0.000992144
44205,0.001234171
44206,0.0016231973
44207,0.0017377443
44208,0.0012354673
44209,0.0010551207
44210,0.0006472407
44211,0.0005761077
44212,0.000561681
44213,0.00042560807
44214,0.0009103629
44215,0.0020093427
44216,0.0022321031
44217,0.0015526334
44218,0.001633439
44219,0.0014484602
44220,0.0013826054
44221,0.002261752
44222,0.0022684848
44223,0.00157733
44224,0.0014783514
44225,0.0015680216
44226,0.0013338136
44227,0.0013710003
44228,0.0016375851
44229,0.0018624476
44230,0.001774191
44231,0.0012381264
44232,0.0011390306
44233,0.0021672852
44234,0.002460666
44235,0.001866163
44236,0.001655772
44237,0.001359981
44238,0.0009841919
44239,0.0007859017
44240,0.0006261219
44241,0.0008865212
44242,0.001207784
44243,0.0014825584
44244,0.0017913162
44245,0.0011943597
44246,0.0011337034
44247,0.0014127159
44248,0.0013495621
44249,0.0015962218
44250,0.0016751864
44251,0.0026222263
44252,0.0038695624
44253,0.0031336758
44254,0.00056312996
44255,0.0006999943
44256,0.0009854627
44257,0.0018394754
44258,0.002408304
44259,0.002072557
44260,0.0011964048
44261,0.00073634525
44262,0.00090690365
44263,0.0013918366
44264,0.0016240219
44265,0.0027568203
44266,0.0037035584
44267,0.003380769
44268,0.00308338
44269,0.0025401188
44270,0.002331813
44271,0.0032400414
44272,0.0040323283
44273,0.0031074123
44274,0.0014033732
44275,0.0009879698
44276,0.0007362662
44277,0.00054329645
44278,0.0009035278
44279,0.0013858643
44280,0.00160888
44281,0.0013235406
44282,0.0010535197
44283,0.0013308647
44284,0.0019041416
44285,0.001652288
44286,0.003452046
44287,0.0047935373
44288,0.0044063833
44289,0.0
44290,0.0020269651
44291,0.0019146284
44292,0.0017444474
44293,0.0019729768
44294,0.0018807966
44295,0.0016168198
44296,0.0014839123
44297,0.0016003735
44298,0.0009876752
44299,0.0007979559
44300,0.00096854253
44301,0.0010718688
44302,0.0010680608
44303,0.0010214845
44304,0.00069615874
44305,0.0008648517
44306,0.0017979651
44307,0.0020128014
44308,0.00166172
44309,0.0027637475
44310,0.004509553
44311,0.0043083457
44312,0.0029000833
44313,0.0027739224
44314,0.0036958805
44315,0.0032522257
44316,0.0014639692
44317,0.001207543
44318,0.0012597514
44319,0.0010532157
44320,0.0009571774
44321,0.0011407667
44322,0.0015825063
44323,0.0016158114
44324,0.0017534666
44325,0.0020716721
44326,0.002702303
44327,0.0039358065
44328,0.0033050517
44329,0.0020488866
44330,0.0020055731
44331,0.0018584585
44332,0.001916558
44333,0.0016936053
44334,0.001436597
44335,0.0011272931
44336,0.0014291833
44337,0.0024233628
44338,0.0029678051
44339,0.0030961903
44340,0.002841189
44341,0.0038574645
44342,0.004445391
44343,0.0042518117
44344,0.0041552824
44345,0.002734284
44346,0.0014442949
44347,0.0011109876
44348,0.001203608
44349,0.001553308
44350,0.0017325614
44351,0.0016590381
44352,0.001124993
44353,0.00081538205
44354,0.0008652554
44355,0.00091825717
44356,0.0010047655
44357,0.0010536577
44358,0.001249242
44359,0.0007346437
44360,0.0007193107
44361,0.0014094157
44362,0.0012671228
44363,0.000691208
44364,0.001648832
44365,0.0021761702
44366,0.0028112119
44367,0.0031849958
44368,0.0018682049
44369,0.0013262645
44370,0.0020189518
44371,0.0017706114
44372,0.00179078
44373,0.0026246004
44374,0.002150569
44375,0.001474922
44376,0.002516671
44377,0.0033180236
44378,0.0025463211
44379,0.0016224441
44380,0.0014899995
44381,0.0014758294
44382,0.0018657107
44383,0.0023768228
44384,0.0023791236
44385,0.0021901014
44386,0.0021901147
44387,0.002076429
44388,0.0018540056
44389,0.0015661829
44390,0.0013602806
44391,0.0010540445
44392,0.0011491043
44393,0.0013654272
44394,0.0015163121
44395,0.0017536492
44396,0.001769888
44397,0.0015690606
44398,0.0011897208
44399,0.0009795382
44400,0.0017693782
44401,0.0021203952
44402,0.0015319133
44403,0.001171553
44404,0.00097220164
44405,0.0009016253
44406,0.0007790206
44407,0.0006597111
44408,0.0008090756
44409,0.0005854784
44410,0.00070285733
44411,0.0008659615
44412,0.0004964972
44413,0.00080239325
44414,0.0008910728
44415,0.0013002915
44416,0.001569617
44417,0.0013801826
44418,0.0011213912
44419,0.0011440531
44420,0.0017197982
44421,0.0021216301
44422,0.0016575638
44423,0.0012922087
44424,0.0011950175
44425,0.0009192708
44426,0.0012505227
44427,0.0014916783
44428,0.002393211
44429,0.0025142531
44430,0.003589385
44431,0.0033689544
44432,0.0028045368
44433,0.0016792642
44434,0.0009826233
44435,0.00082142756
44436,0.0008771481
44437,0.00087355735
44438,0.0008650872
44439,0.0013126994
44440,0.0018545237
44441,0.0029175128
44442,0.0035903254
44443,0.0034533862
44444,0.0015879774
44445,0.0013394966
44446,0.0009220842
44447,0.0013254522
44448,0.0015006847
44449,0.0017541802
44450,0.0016727871
44451,0.0022040238
44452,0.0019570997
44453,0.0012114412
44454,0.0008877023
44455,0.0009153684
44456,0.00078693795
44457,0.0007972626
44458,0.0011043136
44459,0.0017810675
44460,0.0025972459
44461,0.00210008
44462,0.0011940916
44463,0.0010326492
44464,0.000670085
44465,0.00061845174
44466,0.0007244712
44467,0.0012713649
44468,0.0012347132
44469,0.0012403809
44470,0.001534931
44471,0.001364489
44472,0.00093621097
44473,0.0009269322
44474,0.0011205605
44475,0.0013123446
44476,0.00071411295
44477,0.00080406
44478,0.0012479833
44479,0.0016192839
44480,0.0014717614
44481,0.0006202843
44482,0.00074658997
44483,0.0009118323
44484,0.00097022386
44485,0.0010983944
44486,0.0013300772
44487,0.0014165837
44488,0.0013154235
44489,0.0014048241
44490,0.0010630076
44491,0.00097166264
44492,0.0008577557
44493,0.0010921765
44494,0.0010961398
44495,0.00095599086
44496,0.0020073717
44497,0.0025189715
44498,0.0019837746
44499,0.0012628203
44500,0.0011376244
44501,0.0011800432
44502,0.0013165957
44503,0.0013593389
44504,0.0016199847
44505,0.0013845827
44506,0.001116032
44507,0.0007783104
44508,0.00066638296
44509,0.00088016235
44510,0.0011167099
44511,0.0016633305
44512,0.0019178786
44513,0.0017689175
44514,0.00091746444
44515,0.00064077834
44516,0.0011795745
44517,0.0018396177
44518,0.0023349063
44519,0.0022268423
44520,0.0017853435
44521,0.0011665242
44522,0.0014598882
44523,0.0022548572
44524,0.0017977871
44525,0.0019240449
44526,0.0028818215
44527,0.0036475926
44528,0.0032348994
44529,0.0030700231
44530,0.0027206896
44531,0.0026658266
44532,0.0027410982
44533,0.002692798
44534,0.0019981733
44535,0.0016575638
44536,0.0013970961
44537,0.0009563561
44538,0.0014062528
44539,0.0014634125
44540,0.0012646627
44541,0.0009877341
44542,0.0013238484
44543,0.0014926925
44544,0.0015343431
44545,0.00125143
44546,0.0004503282
44547,0.00079631293
44548,0.0022460762
44549,0.0024803982
44550,0.0012202023
44551,0.0011624754
44552,0.0012731492
44553,0.0014786664
44554,0.0025863084
44555,0.0026352906
44556,0.0014046583
44557,0.0011922378
44558,0.0015876659
44559,0.0017884544
44560,0.0021286283
44561,0.00241294
44562,0.002739569
44563,0.003013408
44564,0.0025188096
44565,0.0015542445
44566,0.0018231699
44567,0.0019577835
44568,0.0014914637
44569,0.0014604065
44570,0.0012369035
44571,0.0009990721
44572,0.0009646886
44573,0.0010699392
44574,0.0010135041
44575,0.0011114067
44576,0.0015639886
44577,0.001863135
44578,0.00132769
44579,0.00073396997
44580,0.0008363501
44581,0.00081933447
44582,0.0010621586
44583,0.0010664518
44584,0.002216756
44585,0.0030718714
44586,0.0024154596
44587,0.0016881145
44588,0.0010093894
44589,0.001417672
44590,0.0018351034
44591,0.0019735226
44592,0.0018251642
44593,0.0011273447
44594,0.0006290897
44595,0.00070463563
44596,0.0011799445
44597,0.0014334331
44598,0.0027487853
44599,0.0032984053
44600,0.0031257807
44601,0.003906518
44602,0.0035827055
44603,0.0028923457
44604,0.0034171683
44605,0.0037746695
44606,0.0031988188
44607,0.0012812613
44608,0.0003945216
44609,0.00049426465
44610,0.00053362147
44611,0.0006262613
44612,0.00070074236
44613,0.0012019626
44614,0.0013229467
44615,0.0012099267
44616,0.00074849767
44617,0.0010258061
44618,0.0014551957
44619,0.0040053157
44620,0.0048289425
44621,0.004015657
44622,0.0
44623,0.0017671398
44624,0.0015207203
44625,0.0011210798
44626,0.001445725
44627,0.0012915554
44628,0.0010015742
44629,0.001474922
44630,0.001717207
44631,0.0009143504
44632,0.0011714785
44633,0.0014078042
44634,0.0010572149
44635,0.00064023305
44636,0.0009941953
44637,0.00093019183
44638,0.0011291504
44639,0.0018134543
44640,0.001775929
44641,0.0012964809
44642,0.0018614942
44643,0.0035026318
44644,0.003740069
44645,0.0026585676
44646,0.0027828994
44647,0.0031433662
44648,0.0027663158
44649,0.001149712
44650,0.00084493606
44651,0.0012150634
44652,0.001233015
44653,0.0017267901
44654,0.002052931
44655,0.0021744978
44656,0.002080196
44657,0.0036003306
44658,0.003642962
44659,0.0032496117
44660,0.003933913
44661,0.00385846
44662,0.002110793
44663,0.0019197746
44664,0.001712081
44665,0.0019397276
44666,0.001840709
44667,0.0015585828
44668,0.0016365718
44669,0.0018059761
44670,0.0020177115
44671,0.0028133334
44672,0.003854098
44673,0.004157537
44674,0.0048734215
44675,0.004749842
44676,0.0047650686
44677,0.005330474
44678,0.004138811
44679,0.002170385
44680,0.0015897725
44681,0.0013109245
44682,0.0017406058
44683,0.0017241588
44684,0.0015095987
44685,0.0013587606
44686,0.0011752734
44687,0.0014065426
44688,0.0014049484
44689,0.0013221324
44690,0.0013424049
44691,0.0013626748
44692,0.00057256053
44693,0.0007042638
44694,0.0013850661
44695,0.001208892
44696,0.00048744606
44697,0.0015263747
44698,0.0021808061
44699,0.0023000443
44700,0.0028000604
44701,0.0019929959
44702,0.0012348547
44703,0.0017439801
44704,0.0020265055
44705,0.0025763528
44706,0.0027253176
44707,0.002175836
44708,0.0019265241
44709,0.0031703233
44710,0.0035596176
44711,0.002533947
44712,0.0016810311
44713,0.0020061247
44714,0.0020713632
44715,0.0021504473
44716,0.0019959144
44717,0.0016421286
44718,0.0010321699
44719,0.0015159666
44720,0.001711639
44721,0.002322922
44722,0.0022396268
44723,0.0021867766
44724,0.0014872232
44725,0.0015513019
44726,0.001325013
44727,0.0014085276
44728,0.0016718648
44729,0.0019161175
44730,0.0017070248
44731,0.001278009
44732,0.0011173352
44733,0.0017866634
44734,0.0021398242
44735,0.0017243613
44736,0.0014956337
44737,0.0013630592
44738,0.0010743911
44739,0.0007632827
44740,0.00087352406
44741,0.0008256683
44742,0.0006483639
44743,0.0007558108
44744,0.0007903331
44745,0.00065661565
44746,0.0008821441
44747,0.0011211317
44748,0.0016468539
44749,0.0014963731
44750,0.0014213625
44751,0.0011290215
44752,0.0007313084
44753,0.001451431
44754,0.0017959083
44755,0.0015965317
44756,0.0018091159
44757,0.0015630021
44758,0.0011042609
44759,0.0009941953
44760,0.0012618751
44761,0.0031572238
44762,0.0037160479
44763,0.0037396098
44764,0.003042407
44765,0.001894196
44766,0.00168411
44767,0.0015306589
44768,0.0010495064
44769,0.00086073636
44770,0.0010819493
44771,0.0012790106
44772,0.0017366386
44773,0.002117992
44774,0.0033215566
44775,0.0034722714
44776,0.0031070001
44777,0.001652517
44778,0.001536163
44779,0.0015208734
44780,0.001792859
44781,0.0018276182
44782,0.0020448486
44783,0.0019761017
44784,0.0026259308
44785,0.0027968367
44786,0.0019555376
44787,0.0010776368
44788,0.001020829
44789,0.0007364243
44790,0.001170907
44791,0.0013153793
44792,0.001515333
44793,0.0019160567
44794,0.0019704085
44795,0.0015565834
44796,0.0014337173
44797,0.0012058064
44798,0.0009787059
44799,0.00069238595
44800,0.0011395925
44801,0.0012788286
44802,0.0012659049
44803,0.0015934297
44804,0.0011790809
44805,0.0008168442
44806,0.0008309388
44807,0.0012057099
44808,0.0016870798
44809,0.00092094723
44810,0.001030166
44811,0.0021732394
44812,0.0022416662
44813,0.0014672459
44814,0.00111028
44815,0.0014424601
44816,0.0014716032
44817,0.0013102583
44818,0.0009979353
44819,0.0009533691
44820,0.000825915
44821,0.00088247395
44822,0.00078501244
44823,0.00067837286
44824,0.00057817524
44825,0.0004249922
44826,0.0005825881
44827,0.0009211684
44828,0.0011495601
44829,0.0024019026
44830,0.0023837555
44831,0.0013996768
44832,0.0010448372
44833,0.0012639952
44834,0.0014654
44835,0.0016875454
44836,0.0016643276
44837,0.0015171373
44838,0.0010333253
44839,0.0010103692
44840,0.00067721354
44841,0.0007544233
44842,0.0013119009
44843,0.0016800959
44844,0.0017819005
44845,0.001924423
44846,0.0016134862
44847,0.0012596591
44848,0.0010830784
44849,0.0011776731
44850,0.0019033314
44851,0.0023216438
44852,0.0022178586
44853,0.0018203582
44854,0.0011649763
44855,0.0011925063
44856,0.0021337632
44857,0.0017608041
44858,0.0018397284
44859,0.0031539127
44860,0.0036275664
44861,0.0030742958
44862,0.0031262648
44863,0.0032502923
44864,0.0035883307
44865,0.00468751
44866,0.0040737893
44867,0.002107205
44868,0.0013349042
44869,0.0010978908
44870,0.0011283769
44871,0.0015220403
44872,0.0013347298
44873,0.0011265441
44874,0.001280307
44875,0.0017090185
44876,0.0016747346
44877,0.0018806419
44878,0.0016618075
44879,0.0006130635
44880,0.0009039786
44881,0.002021876
44882,0.0023235984
44883,0.0013458261
44884,0.0013300553
44885,0.001630889
44886,0.0016988213
44887,0.0025721584
44888,0.0025958559
44889,0.0013325256
44890,0.00075198896
44891,0.0010642117
44892,0.001432194
44893,0.0017640077
44894,0.0025438168
44895,0.0032282798
44896,0.0038383058
44897,0.0032539077
44898,0.0020064728
44899,0.0016598625
44900,0.0019133055
44901,0.0015362198
44902,0.0014105304
44903,0.0013108801
44904,0.0015287373
44905,0.0013173028
44906,0.0014741522
44907,0.0011844742
44908,0.00080086844
44909,0.0013840571
44910,0.0016264752
44911,0.0012419051
44912,0.00080065033
44913,0.0005023248
44914,0.0003352596
44915,0.0008142748
44916,0.0012019142
44917,0.002453132
44918,0.0029555412
44919,0.002967138
44920,0.0027310995
44921,0.0022433144
44922,0.0018162606
44923,0.0018051219
44924,0.0015367691
44925,0.0013275804
44926,0.0009537354
44927,0.0008597891
44928,0.0011261048
44929,0.0015571443
44930,0.0020491423
44931,0.0026370238
44932,0.0022318163
44933,0.0020118179
44934,0.0041185305
44935,0.004105458
44936,0.0030132728
44937,0.004103501
44938,0.00364293
44939,0.002420623
44940,0.0014463488
44941,0.000845246
44942,0.0006062849
44943,0.0007186225
44944,0.0008308337
44945,0.000920726
44946,0.00086033053
44947,0.0009407696
44948,0.0011340114
44949,0.0007567729
44950,0.00087352406
44951,0.001382858
44952,0.0032836103
44953,0.004130491
44954,0.0027089939
44955,0.0
44956,0.0014323159
44957,0.0012567213
44958,0.001002881
44959,0.0012963687
44960,0.0010829979
44961,0.0009578765
44962,0.0016266184
44963,0.0015470373
44964,0.0009307236
44965,0.0014672062
44966,0.0018320875
44967,0.0012086993
44968,0.00086215534
44969,0.0010144226
44970,0.0009837778
44971,0.001316662
44972,0.0020111233
44973,0.0017843489
44974,0.0011400266
44975,0.0016115007
44976,0.0032309834
44977,0.003622645
44978,0.0026727174
44979,0.0021071637
44980,0.0019859888
44981,0.0015886187
44982,0.0009242595
44983,0.00073638477
44984,0.000745927
44985,0.0010115495
44986,0.0015108899
44987,0.0018943342
44988,0.0017790073
44989,0.002444968
44990,0.0035937445
44991,0.003237732
44992,0.0026796449
44993,0.003650161
44994,0.0039701597
44995,0.0022666494
44996,0.0019522903
44997,0.0019852999
44998,0.0019811173
44999,0.0019994255
45000,0.0017926317
45001,0.002498717
45002,0.0027727785
45003,0.002741162
45004,0.0025923443
45005,0.0035302916
45006,0.00427071
45007,0.0054622362
45008,0.005415747
45009,0.005039046
45010,0.00537169
45011,0.00478105
45012,0.0026481913
45013,0.0021818334
45014,0.0018358327
45015,0.0017806261
45016,0.0016435812
45017,0.0016774955
45018,0.0016831073
45019,0.0015929182
45020,0.0014647642
45021,0.0011783155
45022,0.001026997
45023,0.0012897288
45024,0.0012770749
45025,0.00048857916
45026,0.0007722666
45027,0.0013735241
45028,0.0012416005
45029,0.0008219588
45030,0.0013498208
45031,0.0020128593
45032,0.0025490741
45033,0.0029317332
45034,0.0018991983
45035,0.0011187929
45036,0.0013352748
45037,0.0020094006
45038,0.0030284948
45039,0.0029964296
45040,0.002437529
45041,0.002780514
45042,0.0034214496
45043,0.003134688
45044,0.001561344
45045,0.0013406043
45046,0.0016620702
45047,0.00185802
45048,0.0018807657
45049,0.0017234834
45050,0.0011788834
45051,0.00073745113
45052,0.0012608599
45053,0.0012438487
45054,0.0015613999
45055,0.002001055
45056,0.0018882096
45057,0.001384982
45058,0.0012419989
45059,0.0010143652
45060,0.0009425005
45061,0.0012014783
45062,0.0014181852
45063,0.0011131598
45064,0.0010405107
45065,0.0013980541
45066,0.0018871921
45067,0.0018562335
45068,0.0014927121
45069,0.0013608368
45070,0.0014400975
45071,0.0013611148
45072,0.0010940137
45073,0.0009450292
45074,0.00087402365
45075,0.00091971393
45076,0.001055755
45077,0.0009551685
45078,0.00082700665
45079,0.0010196593
45080,0.001252174
45081,0.00140136
45082,0.0011039183
45083,0.0014526335
45084,0.0014616813
45085,0.00094865623
45086,0.0010869143
45087,0.0011626256
45088,0.0015011306
45089,0.002027166
45090,0.0019577835
45091,0.0016938458
45092,0.001579082
45093,0.001732175
45094,0.003212582
45095,0.0032818106
45096,0.0024130605
45097,0.0018904433
45098,0.00094333384
45099,0.0014277367
45100,0.0017498943
45101,0.0017604735
45102,0.0015078433
45103,0.00147648
45104,0.0013086803
45105,0.0016712903
45106,0.0019831436
45107,0.0023014103
45108,0.0021340223
45109,0.0017812635
45110,0.0021147327
45111,0.0018073294
45112,0.0018316268
45113,0.001948067
45114,0.00212964
45115,0.0023000694
45116,0.0021760634
45117,0.0024732067
45118,0.0029841661
45119,0.0026312233
45120,0.0017893817
45121,0.0011893539
45122,0.0009057155
45123,0.0014397741
45124,0.0018342943
45125,0.0017478142
45126,0.001394907
45127,0.0015363146
45128,0.001363913
45129,0.0015262031
45130,0.0014068529
45131,0.001427329
45132,0.0012224185
45133,0.0015411377
45134,0.0018900122
45135,0.0016415436
45136,0.0015310011
45137,0.00081584597
45138,0.00055122044
45139,0.0006899858
45140,0.0011504459
45141,0.0016931929
45142,0.0011279125
45143,0.0011977906
45144,0.0029213508
45145,0.0024714647
45146,0.0011367798
45147,0.001134499
45148,0.0011482682
45149,0.0008707877
45150,0.0010333253
45151,0.0013055184
45152,0.0008225959
45153,0.0005754506
45154,0.0005219866
45155,0.0004035654
45156,0.00060272217
45157,0.000473084
45158,0.00051372516
45159,0.0008342944
45160,0.0013737148
45161,0.002199741
45162,0.0028430936
45163,0.0021418226
45164,0.0010244717
45165,0.0007191893
45166,0.00075857824
45167,0.0011672974
45168,0.0015394561
45169,0.0014042439
45170,0.0010248694
45171,0.0009288455
45172,0.0009917333
45173,0.0007468238
45174,0.0011624002
45175,0.0017583893
45176,0.0019983917
45177,0.0018426528
45178,0.0016424652
45179,0.0011607467
45180,0.0012649159
45181,0.0013732486
45182,0.0012178387
45183,0.002335193
45184,0.0024062244
45185,0.0017410907
45186,0.0015489174
45187,0.00094327214
45188,0.0009757277
45189,0.0016238786
45190,0.0014626168
45191,0.0017952113
45192,0.0030940464
45193,0.0032014016
45194,0.0024605596
45195,0.0017273293
45196,0.002378365
45197,0.0039047597
45198,0.005339339
45199,0.004331743
45200,0.0019036524
45201,0.00053834554
45202,0.0008025383
45203,0.0013921502
45204,0.001594799
45205,0.0011956992
45206,0.00080846384
45207,0.0010922032
45208,0.0011990535
45209,0.0008203994
45210,0.001596477
45211,0.0016788655
45212,0.0010869411
45213,0.0010008474
45214,0.0016226952
45215,0.0018398234
45216,0.0013632727
45217,0.0017794654
45218,0.002233146
45219,0.002055368
45220,0.0022443002
45221,0.0019963225
45222,0.0011799939
45223,0.00080615666
45224,0.0010155409
45225,0.0014276552
45226,0.0019064329
45227,0.0025565417
45228,0.0029224565
45229,0.0038509779
45230,0.004216523
45231,0.0039399154
45232,0.0032784122
45233,0.0021639524
45234,0.0015869141
45235,0.0016213675
45236,0.0016922128
45237,0.0017002427
45238,0.0014143835
45239,0.0015339637
45240,0.0014360296
45241,0.0011410473
45242,0.0014522127
45243,0.0013204144
45244,0.00082178175
45245,0.0005520119
45246,0.00079686096
45247,0.0007947764
45248,0.0009132038
45249,0.0007629013
45250,0.0018436317
45251,0.0024044942
45252,0.0031821344
45253,0.0037823257
45254,0.004130195
45255,0.0034234226
45256,0.0016946188
45257,0.0013121449
45258,0.00070169696
45259,0.0007372143
45260,0.0008749555
45261,0.0010505042
45262,0.001771088
45263,0.0024271908
45264,0.002409488
45265,0.0021240707
45266,0.0017993082
45267,0.0037307583
45268,0.004690967
45269,0.0036928556
45270,0.0038373503
45271,0.003154088
45272,0.0018682361
45273,0.0014648834
45274,0.0010379342
45275,0.000868981
45276,0.00096935354
45277,0.0006236534
45278,0.00090426835
45279,0.00084179576
45280,0.0010206578
45281,0.0013465179
45282,0.0011869288
45283,0.0011218064
45284,0.0013140953
45285,0.0023977915
45286,0.0037293227
45287,0.0031978632
45288,0.0
45289,0.001543025
45290,0.0009017221
45291,0.00083314243
45292,0.0009524528
45293,0.0009622115
45294,0.0010749326
45295,0.0017825211
45296,0.0015462093
45297,0.0015587695
45298,0.0017487298
45299,0.0017190196
45300,0.00095848396
45301,0.0007558108
45302,0.00080308213
45303,0.00090484746
45304,0.0014174462
45305,0.0016897344
45306,0.0014233269
45307,0.001358675
45308,0.0019517983
45309,0.0031063443
45310,0.003750567
45311,0.0034768952
45312,0.0028093166
45313,0.002156529
45314,0.0012503132
45315,0.0007944101
45316,0.0006401421
45317,0.0011666489
45318,0.0013658534
45319,0.0014966647
45320,0.0019328435
45321,0.0020961962
45322,0.0028224636
45323,0.0034120714
45324,0.0023429075
45325,0.0014994817
45326,0.0038529048
45327,0.0041006347
45328,0.0023846831
45329,0.0020399895
45330,0.0021290933
45331,0.0018755746
45332,0.0019788097
45333,0.0018451939
45334,0.0022880808
45335,0.0027552256
45336,0.0027588992
45337,0.0023561246
45338,0.0020337023
45339,0.0025452466
45340,0.0040515605
45341,0.004804393
45342,0.0048419135
45343,0.005696711
45344,0.005617898
45345,0.0038743354
45346,0.0023914105
45347,0.0021490664
45348,0.0020238038
45349,0.0019884785
45350,0.0021903007
45351,0.0022664568
45352,0.0018122984
45353,0.0012317633
45354,0.0008830015
45355,0.0007744117
45356,0.0011656756
45357,0.0011833435
45358,0.0007726057
45359,0.0008853057
45360,0.0013139404
45361,0.001144816
45362,0.0008039514
45363,0.0013309522
45364,0.002279517
45365,0.0031661435
45366,0.0036329539
45367,0.0028473183
45368,0.0020753776
45369,0.0016215111
45370,0.0026941919
45371,0.0035734817
45372,0.0028750368
45373,0.0023595684
45374,0.0026486309
45375,0.0025640214
45376,0.0020100232
45377,0.0010556171
45378,0.0007954719
45379,0.0008341549
45380,0.0012355616
45381,0.001239935
45382,0.001134191
45383,0.00072104845
45384,0.00077883375
45385,0.0012446673
45386,0.00091412757
45387,0.0008559895
45388,0.0013834682
45389,0.0013177226
45390,0.00066917227
45391,0.0006443565
45392,0.0009483801
45393,0.0011634264
45394,0.0012422332
45395,0.0012304632
45396,0.0006523467
45397,0.00085466244
45398,0.002037334
45399,0.002294432
45400,0.0017136951
45401,0.0016001553
45402,0.0012012603
45403,0.0010284978
45404,0.0010397552
45405,0.001004157
45406,0.00085995835
45407,0.0005860249
45408,0.0008510794
45409,0.001016028
45410,0.0012111769
45411,0.0014118503
45412,0.0013855913
45413,0.0011147535
45414,0.0007552715
45415,0.00067177677
45416,0.0011247083
45417,0.001153957
45418,0.0007123992
45419,0.0007611062
45420,0.00085887464
45421,0.0011451464
45422,0.001539267
45423,0.0021098137
45424,0.0021714575
45425,0.0023570014
45426,0.0025989374
45427,0.002984966
45428,0.0026548759
45429,0.00091384095
45430,0.00082358596
45431,0.0009896769
45432,0.001548316
45433,0.0017514571
45434,0.002022466
45435,0.0015958571
45436,0.0019063718
45437,0.0020006478
45438,0.0021307194
45439,0.002275044
45440,0.0022275741
45441,0.0018928127
45442,0.0015910352
45443,0.001824941
45444,0.001689252
45445,0.0017173935
45446,0.0020207241
45447,0.0019787801
45448,0.0020339028
45449,0.0013519322
45450,0.0019560435
45451,0.0028723024
45452,0.0027682718
45453,0.0021748324
45454,0.0016994551
45455,0.0011371381
45456,0.0012941441
45457,0.0018405351
45458,0.001629175
45459,0.00093919056
45460,0.00094351894
45461,0.0010311261
45462,0.0013428167
45463,0.0015319893
45464,0.0017428449
45465,0.002211498
45466,0.0025038598
45467,0.0026025965
45468,0.001922562
45469,0.0013984495
45470,0.0008264786
45471,0.000802103
45472,0.00075946015
45473,0.00092831266
45474,0.0017131007
45475,0.0016548401
45476,0.0013939469
45477,0.0029503175
45478,0.002344497
45479,0.0009057798
45480,0.001123621
45481,0.0011720995
45482,0.00087979855
45483,0.0010757988
45484,0.0015247532
45485,0.001121547
45486,0.000776401
45487,0.00038253635
45488,0.00044270215
45489,0.000651141
45490,0.0006367689
45491,0.0006336073
45492,0.0006380473
45493,0.0013669184
45494,0.0021925718
45495,0.0024907491
45496,0.0013367126
45497,0.00075692666
45498,0.0007567729
45499,0.0007255951
45500,0.0012332038
45501,0.001677721
45502,0.0017097165
45503,0.00096836226
45504,0.0009139365
45505,0.0010573526
45506,0.0011669731
45507,0.0014411279
45508,0.0017237705
45509,0.0020817486
45510,0.001764849
45511,0.0013144497
45512,0.0010594149
45513,0.001328216
45514,0.0017154604
45515,0.0016247923
45516,0.0024964097
45517,0.0022729964
45518,0.0012662497
45519,0.0014091886
45520,0.0013238704
45521,0.0009928771
45522,0.0010911102
45523,0.0008884888
45524,0.0014549358
45525,0.0026721838
45526,0.0029319515
45527,0.0022023064
45528,0.0013300772
45529,0.0021114547
45530,0.003428494
45531,0.0055024177
45532,0.0047270735
45533,0.0020000222
45534,0.0010986063
45535,0.001133498
45536,0.0014092919
45537,0.0016055843
45538,0.0012255809
45539,0.0006509175
45540,0.0012523367
45541,0.0011653759
45542,0.0010107724
45543,0.0013501226
45544,0.0016192121
45545,0.0014764012
45546,0.0013593175
45547,0.0015473006
45548,0.0014275125
45549,0.0009347799
45550,0.0019726374
45551,0.0022675479
45552,0.0018256106
45553,0.0018399341
45554,0.0015796347
45555,0.0011239318
45556,0.0014442748
45557,0.0015585828
45558,0.0016130172
45559,0.0016229643
45560,0.0017955679
45561,0.0018860197
45562,0.002864449
45563,0.0037045325
45564,0.004037046
45565,0.003673092
45566,0.0025717737
45567,0.0019047376
45568,0.00186201
45569,0.0018945032
45570,0.0014794142
45571,0.0011261824
45572,0.0011935553
45573,0.001194652
45574,0.0012256284
45575,0.0011751001
45576,0.0010969361
45577,0.0010477301
45578,0.0009704038
45579,0.0009521166
45580,0.00084317755
45581,0.0008713223
45582,0.0008334219
45583,0.0011530739
45584,0.0016199847
45585,0.0021431674
45586,0.0031276518
45587,0.0043248776
45588,0.0044592097
45589,0.0033134066
45590,0.0017338712
45591,0.0009287828
45592,0.00065949047
45593,0.0009499132
45594,0.0012993286
45595,0.0018762416
45596,0.0024626404
45597,0.0023358783
45598,0.0020559342
45599,0.002430558
45600,0.0035853933
45601,0.004777043
45602,0.003918108
45603,0.0032843724
45604,0.0028467663
45605,0.0018437423
45606,0.0020631975
45607,0.0021708007
45608,0.002111179
45609,0.0015794137
45610,0.0006716901
45611,0.00095040334
45612,0.001262682
45613,0.0017268069
45614,0.0017689505
45615,0.0016615798
45616,0.0014004459
45617,0.0013605587
45618,0.0013434235
45619,0.0032829011
45620,0.0034091102
45621,0.0
45622,0.0018488496
45623,0.0011901855
45624,0.0009829195
45625,0.00063195155
45626,0.0006588281
45627,0.00087482244
45628,0.0015700619
45629,0.0018366886
45630,0.0020426556
45631,0.001672996
45632,0.0016880628
45633,0.0011994175
45634,0.0012131457
45635,0.0012243693
45636,0.0015147183
45637,0.0016671405
45638,0.0013908953
45639,0.0009502502
45640,0.0009167028
45641,0.0011385194
45642,0.0017968479
45643,0.0026248333
45644,0.0024002662
45645,0.001993974
45646,0.0015192268
45647,0.0009039464
45648,0.0011863157
45649,0.0014218539
45650,0.0016485673
45651,0.0018016844
45652,0.0017723528
45653,0.0021539633
45654,0.0021794443
45655,0.0023053905
45656,0.0023257767
45657,0.0014502875
45658,0.0018648525
45659,0.0039372183
45660,0.0036721728
45661,0.00183813
45662,0.0016443426
45663,0.0015688195
45664,0.001378389
45665,0.0014041817
45666,0.0013285008
45667,0.00093540235
45668,0.0014019
45669,0.0013290046
45670,0.0012171455
45671,0.0011181163
45672,0.0015209883
45673,0.0025689658
45674,0.003994372
45675,0.0046865665
45676,0.005772629
45677,0.005852581
45678,0.004265848
45679,0.0026796993
45680,0.0021380824
45681,0.0020754056
45682,0.0022600528
45683,0.0029498243
45684,0.00236
45685,0.0013179213
45686,0.000918479
45687,0.0009056834
45688,0.00090323784
45689,0.0013406043
45690,0.0009960086
45691,0.0008147393
45692,0.0007203215
45693,0.0011022033
45694,0.001133883
45695,0.00064385944
45696,0.0007633971
45697,0.0015481092
45698,0.002957805
45699,0.003745279
45700,0.0037350075
45701,0.0030426271
45702,0.0026226258
45703,0.0031841092
45704,0.0034520628
45705,0.0025368168
45706,0.0017597625
45707,0.0018060406
45708,0.0014864402
45709,0.0012297534
45710,0.0009021094
45711,0.0006453494
45712,0.0007822269
45713,0.00096251396
45714,0.00079554506
45715,0.00090426835
45716,0.0007632827
45717,0.0010480911
45718,0.0011544109
45719,0.0009636623
45720,0.0012544729
45721,0.0014291019
45722,0.0012412019
45723,0.0005391019
45724,0.0006158108
45725,0.00096505054
45726,0.0010616652
45727,0.001124993
45728,0.0010918567
45729,0.0009438273
45730,0.0011863157
45731,0.0026346277
45732,0.003007598
45733,0.0019217596
45734,0.0019485599
45735,0.0015515833
45736,0.0011287121
45737,0.0007441691
45738,0.00059047766
45739,0.0009563561
45740,0.0009519944
45741,0.0013566815
45742,0.0018000521
45743,0.0019928499
45744,0.001872655
45745,0.0012640642
45746,0.0009107785
45747,0.0009786761
45748,0.0014257173
45749,0.0015986267
45750,0.001489218
45751,0.00094339554
45752,0.00057042163
45753,0.00069957844
45754,0.0010553413
45755,0.0013553507
45756,0.0021463698
45757,0.0023060595
45758,0.002811305
45759,0.003144449
45760,0.0024452657
45761,0.002088741
45762,0.0012530802
45763,0.0013024384
45764,0.0011109876
45765,0.0012624054
45766,0.0012902477
45767,0.0013185174
45768,0.0011860948
45769,0.0018330881
45770,0.002085757
45771,0.001904707
45772,0.0018100808
45773,0.0014702182
45774,0.0010974666
45775,0.00078274764
45776,0.0010543757
45777,0.0013686632
45778,0.0017263687
45779,0.0019486196
45780,0.0015035908
45781,0.0012470034
45782,0.0006772565
45783,0.0017926642
45784,0.0022800788
45785,0.002630117
45786,0.0026919981
45787,0.0024030413
45788,0.0015775146
45789,0.001642554
45790,0.0019626385
45791,0.001971442
45792,0.0012373269
45793,0.0010382145
45794,0.0014074733
45795,0.0018899968
45796,0.0023271404
45797,0.0025317636
45798,0.0030021644
45799,0.0029480183
45800,0.0028177886
45801,0.002301423
45802,0.0017592828
45803,0.0014601274
45804,0.0009776348
45805,0.0011676713
45806,0.0012770522
45807,0.0019072724
45808,0.0020846126
45809,0.0018041381
45810,0.0023720178
45811,0.0017894631
45812,0.00091984053
45813,0.0006434977
45814,0.0009628163
45815,0.00087638467
45816,0.00077335874
45817,0.0012551919
45818,0.0010707007
45819,0.0009629674
45820,0.00066612085
45821,0.0008492308
45822,0.00092542387
45823,0.00088026153
45824,0.0006747163
45825,0.00036181352
45826,0.0008178768
45827,0.0015608593
45828,0.0015093094
45829,0.0008944306
45830,0.0009678211
45831,0.0009971475
45832,0.0008617164
45833,0.001191896
45834,0.0014620397
45835,0.0016882869
45836,0.0010409581
45837,0.00089195423
45838,0.0011570298
45839,0.0010747702
45840,0.0011568035
45841,0.0015466986
45842,0.0021001354
45843,0.0015225182
45844,0.0012604675
45845,0.0013210314
45846,0.0016528516
45847,0.0024221735
45848,0.0025077856
45849,0.0025269426
45850,0.0019474991
45851,0.00093365833
45852,0.0012511741
45853,0.0012385495
45854,0.0011109876
45855,0.0008819131
45856,0.0008853057
45857,0.0012352081
45858,0.0019425763
45859,0.0022488732
45860,0.0023615656
45861,0.0022351393
45862,0.0027533553
45863,0.004039395
45864,0.0048239254
45865,0.0036258732
45866,0.0017054726
45867,0.0013659387
45868,0.0014468519
45869,0.0013194442
45870,0.0015156211
45871,0.0011555699
45872,0.0005272016
45873,0.0012941441
45874,0.0012545193
45875,0.0011089161
45876,0.0012610906
45877,0.0017106185
45878,0.0019928499
45879,0.0017454481
45880,0.0020894655
45881,0.0019497246
45882,0.0017065986
45883,0.0027845409
45884,0.002448477
45885,0.0016294786
45886,0.0015883623
45887,0.0016550863
45888,0.0016076313
45889,0.0017178172
45890,0.0017952437
45891,0.0015094251
45892,0.0014560755
45893,0.0019597001
45894,0.0018219723
45895,0.0016208648
45896,0.0011396691
45897,0.0018337072
45898,0.002334283
45899,0.0021001908
45900,0.0017604074
45901,0.0014372045
45902,0.0012203931
45903,0.0008034444
45904,0.0006801296
45905,0.00067781494
45906,0.0006766116
45907,0.00071162253
45908,0.0008234446
45909,0.0010160566
45910,0.0010762315
45911,0.0011363189
45912,0.0013134086
45913,0.0012291141
45914,0.0011386472
45915,0.0010702113
45916,0.0009005918
45917,0.0005583028
45918,0.0011258206
45919,0.0017262675
45920,0.0031987731
45921,0.0040000807
45922,0.00361548
45923,0.0023710115
45924,0.0012084586
45925,0.0004963213
45926,0.000992144
45927,0.0017206103
45928,0.0021480776
45929,0.0022481226
45930,0.0017345592
45931,0.0018749537
45932,0.003144079
45933,0.0039036488
45934,0.0046380255
45935,0.004080671
45936,0.0020395757
45937,0.0017488629
45938,0.002021804
45939,0.00271229
45940,0.0029403968
45941,0.0031185937
45942,0.0025283587
45943,0.001797868
45944,0.0012609983
45945,0.0013398008
45946,0.0018677219
45947,0.0017884544
45948,0.0016376207
45949,0.0012129297
45950,0.0010175736
45951,0.0010351264
45952,0.0027317493
45953,0.0033156544
45954,0.0
45955,0.0013900162
45956,0.0015017316
45957,0.0012747026
45958,0.0010349295
45959,0.0006323659
45960,0.00060170726
45961,0.0009148595
45962,0.0016744392
45963,0.0021301045
45964,0.0018943803
45965,0.0016459877
45966,0.0009680616
45967,0.0011364213
45968,0.0012022532
45969,0.0012880126
45970,0.001245579
45971,0.0008015223
45972,0.0006735939
45973,0.00075249193
45974,0.001210528
45975,0.001391272
45976,0.0014676822
45977,0.0011429841
45978,0.00094558334
45979,0.0013259352
45980,0.0014244306
45981,0.0017871195
45982,0.0019520518
45983,0.0018251163
45984,0.0019675705
45985,0.0016717778
45986,0.0020729501
45987,0.0016333142
45988,0.0011996601
45989,0.001598299
45990,0.0015488423
45991,0.0017675185
45992,0.00335092
45993,0.0031928173
45994,0.0017739449
45995,0.0013850661
45996,0.0010699121
45997,0.0008698848
45998,0.0010159134
45999,0.0011649763
46000,0.0011025202
46001,0.001064239
46002,0.0007712484
46003,0.0006032048
46004,0.00071935117
46005,0.0011320335
46006,0.0022362978
46007,0.0028806597
46008,0.0038492167
46009,0.005450993
46010,0.005889117
46011,0.004597791
46012,0.0030766237
46013,0.001835579
46014,0.0018689369
46015,0.0023027759
46016,0.0030038313
46017,0.0025386745
46018,0.0016686412
46019,0.0013738631
46020,0.0011482936
46021,0.0008239393
46022,0.0012002422
46023,0.00069949526
46024,0.0003650966
46025,0.00047191366
46026,0.00084638153
46027,0.00089286733
46028,0.0005740327
46029,0.000685585
46030,0.00065475143
46031,0.001287312
46032,0.002279951
46033,0.0027976793
46034,0.0021730252
46035,0.0019238786
46036,0.0026374983
46037,0.0027484675
46038,0.0013556299
46039,0.0015925162
46040,0.0018434582
46041,0.0013702571
46042,0.0015438359
46043,0.0014060666
46044,0.0010636919
46045,0.0013587392
46046,0.0012435445
46047,0.0012738347
46048,0.0016698791
46049,0.001572766
46050,0.0019180304
46051,0.0018754969
46052,0.0014652411
46053,0.0015554425
46054,0.0013672165
46055,0.001226388
46056,0.0006074838
46057,0.0008539811
46058,0.0008334568
46059,0.00086147996
46060,0.0009273403
46061,0.0008779441
46062,0.0007944101
46063,0.0011860213
46064,0.0028087054
46065,0.0034390972
46066,0.0020441937
46067,0.0014268191
46068,0.0009833636
46069,0.0009291901
46070,0.00085261685
46071,0.0011239318
46072,0.0015296699
46073,0.0017786637
46074,0.0018736805
46075,0.0019467368
46076,0.0016604234
46077,0.0012452285
46078,0.0007048421
46079,0.00089706236
46080,0.0011546125
46081,0.0013904349
46082,0.0012914877
46083,0.0011003269
46084,0.00084627833
46085,0.0010572976
46086,0.0013331807
46087,0.001634472
46088,0.0016624203
46089,0.0019951267
46090,0.002107274
46091,0.0029437502
46092,0.003762653
46093,0.0027066937
46094,0.0018589438
46095,0.0015615118
46096,0.0013936128
46097,0.001161248
46098,0.00095586904
46099,0.0010299966
46100,0.0009832155
46101,0.00081570324
46102,0.001184941
46103,0.0014024604
46104,0.0011743073
46105,0.00095468084
46106,0.0011505471
46107,0.0009883527
46108,0.0008876367
46109,0.0008467597
46110,0.0011720995
46111,0.0013617347
46112,0.0013282379
46113,0.0008263025
46114,0.00059733825
46115,0.0005052134
46116,0.0014892375
46117,0.002029921
46118,0.002367904
46119,0.0025433819
46120,0.002897513
46121,0.002175127
46122,0.0021195991
46123,0.0019150692
46124,0.0018839507
46125,0.0012038981
46126,0.001529822
46127,0.0027013982
46128,0.002674285
46129,0.0029837468
46130,0.0033000372
46131,0.0033980538
46132,0.0029101316
46133,0.002202227
46134,0.001892136
46135,0.0016107421
46136,0.0014893548
46137,0.0013404306
46138,0.0016143337
46139,0.0013143611
46140,0.0015935575
46141,0.0016966786
46142,0.001327427
46143,0.0011548646
46144,0.0010344795
46145,0.00071125437
46146,0.000489115
46147,0.00096499023
46148,0.00090436486
46149,0.00058567716
46150,0.0005226553
46151,0.0005861739
46152,0.0008159173
46153,0.0009194291
46154,0.00090381765
46155,0.0008774799
46156,0.00090667896
46157,0.0010544586
46158,0.00083860895
46159,0.0009899415
46160,0.0015362198
46161,0.0014244103
46162,0.0009974102
46163,0.00079084845
46164,0.0008456935
46165,0.0009260526
46166,0.0011998784
46167,0.0014290204
46168,0.0018480151
46169,0.0014209735
46170,0.0008485451
46171,0.00073808234
46172,0.0007380429
46173,0.0009027866
46174,0.0014128189
46175,0.0021125572
46176,0.0017358507
46177,0.0020680022
46178,0.0020163408
46179,0.0018412465
46180,0.0026860237
46181,0.002638392
46182,0.0018877934
46183,0.0015270419
46184,0.0008998159
46185,0.00080867985
46186,0.00066821475
46187,0.0007842706
46188,0.0010264585
46189,0.001147051
46190,0.0012247495
46191,0.0013501442
46192,0.0014863227
46193,0.0019463332
46194,0.0023486023
46195,0.0045336066
46196,0.0051833186
46197,0.0049760793
46198,0.0032071692
46199,0.000823692
46200,0.0007733211
46201,0.0009302857
46202,0.0008012317
46203,0.0012001452
46204,0.0011275512
46205,0.00031308417
46206,0.0011272931
46207,0.0010923897
46208,0.0013039347
46209,0.0012780317
46210,0.002093028
46211,0.0022344359
46212,0.0022257313
46213,0.0021107516
46214,0.00158383
46215,0.0022085088
46216,0.0037269574
46217,0.002722283
46218,0.0014635717
46219,0.0014343059
46220,0.001365342
46221,0.0012101672
46222,0.0010926295
46223,0.0014659957
46224,0.0019080961
46225,0.0025579415
46226,0.0029794325
46227,0.0031830855
46228,0.0026924412
46229,0.002091637
46230,0.001232094
46231,0.0011334723
46232,0.0010305332
46233,0.00085690705
46234,0.00069578236
46235,0.0007745996
46236,0.0007517954
46237,0.00075969007
46238,0.00066982437
46239,0.00073638477
46240,0.00081334496
46241,0.00069536397
46242,0.00076293945
46243,0.0009862892
46244,0.0012777129
46245,0.0015071289
46246,0.0010574627
46247,0.0009769498
46248,0.0011892315
46249,0.0008924435
46250,0.00065935805
46251,0.0011457562
46252,0.0018828072
46253,0.0020624218
46254,0.0027100034
46255,0.0031227905
46256,0.0025553461
46257,0.0016730829
46258,0.0011084436
46259,0.0011563001
46260,0.0021735474
46261,0.00251357
46262,0.001956921
46263,0.0017329813
46264,0.0017084393
46265,0.0031424956
46266,0.004374804
46267,0.0041482723
46268,0.003349843
46269,0.0019310659
46270,0.001079229
46271,0.0013150695
46272,0.001528166
46273,0.0020724307
46274,0.0026646692
46275,0.0023074346
46276,0.0021838467
46277,0.0017906012
46278,0.0014468116
46279,0.0016920579
46280,0.0013492601
46281,0.000922936
46282,0.00084051554
46283,0.0010176594
46284,0.0010955821
46285,0.0023380204
46286,0.0030841066
46287,0.0
46288,0.0010359976
46289,0.0014978311
46290,0.0013445496
46291,0.0011660251
46292,0.000537534
46293,0.00025211656
46294,0.00083268824
46295,0.0016041335
46296,0.00170786
46297,0.0018497467
46298,0.0015317233
46299,0.00055778126
46300,0.0006534611
46301,0.00087178976
46302,0.0012318578
46303,0.0011754468
46304,0.0007028987
46305,0.00073753006
46306,0.0013641904
46307,0.003083531
46308,0.0029291213
46309,0.0025176539
46310,0.0021734
46311,0.00218154
46312,0.002394354
46313,0.0022225122
46314,0.0020375054
46315,0.0020288022
46316,0.0017804137
46317,0.0020714193
46318,0.0020199604
46319,0.001826296
46320,0.0013318921
46321,0.0008348524
46322,0.0015346466
46323,0.0021865105
46324,0.0021361622
46325,0.0025482406
46326,0.002777812
46327,0.0025242576
46328,0.0023863667
46329,0.0017517395
46330,0.0016296752
46331,0.0016115007
46332,0.0025674812
46333,0.0032269903
46334,0.0038978665
46335,0.0037882077
46336,0.0032874458
46337,0.0025154103
46338,0.0012670079
46339,0.0019162694
46340,0.003113064
46341,0.0034270422
46342,0.005609878
46343,0.005819603
46344,0.0043284358
46345,0.0034441203
46346,0.0018619475
46347,0.0017626708
46348,0.0019598487
46349,0.0028535058
46350,0.0025725544
46351,0.0018400765
46352,0.001767288
46353,0.0018563746
46354,0.0014627959
46355,0.0013596386
46356,0.00079755456
46357,0.00066239666
46358,0.00073246163
46359,0.00064845366
46360,0.00064795977
46361,0.0009358067
46362,0.00095547317
46363,0.00064961956
46364,0.0010453663
46365,0.0016997462
46366,0.0018851707
46367,0.000981853
46368,0.0009429018
46369,0.0018825908
46370,0.0016282458
46371,0.0006351671
46372,0.0014838731
46373,0.0016123133
46374,0.0011981793
46375,0.0014704952
46376,0.0014190674
46377,0.0014806726
46378,0.001972121
46379,0.0016662499
46380,0.0014730659
46381,0.0017511081
46382,0.0015027196
46383,0.0019431605
46384,0.0018916437
46385,0.001527385
46386,0.0016924364
46387,0.0014180621
46388,0.0011517354
46389,0.0007741862
46390,0.0010048813
46391,0.0008854043
46392,0.0007842706
46393,0.0009512604
46394,0.00095388794
46395,0.001215279
46396,0.0019624457
46397,0.0027105296
46398,0.003023426
46399,0.0020808675
46400,0.0012969971
46401,0.0008230911
46402,0.0009862892
46403,0.001117231
46404,0.00173756
46405,0.0019920464
46406,0.0018568448
46407,0.0016389886
46408,0.0012643866
46409,0.0009234089
46410,0.0008457279
46411,0.0007567729
46412,0.0009925253
46413,0.0013354056
46414,0.0010360819
46415,0.0006978707
46416,0.0010711355
46417,0.0013331589
46418,0.0017387489
46419,0.0017409235
46420,0.0018933661
46421,0.0019399526
46422,0.0019367696
46423,0.0021971464
46424,0.0026035358
46425,0.0034469077
46426,0.002727442
46427,0.0017282389
46428,0.0014394708
46429,0.0010653597
46430,0.0010884663
46431,0.001248776
46432,0.0007580025
46433,0.0007959839
46434,0.0007985028
46435,0.0012600287
46436,0.0014027508
46437,0.0011873456
46438,0.0010559204
46439,0.0011988593
46440,0.0010345358
46441,0.0007632827
46442,0.000860804
46443,0.00088606146
46444,0.00057832623
46445,0.00059558166
46446,0.00046401523
46447,0.00041071378
46448,0.0006923439
46449,0.0009886766
46450,0.0012216326
46451,0.0016269404
46452,0.002453749
46453,0.0030591683
46454,0.0027001482
46455,0.0024668558
46456,0.0020874308
46457,0.0015915473
46458,0.0010403428
46459,0.002688796
46460,0.0037592715
46461,0.0031417268
46462,0.002893402
46463,0.002526908
46464,0.002177975
46465,0.0016814811
46466,0.0011383661
46467,0.0008941377
46468,0.0011401798
46469,0.0015973154
46470,0.0019306138
46471,0.0018037347
46472,0.0008428323
46473,0.00073246163
46474,0.0010209145
46475,0.00080170383
46476,0.00048648982
46477,0.0008743566
46478,0.00088963454
46479,0.0004649551
46480,0.00083787984
46481,0.00071166345
46482,0.00040291584
46483,0.00047712697
46484,0.00058637245
46485,0.00058368605
46486,0.0005024407
46487,0.00070074236
46488,0.0009089872
46489,0.0011453243
46490,0.0013014772
46491,0.0011446889
46492,0.0009833339
46493,0.0013367562
46494,0.0013574106
46495,0.0010420759
46496,0.00095486373
46497,0.0011498639
46498,0.0014197235
46499,0.001529099
46500,0.0015424213
46501,0.0021703448
46502,0.0019627423
46503,0.00072615646
46504,0.00062276615
46505,0.0006535947
46506,0.0006480945
46507,0.0011302066
46508,0.001764981
46509,0.0015150832
46510,0.0020368483
46511,0.0016589329
46512,0.0016814811
46513,0.0024050267
46514,0.0020073717
46515,0.0011338574
46516,0.0010051709
46517,0.0005306681
46518,0.00046551813
46519,0.00077158795
46520,0.0011884236
46521,0.0016326192
46522,0.0012927491
46523,0.0009309425
46524,0.0007985757
46525,0.0009909113
46526,0.0015759455
46527,0.003965854
46528,0.005374555
46529,0.0051855193
46530,0.0034795643
46531,0.0014285316
46532,0.00037817485
46533,0.00054968713
46534,0.00051451765
46535,0.0005526442
46536,0.00095690374
46537,0.0009279364
46538,0.0010884395
46539,0.0013460856
46540,0.0013331589
46541,0.0015826719
46542,0.0019517983
46543,0.0025527936
46544,0.0024493209
46545,0.0021842464
46546,0.0016445903
46547,0.0011712301
46548,0.0026098774
46549,0.0041799615
46550,0.0029489757
46551,0.0012174324
46552,0.00096896314
46553,0.001236574
46554,0.0017485301
46555,0.0026008403
46556,0.0030927197
46557,0.0031041792
46558,0.0029205638
46559,0.002572679
46560,0.0027169322
46561,0.0026495098
46562,0.002518671
46563,0.0018051057
46564,0.0014379739
46565,0.0014258194
46566,0.0015378293
46567,0.0012646627
46568,0.0010169728
46569,0.0002476911
46570,0.00062183075
46571,0.00083492213
46572,0.00074939145
46573,0.0007026502
46574,0.0006728157
46575,0.0007859017
46576,0.00093322183
46577,0.0010321699
46578,0.0012298006
46579,0.001000062
46580,0.00086320116
46581,0.00088504265
46582,0.0007541532
46583,0.0006766116
46584,0.0010811959
46585,0.0023216687
46586,0.0026411815
46587,0.0019456751
46588,0.0023471892
46589,0.0023052136
46590,0.0015529145
46591,0.0013049165
46592,0.0012352081
46593,0.0031346043
46594,0.0034542289
46595,0.0019093922
46596,0.0016427842
46597,0.001990468
46598,0.0028537302
46599,0.0042205174
46600,0.0038443594
46601,0.002731174
46602,0.0018516023
46603,0.0009047188
46604,0.00069502904
46605,0.00095599086
46606,0.0015451361
46607,0.001619841
46608,0.0015322362
46609,0.0019626534
46610,0.0019584375
46611,0.0016319595
46612,0.0018783656
46613,0.001464943
46614,0.0006651152
46615,0.0009068395
46616,0.0010502271
46617,0.0011740347
46618,0.0021995294
46619,0.003413214
46620,0.0
46621,0.0007963495
46622,0.0010940137
46623,0.0011356784
46624,0.001184548
46625,0.0007426031
46626,0.0005379129
46627,0.0011817684
46628,0.0014672657
46629,0.0014021283
46630,0.0017249857
46631,0.0013858014
46632,0.00077264337
46633,0.0007197152
46634,0.0010736051
46635,0.0011623001
46636,0.0011572562
46637,0.00082188804
46638,0.0013925056
46639,0.003014644
46640,0.004115088
46641,0.0044683246
46642,0.0047360663
46643,0.005276712
46644,0.0051345313
46645,0.0049610836
46646,0.0042145136
46647,0.0033070587
46648,0.002160318
46649,0.0021058372
46650,0.002398289
46651,0.0024954302
46652,0.0019316084
46653,0.0015213327
46654,0.000798685
46655,0.0012502201
46656,0.0021343904
46657,0.0022480579
46658,0.0021460038
46659,0.00266244
46660,0.002980829
46661,0.0030962655
46662,0.0029226756
46663,0.003992507
46664,0.004434976
46665,0.004789419
46666,0.0044214367
46667,0.004247627
46668,0.004352073
46669,0.0043327305
46670,0.004613387
46671,0.00430667
46672,0.004138706
46673,0.003791479
46674,0.003676442
46675,0.0053636217
46676,0.005617152
46677,0.0039756685
46678,0.0034120714
46679,0.00216367
46680,0.0015476015
46681,0.0015691719
46682,0.0018424474
46683,0.0017802502
46684,0.0017534002
46685,0.00250695
46686,0.002819544
46687,0.0025900642
46688,0.0016385091
46689,0.0010818685
46690,0.00090885913
46691,0.0009153048
46692,0.00059523946
46693,0.0006349838
46694,0.0011336263
46695,0.0011472539
46696,0.0006592256
46697,0.0014662935
46698,0.001911464
46699,0.0015491992
46700,0.0009538574
46701,0.001308658
46702,0.0018220202
46703,0.001525192
46704,0.00089387724
46705,0.0013046488
46706,0.0014154327
46707,0.00087038655
46708,0.0009153366
46709,0.0007891907
46710,0.0010239603
46711,0.0017416422
46712,0.0014017338
46713,0.0010217408
46714,0.0013581393
46715,0.00067264267
46716,0.0011936284
46717,0.0013185616
46718,0.0012776218
46719,0.0018111739
46720,0.0014586117
46721,0.0014379537
46722,0.0009538269
46723,0.0011158495
46724,0.0010176881
46725,0.00078211527
46726,0.0009878519
46727,0.0013989073
46728,0.0017852294
46729,0.0021397697
46730,0.0021707336
46731,0.0020924578
46732,0.0018544138
46733,0.0013221985
46734,0.00077053107
46735,0.001176511
46736,0.0014157204
46737,0.0016321734
46738,0.0017062745
46739,0.0012454621
46740,0.0009706737
46741,0.0008274992
46742,0.0010952367
46743,0.0010655508
46744,0.001096883
46745,0.0008773472
46746,0.0011540578
46747,0.0009975561
46748,0.0011645015
46749,0.0017919822
46750,0.0018706336
46751,0.0019550165
46752,0.0019202142
46753,0.0019018169
46754,0.0020279842
46755,0.0018739135
46756,0.0021571768
46757,0.0022257834
46758,0.002782
46759,0.0026998464
46760,0.00209307
46761,0.001515333
46762,0.0009854627
46763,0.001005692
46764,0.0013572176
46765,0.0010076001
46766,0.0011974748
46767,0.000811769
46768,0.0009796867
46769,0.001250895
46770,0.000860804
46771,0.0005250443
46772,0.0005678648
46773,0.00062047195
46774,0.0005937708
46775,0.0011290731
46776,0.0011997572
46777,0.0010330155
46778,0.0007977735
46779,0.0010438339
46780,0.0012772117
46781,0.0015529895
46782,0.0014974618
46783,0.0012429125
46784,0.0010834546
46785,0.0014273494
46786,0.00155649
46787,0.0016219956
46788,0.0014794535
46789,0.0015027971
46790,0.0008097588
46791,0.00089566625
46792,0.0032029739
46793,0.0041187075
46794,0.002728082
46795,0.0020308383
46796,0.0018002946
46797,0.001437731
46798,0.001513488
46799,0.0015501007
46800,0.0012064097
46801,0.0014861465
46802,0.001723399
46803,0.0019878051
46804,0.0016958378
46805,0.0008900924
46806,0.00081123103
46807,0.000993844
46808,0.0011037074
46809,0.0007793941
46810,0.0007110907
46811,0.00079294335
46812,0.00036068563
46813,0.00069015456
46814,0.000882375
46815,0.00067056256
46816,0.0006698678
46817,0.00045045745
46818,0.0006949453
46819,0.00085319695
46820,0.00096078886
46821,0.00084086176
46822,0.0010358009
46823,0.0010605956
46824,0.0013571747
46825,0.0012390428
46826,0.0014389248
46827,0.0014708119
46828,0.0012812386
46829,0.0012442698
46830,0.001325013
46831,0.0014969953
46832,0.001560449
46833,0.0017564682
46834,0.002603301
46835,0.0028276558
46836,0.0020612925
46837,0.0014247575
46838,0.0007837509
46839,0.00055778126
46840,0.0009446904
46841,0.0011627007
46842,0.0012960319
46843,0.0015552929
46844,0.0012408736
46845,0.0010676519
46846,0.0019912282
46847,0.0017845283
46848,0.0009062295
46849,0.0009376709
46850,0.0007160665
46851,0.0007481476
46852,0.000861142
46853,0.0012301792
46854,0.0014888662
46855,0.0009672195
46856,0.0007886742
46857,0.00082746404
46858,0.0011806596
46859,0.0017331493
46860,0.004420673
46861,0.004876944
46862,0.0033898817
46863,0.0010311826
46864,0.0010206578
46865,0.0005902312
46866,0.00042382642
46867,0.000421278
46868,0.0007175688
46869,0.00083791453
46870,0.0009646886
46871,0.0016543476
46872,0.0016024997
46873,0.0017794162
46874,0.0020982083
46875,0.0022049875
46876,0.002556849
46877,0.002370361
46878,0.0016021729
46879,0.0009912635
46880,0.0011894518
46881,0.002644309
46882,0.0038072283
46883,0.002700978
46884,0.0010269687
46885,0.0009850195
46886,0.0019249675
46887,0.0027493674
46888,0.003159251
46889,0.0034026501
46890,0.003125995
46891,0.0027901374
46892,0.0023058702
46893,0.0018301326
46894,0.0020724165
46895,0.0022301464
46896,0.0019638394
46897,0.0016807714
46898,0.001620811
46899,0.0017009786
46900,0.0015397207
46901,0.0013107024
46902,0.0004361452
46903,0.000831464
46904,0.000796386
46905,0.00061035156
46906,0.00068634877
46907,0.0006455297
46908,0.0007514082
46909,0.0008979379
46910,0.0010278468
46911,0.0010568295
46912,0.0011125059
46913,0.0008835616
46914,0.0007606855
46915,0.0006622648
46916,0.0006262613
46917,0.0009231252
46918,0.0023635367
46919,0.0032959515
46920,0.0025697812
46921,0.0021264534
46922,0.0019742008
46923,0.0012695092
46924,0.0012760034
46925,0.0015170414
46926,0.003672585
46927,0.0038407391
46928,0.0017321078
46929,0.0014945047
46930,0.00186998
46931,0.0022475657
46932,0.0040118573
46933,0.0040470827
46934,0.0022212153
46935,0.0014722755
46936,0.0012876058
46937,0.0014885925
46938,0.001849007
46939,0.0020277833
46940,0.0017234666
46941,0.001451431
46942,0.0017331493
46943,0.0017214727
46944,0.0015803715
46945,0.0018083113
46946,0.0014260031
46947,0.0008178768
46948,0.00076522486
46949,0.0010269687
46950,0.0011848919
46951,0.0017505097
46952,0.002709026
46953,0.0
46954,0.0011173352
46955,0.0015616982
46956,0.0017471147
46957,0.0015837932
46958,0.0010844212
46959,0.00085809495
46960,0.0012951108
46961,0.0014553157
46962,0.0013017902
46963,0.0015354619
46964,0.001271319
46965,0.0008420723
46966,0.0007458879
46967,0.0010249546
46968,0.0012577862
46969,0.0015047131
46970,0.001510254
46971,0.0018405351
46972,0.0031185471
46973,0.0039962884
46974,0.004013591
46975,0.0043387986
46976,0.0052265865
46977,0.0051014586
46978,0.0046947314
46979,0.0045789527
46980,0.0045627416
46981,0.0046898006
46982,0.004967755
46983,0.0047404026
46984,0.0039208555
46985,0.0028625892
46986,0.0020843053
46987,0.0015575368
46988,0.0011214431
46989,0.0017344754
46990,0.0020159078
46991,0.0025129793
46992,0.0029098315
46993,0.00372065
46994,0.0041225282
46995,0.005230839
46996,0.0057137236
46997,0.0060723796
46998,0.0054125865
46999,0.004659231
47000,0.0036996822
47001,0.0033448087
47002,0.0035861644
47003,0.004017418
47004,0.0041917744
47005,0.0038624483
47006,0.0035590942
47007,0.003972864
47008,0.004668473
47009,0.004800745
47010,0.0038748388
47011,0.0034332022
47012,0.002310674
47013,0.0014337376
47014,0.001434245
47015,0.0012889839
47016,0.001124993
47017,0.0012268152
47018,0.0018182945
47019,0.002335841
47020,0.002312361
47021,0.001761713
47022,0.0011902589
47023,0.0012198684
47024,0.0011509265
47025,0.0009823864
47026,0.0010116934
47027,0.0012886678
47028,0.0011053147
47029,0.00057509646
47030,0.0014397337
47031,0.0017882754
47032,0.0013876483
47033,0.001111747
47034,0.0013064544
47035,0.0017104483
47036,0.0016604585
47037,0.0014270027
47038,0.0014238585
47039,0.0013127659
47040,0.0009645377
47041,0.0007843077
47042,0.0007117861
47043,0.0007422503
47044,0.0013650861
47045,0.0012128818
47046,0.00073677994
47047,0.0013060534
47048,0.0009076094
47049,0.0009729198
47050,0.0007545776
47051,0.0009929651
47052,0.0012153268
47053,0.0010354075
47054,0.0014704557
47055,0.0014608249
47056,0.0013750701
47057,0.0013020138
47058,0.0009862597
47059,0.0010829979
47060,0.0013838047
47061,0.001528585
47062,0.0015959665
47063,0.0014799649
47064,0.0014085895
47065,0.0016434927
47066,0.0014581528
47067,0.0011414299
47068,0.0015055446
47069,0.0015502322
47070,0.0011809061
47071,0.0010249262
47072,0.000584035
47073,0.0007906276
47074,0.0012189853
47075,0.0014974035
47076,0.001231007
47077,0.001299015
47078,0.00095769414
47079,0.0009989263
47080,0.0012930867
47081,0.0017555899
47082,0.0019775443
47083,0.0019820428
47084,0.001861838
47085,0.0020496962
47086,0.0018331198
47087,0.0019693743
47088,0.0019085231
47089,0.0019501575
47090,0.0017882916
47091,0.0015251349
47092,0.0019302067
47093,0.002233498
47094,0.0018213332
47095,0.0015182687
47096,0.0010962726
47097,0.001189207
47098,0.0010062128
47099,0.0012603289
47100,0.0010984474
47101,0.0013692797
47102,0.0012608599
47103,0.0007982841
47104,0.00048822165
47105,0.0005468206
47106,0.0006061409
47107,0.0006796159
47108,0.0010956883
47109,0.0011901367
47110,0.0011193651
47111,0.0012172412
47112,0.001435462
47113,0.0015970056
47114,0.0014412489
47115,0.0013159987
47116,0.0011719505
47117,0.0013525347
47118,0.0013648089
47119,0.0014165426
47120,0.0007670862
47121,0.0006380473
47122,0.0007036023
47123,0.0006502912
47124,0.0012412488
47125,0.002983864
47126,0.003915225
47127,0.0027629365
47128,0.0015774961
47129,0.001184941
47130,0.0011760656
47131,0.0014475557
47132,0.0014142601
47133,0.0015924796
47134,0.0020141313
47135,0.0018783656
47136,0.0018151707
47137,0.0014559955
47138,0.0009503421
47139,0.001312655
47140,0.0013641904
47141,0.0016465534
47142,0.0013348825
47143,0.00073946116
47144,0.000868445
47145,0.0009558995
47146,0.000996184
47147,0.000992144
47148,0.0008034444
47149,0.0009649601
47150,0.001183909
47151,0.0011568035
47152,0.0011070775
47153,0.0008358976
47154,0.00076404493
47155,0.00079992303
47156,0.0010120098
47157,0.0013619057
47158,0.0015375643
47159,0.0015936854
47160,0.001596313
47161,0.0018593352
47162,0.0013735453
47163,0.0013829211
47164,0.0013458477
47165,0.0014253294
47166,0.0017089333
47167,0.0025576572
47168,0.0030899236
47169,0.0033784695
47170,0.003099272
47171,0.0026059716
47172,0.0015512832
47173,0.0012520113
47174,0.0011836386
47175,0.0013737995
47176,0.0011663246
47177,0.0009829195
47178,0.0012672376
47179,0.0016949967
47180,0.0012165476
47181,0.0007987943
47182,0.0009147323
47183,0.0010127572
47184,0.00100682
47185,0.0007275179
47186,0.00096794136
47187,0.0013967836
47188,0.0010441684
47189,0.0009876752
47190,0.0013417109
47191,0.0017392176
47192,0.001971929
47193,0.0039552287
47194,0.0038643843
47195,0.0012388079
47196,0.0008437641
47197,0.0011462641
47198,0.000851968
47199,0.0006426831
47200,0.000540396
47201,0.0007602262
47202,0.0010873158
47203,0.0015473006
47204,0.0018333421
47205,0.0016914043
47206,0.0019541977
47207,0.002709241
47208,0.003159647
47209,0.0030110022
47210,0.0020759525
47211,0.0016823637
47212,0.0019165276
47213,0.0018611032
47214,0.0022758115
47215,0.0032079676
47216,0.0025661432
47217,0.0010245853
47218,0.00082011556
47219,0.0017979814
47220,0.0024164112
47221,0.0024569256
47222,0.0028452731
47223,0.0025407602
47224,0.0024057042
47225,0.0015667032
47226,0.0012303449
47227,0.0013682379
47228,0.0015423459
47229,0.0014925755
47230,0.0013433152
47231,0.0015693759
47232,0.0013602378
47233,0.0018981099
47234,0.0023674122
47235,0.0014582725
47236,0.0014114174
47237,0.0012427954
47238,0.00058028556
47239,0.0007494691
47240,0.00086286396
47241,0.0010091298
47242,0.00089055
47243,0.00073934306
47244,0.00054055755
47245,0.0007468238
47246,0.0008843518
47247,0.00093940744
47248,0.0008321638
47249,0.0007704555
47250,0.0012645246
47251,0.002310485
47252,0.0037711211
47253,0.0033911178
47254,0.0021085995
47255,0.0018970056
47256,0.0015049645
47257,0.0017926155
47258,0.0020557079
47259,0.0032955452
47260,0.0033474267
47261,0.0018184386
47262,0.0014706338
47263,0.001932196
47264,0.0023681622
47265,0.0038228063
47266,0.0039232746
47267,0.0017280031
47268,0.0011729186
47269,0.0018517595
47270,0.0020720232
47271,0.0019413923
47272,0.0020690996
47273,0.0018239839
47274,0.0017451146
47275,0.0016020639
47276,0.0015411566
47277,0.0013998431
47278,0.0014076388
47279,0.0011677959
47280,0.00072262087
47281,0.00042881
47282,0.0009575422
47283,0.0013058751
47284,0.0011796484
47285,0.0017346934
47286,0.0
47287,0.001882096
47288,0.0017425109
47289,0.0017399704
47290,0.001260375
47291,0.00083443394
47292,0.0008199026
47293,0.0011863647
47294,0.0015767026
47295,0.0015461717
47296,0.0015473006
47297,0.0014498058
47298,0.0010555343
47299,0.001119833
47300,0.0014503477
47301,0.001526756
47302,0.0017273125
47303,0.0017703155
47304,0.0016950654
47305,0.0027632103
47306,0.003922095
47307,0.0033875972
47308,0.0043160664
47309,0.0049176584
47310,0.0052053947
47311,0.0048794854
47312,0.0048481124
47313,0.0047310675
47314,0.004774032
47315,0.00492404
47316,0.0047064214
47317,0.0043309433
47318,0.0042939126
47319,0.0041978937
47320,0.0033840127
47321,0.00211986
47322,0.0015698951
47323,0.0016414195
47324,0.0019914766
47325,0.0027310888
47326,0.003590674
47327,0.0041159578
47328,0.004849373
47329,0.0043252343
47330,0.0041094115
47331,0.0034045056
47332,0.003758714
47333,0.0036439046
47334,0.0032240038
47335,0.0027168787
47336,0.0021357671
47337,0.0018837653
47338,0.0019309152
47339,0.002934472
47340,0.0038319086
47341,0.004147318
47342,0.004318055
47343,0.0038641433
47344,0.0029483044
47345,0.0022083507
47346,0.0014045754
47347,0.0014829313
47348,0.0010543205
47349,0.00041212857
47350,0.00036052422
47351,0.00067294546
47352,0.0011173091
47353,0.0012596821
47354,0.001305563
47355,0.0011055516
47356,0.00088201213
47357,0.0007498185
47358,0.00075804093
47359,0.0012237986
47360,0.0013624612
47361,0.0010796874
47362,0.00065154315
47363,0.0013705331
47364,0.0016903543
47365,0.0014835985
47366,0.0011502436
47367,0.0013762548
47368,0.0017277673
47369,0.0018601647
47370,0.0013159987
47371,0.0009965053
47372,0.0009104908
47373,0.0008412078
47374,0.00065555103
47375,0.0006542178
47376,0.00088602863
47377,0.0013562094
47378,0.0011268283
47379,0.00070603855
47380,0.0011857759
47381,0.0008319189
47382,0.0008116614
47383,0.00071354216
47384,0.001035548
47385,0.0013008509
47386,0.0009972643
47387,0.001126079
47388,0.0014033939
47389,0.0014103653
47390,0.0014180415
47391,0.0014622188
47392,0.0015940871
47393,0.0013771427
47394,0.0010370085
47395,0.0011452481
47396,0.0014322347
47397,0.0017481971
47398,0.0017132876
47399,0.0014676028
47400,0.001095529
47401,0.0012666404
47402,0.001215303
47403,0.00078793586
47404,0.00084169203
47405,0.0005177319
47406,0.00065064913
47407,0.001255725
47408,0.0014656581
47409,0.0012015994
47410,0.0011027841
47411,0.00095909106
47412,0.0010405947
47413,0.00139123
47414,0.0016138108
47415,0.0015911815
47416,0.0016940004
47417,0.0015362956
47418,0.0017372753
47419,0.0018642126
47420,0.0018678777
47421,0.0020288022
47422,0.0017008588
47423,0.0012798978
47424,0.0008436606
47425,0.0017066497
47426,0.002438269
47427,0.0022831657
47428,0.002098028
47429,0.0013522765
47430,0.001536163
47431,0.0012203455
47432,0.0010540996
47433,0.0011747286
47434,0.0014131896
47435,0.001022965
47436,0.00066572754
47437,0.00063827535
47438,0.00071068126
47439,0.00047197533
47440,0.000685033
47441,0.00073214364
47442,0.0009740559
47443,0.00076453993
47444,0.0010701297
47445,0.0009108423
47446,0.00095830177
47447,0.00088730874
47448,0.0010865394
47449,0.0011379312
47450,0.0014395921
47451,0.0016315314
47452,0.0016399472
47453,0.0014328645
47454,0.0011743073
47455,0.0012477967
47456,0.0012215135
47457,0.0016120606
47458,0.0030779194
47459,0.0040592393
47460,0.002901859
47461,0.0014805744
47462,0.0009424696
47463,0.0006021908
47464,0.00074424734
47465,0.001019688
47466,0.0018726239
47467,0.0027553947
47468,0.0021587817
47469,0.0015266608
47470,0.0018777767
47471,0.0020896883
47472,0.002052534
47473,0.0018845223
47474,0.0020988185
47475,0.0021233717
47476,0.0013378878
47477,0.0007670862
47478,0.0009183839
47479,0.0009025932
47480,0.0011794758
47481,0.0011963076
47482,0.0010664245
47483,0.0011963806
47484,0.0009795679
47485,0.00077872165
47486,0.00072007906
47487,0.0008382618
47488,0.0009773073
47489,0.0015331856
47490,0.0018396177
47491,0.0020070528
47492,0.0017688188
47493,0.0016585469
47494,0.0017851316
47495,0.0011951149
47496,0.0013491738
47497,0.0013140511
47498,0.0012945938
47499,0.0012593355
47500,0.0016190682
47501,0.0021098137
47502,0.0027970967
47503,0.0030647668
47504,0.0030346678
47505,0.0022560959
47506,0.0015570882
47507,0.0011324191
47508,0.0011465942
47509,0.0009279677
47510,0.00081794796
47511,0.0013235186
47512,0.0014257173
47513,0.0009556559
47514,0.00090178667
47515,0.0011713295
47516,0.0016485143
47517,0.0019695368
47518,0.0018809978
47519,0.0018200224
47520,0.0017864354
47521,0.0014714252
47522,0.0017881778
47523,0.0019297543
47524,0.002045247
47525,0.002026922
47526,0.0029062487
47527,0.0030255911
47528,0.0015238557
47529,0.0009106826
47530,0.0011887664
47531,0.0010847969
47532,0.0007788711
47533,0.00061642483
47534,0.0007965322
47535,0.0014277572
47536,0.0018148179
47537,0.001774601
47538,0.001680425
47539,0.002065383
47540,0.0029596349
47541,0.0036656125
47542,0.003542743
47543,0.0024378393
47544,0.0020658197
47545,0.0020775362
47546,0.0017759454
47547,0.0015655882
47548,0.0030464507
47549,0.0029437898
47550,0.0011864874
47551,0.0010510858
47552,0.0020351473
47553,0.0024346376
47554,0.0023044434
47555,0.0021703448
47556,0.001970807
47557,0.0026758409
47558,0.002488914
47559,0.0015182687
47560,0.0014941931
47561,0.0016565628
47562,0.0014441136
47563,0.0012997094
47564,0.0015203375
47565,0.0012832134
47566,0.0020091399
47567,0.0027904296
47568,0.0020835092
47569,0.0017727469
47570,0.0018192547
47571,0.0012361268
47572,0.0011027049
47573,0.0010952102
47574,0.00080406
47575,0.00075202767
47576,0.0007213309
47577,0.0007963495
47578,0.00082595024
47579,0.00080003217
47580,0.00068350177
47581,0.0010711355
47582,0.0014157204
47583,0.00178891
47584,0.0021032097
47585,0.004105373
47586,0.0042170747
47587,0.0021338721
47588,0.0019742008
47589,0.0018037347
47590,0.0018757452
47591,0.0018689525
47592,0.0022195375
47593,0.0024308693
47594,0.001960962
47595,0.0016362339
47596,0.0023883295
47597,0.00279117
47598,0.0036469065
47599,0.0035759811
47600,0.0012917131
47601,0.000896121
47602,0.0019754535
47603,0.00196295
47604,0.001444577
47605,0.0015801322
47606,0.001586859
47607,0.0013825423
47608,0.0013201057
47609,0.0012477967
47610,0.0011409707
47611,0.0009910874
47612,0.001136703
47613,0.0012304868
47614,0.0008147036
47615,0.0008821441
47616,0.0014372045
47617,0.0016302465
47618,0.0010315494
47619,0.0
47620,0.0022950787
47621,0.0016251506
47622,0.0013925264
47623,0.0011147273
47624,0.0007884528
47625,0.00068397
47626,0.0009967389
47627,0.001465102
47628,0.0013042248
47629,0.0017672714
47630,0.001827443
47631,0.0015123723
47632,0.0012985669
47633,0.0011462388
47634,0.0010201159
47635,0.0012485429
47636,0.0015504574
47637,0.0016143337
47638,0.0026329372
47639,0.004622324
47640,0.0053694085
47641,0.0054001566
47642,0.005257212
47643,0.004715855
47644,0.0045415666
47645,0.0047757756
47646,0.0049251155
47647,0.0051859794
47648,0.00525781
47649,0.0049809194
47650,0.0048880726
47651,0.004868038
47652,0.0048915306
47653,0.0041991207
47654,0.0030026394
47655,0.0021755148
47656,0.0021217538
47657,0.0015659228
47658,0.0017291649
47659,0.0017824721
47660,0.0019130469
47661,0.001560822
47662,0.0016671929
47663,0.0014304861
47664,0.0018397443
47665,0.0020244652
47666,0.002485895
47667,0.002743815
47668,0.0028799726
47669,0.0022375989
47670,0.0020551556
47671,0.00247223
47672,0.0031310276
47673,0.0036835126
47674,0.0033968717
47675,0.004039813
47676,0.004019786
47677,0.0026406413
47678,0.0016265289
47679,0.0010978908
47680,0.0015504949
47681,0.0013540618
47682,0.0006317673
47683,0.0006977456
47684,0.00078271044
47685,0.0007496244
47686,0.0008510794
47687,0.0012128098
47688,0.0012292089
47689,0.00083132397
47690,0.00066930277
47691,0.0007047595
47692,0.0013232327
47693,0.0016690423
47694,0.0012743829
47695,0.00079323695
47696,0.0009971475
47697,0.001079283
47698,0.0012601903
47699,0.00085306045
47700,0.001196794
47701,0.001722301
47702,0.0019506051
47703,0.0011435951
47704,0.00053579867
47705,0.00031037666
47706,0.0008045666
47707,0.0007352377
47708,0.00044948724
47709,0.0010066176
47710,0.0011758181
47711,0.00081905024
47712,0.0007042638
47713,0.001090363
47714,0.0007119905
47715,0.00066397653
47716,0.0006237468
47717,0.0011302582
47718,0.001397596
47719,0.0009274344
47720,0.00082936115
47721,0.0013142283
47722,0.0009296598
47723,0.00092063117
47724,0.0011349862
47725,0.0011857759
47726,0.00084669096
47727,0.0007486532
47728,0.0010803072
47729,0.0016369808
47730,0.0019699947
47731,0.0017382299
47732,0.001300202
47733,0.0007773376
47734,0.00087289076
47735,0.0011551165
47736,0.0009386636
47737,0.0008532993
47738,0.00026141116
47739,0.0008334568
47740,0.0012653529
47741,0.0010918301
47742,0.00054114946
47743,0.00058143795
47744,0.0010016613
47745,0.0014100764
47746,0.0014230201
47747,0.0011439513
47748,0.0011228696
47749,0.0014430652
47750,0.0013562738
47751,0.0014535148
47752,0.0016197152
47753,0.0015706735
47754,0.0017291817
47755,0.0011616489
47756,0.0008122708
47757,0.0006310298
47758,0.0013655551
47759,0.0018621975
47760,0.0021829137
47761,0.0020981112
47762,0.0016194816
47763,0.0015595908
47764,0.0013159103
47765,0.0009900297
47766,0.0012364798
47767,0.0013156891
47768,0.0009774561
47769,0.0012763455
47770,0.0013317829
47771,0.0012436615
47772,0.00053672126
47773,0.00065643835
47774,0.00086259405
47775,0.0009573294
47776,0.0007119905
47777,0.00071419444
47778,0.0005406114
47779,0.00077527564
47780,0.0009723812
47781,0.00079839345
47782,0.0007046769
47783,0.00089286733
47784,0.0012493585
47785,0.0011040765
47786,0.0013883822
47787,0.0013941975
47788,0.0016311924
47789,0.0015415342
47790,0.0025414359
47791,0.0035134004
47792,0.0037289949
47793,0.0027102397
47794,0.0010947849
47795,0.0010823527
47796,0.0009473054
47797,0.0006103039
47798,0.0010963522
47799,0.0019698027
47800,0.0027059303
47801,0.0024154596
47802,0.0023938434
47803,0.0026411153
47804,0.0025252143
47805,0.0019837746
47806,0.0016223904
47807,0.0017640243
47808,0.0019900878
47809,0.0016523761
47810,0.000811518
47811,0.0006434072
47812,0.00033681854
47813,0.00089865073
47814,0.0010218548
47815,0.00071631034
47816,0.000777899
47817,0.00074428646
47818,0.00079003844
47819,0.0009714529
47820,0.0011210538
47821,0.0013207229
47822,0.0017333004
47823,0.002259074
47824,0.0022089172
47825,0.0021227
47826,0.0015249631
47827,0.0012462097
47828,0.0010081488
47829,0.0012422098
47830,0.0011038919
47831,0.0007353565
47832,0.00082813203
47833,0.00093810534
47834,0.001110647
47835,0.0011786366
47836,0.0019759836
47837,0.002746921
47838,0.0029372773
47839,0.0017743387
47840,0.0010271387
47841,0.0008076355
47842,0.00078285916
47843,0.0009874098
47844,0.001287538
47845,0.0010609797
47846,0.0010770154
47847,0.0017037652
47848,0.001983804
47849,0.0024560252
47850,0.002578566
47851,0.0024062365
47852,0.0019130773
47853,0.0015978619
47854,0.0013113018
47855,0.0018179904
47856,0.0018690771
47857,0.002003526
47858,0.0018299418
47859,0.0018748606
47860,0.0020639591
47861,0.0013632941
47862,0.0012251534
47863,0.0011220399
47864,0.0010016613
47865,0.00062239217
47866,0.0004434247
47867,0.00080640934
47868,0.0014881426
47869,0.0020518817
47870,0.001921078
47871,0.0017277336
47872,0.0018141924
47873,0.0026926792
47874,0.0038916867
47875,0.004097894
47876,0.002666689
47877,0.0017162747
47878,0.0015346087
47879,0.0016899238
47880,0.0014605857
47881,0.0026635767
47882,0.0032235614
47883,0.0019360331
47884,0.0014506888
47885,0.0023223332
47886,0.002852955
47887,0.003041125
47888,0.001805815
47889,0.0012405921
47890,0.0029316638
47891,0.003457707
47892,0.0023960671
47893,0.0018760555
47894,0.0020231854
47895,0.001974864
47896,0.0019940615
47897,0.0022859047
47898,0.0016209725
47899,0.0021921336
47900,0.0028444037
47901,0.0022254828
47902,0.0014894916
47903,0.0020259598
47904,0.0018436791
47905,0.0013721462
47906,0.0009387566
47907,0.0009412026
47908,0.00095156627
47909,0.0007128076
47910,0.000869751
47911,0.0008106209
47912,0.0007357917
47913,0.0012287352
47914,0.0019499485
47915,0.002062746
47916,0.0019651726
47917,0.0026041951
47918,0.0037609122
47919,0.0037708895
47920,0.0021188024
47921,0.0018644467
47922,0.0019549867
47923,0.0019552696
47924,0.0017701511
47925,0.0013909163
47926,0.0016067077
47927,0.001848393
47928,0.0019810586
47929,0.002531913
47930,0.002950722
47931,0.0031664101
47932,0.0029113113
47933,0.0018294646
47934,0.001518422
47935,0.0021842332
47936,0.0023054408
47937,0.0016893726
47938,0.0015571443
47939,0.0015102348
47940,0.00083457347
47941,0.0006690853
47942,0.00074643403
47943,0.0007023188
47944,0.0008896018
47945,0.0010978113
47946,0.0012158775
47947,0.0009376088
47948,0.00057620875
47949,0.0011890602
47950,0.0016239682
47951,0.001133421
47952,0.0
47953,0.0023474495
47954,0.0017354315
47955,0.0013768045
47956,0.0012404748
47957,0.001117231
47958,0.0008733574
47959,0.0010678155
47960,0.0011828761
47961,0.0009184473
47962,0.0015356134
47963,0.0016493262
47964,0.0015440055
47965,0.0012454621
47966,0.0009841623
47967,0.00075857824
47968,0.0011393116
47969,0.0016223366
47970,0.0019468714
47971,0.0031452635
47972,0.0055172285
47973,0.0062375935
47974,0.004991636
47975,0.0035916707
47976,0.0018256904
47977,0.0018988611
47978,0.002728018
47979,0.0036600027
47980,0.0048034173
47981,0.005113914
47982,0.004935664
47983,0.004472062
47984,0.004337128
47985,0.0047491617
47986,0.0045187017
47987,0.0036453898
47988,0.0029090112
47989,0.002893774
47990,0.0018585367
47991,0.00048016722
47992,0.0006191102
47993,0.00053812924
47994,0.0007128076
47995,0.0008962834
47996,0.0007007008
47997,0.0009433647
47998,0.0010062128
47999,0.0016380117
48000,0.002295383
48001,0.0025715926
48002,0.0018200384
48003,0.0016674896
48004,0.0017986287
48005,0.0026411815
48006,0.0028645913
48007,0.0030063493
48008,0.0039635934
48009,0.0032597787
48010,0.001836229
48011,0.0013319359
48012,0.00092120003
48013,0.0012743601
48014,0.001261852
48015,0.0008443503
48016,0.0007508658
48017,0.00067294546
48018,0.0008593489
48019,0.0009999165
48020,0.0011039183
48021,0.0012481232
48022,0.0009189225
48023,0.00062467926
48024,0.000616944
48025,0.001158965
48026,0.0017299221
48027,0.0014019207
48028,0.0007426031
48029,0.0010171732
48030,0.0012917356
48031,0.0013061871
48032,0.0008737239
48033,0.00125922
48034,0.0014559156
48035,0.0015755947
48036,0.0011232842
48037,0.00079106924
48038,0.0008975489
48039,0.0010082354
48040,0.0007073152
48041,0.00035120084
48042,0.0011155104
48043,0.001210071
48044,0.0007311492
48045,0.00075191155
48046,0.00096637657
48047,0.0006155744
48048,0.0006852029
48049,0.0007138276
48050,0.0012179104
48051,0.0015698024
48052,0.00090937136
48053,0.0008398574
48054,0.0012322358
48055,0.0008525486
48056,0.0009118323
48057,0.0009394384
48058,0.0007054199
48059,0.00062519155
48060,0.0005540117
48061,0.00067622436
48062,0.0014967426
48063,0.0019076233
48064,0.0017532508
48065,0.0013580965
48066,0.00076655485
48067,0.0009902648
48068,0.0009187958
48069,0.0007457319
48070,0.00075550267
48071,0.00025601138
48072,0.0008722904
48073,0.0011479387
48074,0.0011048407
48075,0.0008660287
48076,0.0003696912
48077,0.000845246
48078,0.0015277851
48079,0.0015577984
48080,0.0011836386
48081,0.0011889378
48082,0.0015148912
48083,0.0016640302
48084,0.001712353
48085,0.0019087519
48086,0.0016060917
48087,0.0014059631
48088,0.0007798047
48089,0.0007021116
48090,0.0007373722
48091,0.0010327337
48092,0.0010638561
48093,0.0018197026
48094,0.0024574588
48095,0.0027421492
48096,0.0025606253
48097,0.0022912205
48098,0.0019875853
48099,0.0020487162
48100,0.0016148204
48101,0.0013136303
48102,0.0012219899
48103,0.0012425845
48104,0.0013876692
48105,0.0012118735
48106,0.001228143
48107,0.0012532892
48108,0.0011571808
48109,0.0010912168
48110,0.0008599922
48111,0.00062342006
48112,0.00087837497
48113,0.00093368953
48114,0.0006772565
48115,0.0005691958
48116,0.00068579725
48117,0.00095156627
48118,0.000868981
48119,0.0009714829
48120,0.0010054315
48121,0.0010766911
48122,0.0014820872
48123,0.0025176771
48124,0.0031335363
48125,0.0026290212
48126,0.0011821376
48127,0.00068149756
48128,0.0011284027
48129,0.0012469101
48130,0.0009148595
48131,0.0013702783
48132,0.0018134222
48133,0.0022926552
48134,0.0023352304
48135,0.0033573064
48136,0.0032878618
48137,0.001840709
48138,0.0008495392
48139,0.00087118865
48140,0.0011094409
48141,0.0020845428
48142,0.0021476848
48143,0.0010188884
48144,0.0006929742
48145,0.0006876197
48146,0.00087259064
48147,0.0009603041
48148,0.001065742
48149,0.0009460449
48150,0.0007280777
48151,0.0009983727
48152,0.001257277
48153,0.0014911905
48154,0.0015079591
48155,0.0021320712
48156,0.002086343
48157,0.001452373
48158,0.0013418411
48159,0.00092381856
48160,0.0011014637
48161,0.0012621749
48162,0.001195967
48163,0.00096562336
48164,0.00077015324
48165,0.0008178768
48166,0.0005712374
48167,0.0004713583
48168,0.0008251747
48169,0.0014497656
48170,0.0024048209
48171,0.002968109
48172,0.0022508265
48173,0.001400633
48174,0.0007176499
48175,0.0008153107
48176,0.0008645488
48177,0.0010808458
48178,0.0014557956
48179,0.0018974352
48180,0.0020569956
48181,0.0018737427
48182,0.0016014279
48183,0.0016343296
48184,0.002012628
48185,0.0017682593
48186,0.0012353259
48187,0.0015530082
48188,0.0018599456
48189,0.0019361383
48190,0.0019144613
48191,0.0016732569
48192,0.00131759
48193,0.0011712052
48194,0.0011687675
48195,0.0012412488
48196,0.0010276769
48197,0.0009879404
48198,0.00087319076
48199,0.0006497987
48200,0.00095857505
48201,0.0019145524
48202,0.0024434081
48203,0.0018080217
48204,0.0012908791
48205,0.0013455666
48206,0.0020707587
48207,0.0032054717
48208,0.0039983196
48209,0.0035647156
48210,0.0021235223
48211,0.0018735873
48212,0.0020891868
48213,0.002107854
48214,0.0023678916
48215,0.0032112682
48216,0.0021809128
48217,0.00139123
48218,0.0023937705
48219,0.0028407485
48220,0.0030886705
48221,0.00188058
48222,0.0012992391
48223,0.00295296
48224,0.0035657606
48225,0.002506822
48226,0.0017813452
48227,0.0016575638
48228,0.001431503
48229,0.0013746043
48230,0.001988859
48231,0.0011615738
48232,0.0017026545
48233,0.0019464976
48234,0.0017677983
48235,0.0012150634
48236,0.0017632982
48237,0.0022421726
48238,0.0016983759
48239,0.0006617813
48240,0.0009759365
48241,0.00096794136
48242,0.0007372143
48243,0.00081381004
48244,0.0010188884
48245,0.0013556513
48246,0.002264594
48247,0.0023796007
48248,0.0020622946
48249,0.00198615
48250,0.002595542
48251,0.0031320222
48252,0.0028731027
48253,0.0019700243
48254,0.0020144202
48255,0.0018382091
48256,0.001534931
48257,0.00126928
48258,0.00090529764
48259,0.0011298461
48260,0.0016739873
48261,0.002204301
48262,0.002581014
48263,0.0026893697
48264,0.002654196
48265,0.0027738805
48266,0.0025176192
48267,0.0023268152
48268,0.0023771655
48269,0.0021342677
48270,0.0020670027
48271,0.0024703222
48272,0.0025783065
48273,0.0013989281
48274,0.0009454602
48275,0.00074083736
48276,0.0007968244
48277,0.000931505
48278,0.0010257494
48279,0.0010500054
48280,0.0009516886
48281,0.00077456207
48282,0.0008040962
48283,0.0013866831
48284,0.0012746113
48285,0.0
48286,0.001686079
48287,0.0012303449
48288,0.0012659049
48289,0.0014036013
48290,0.0014363133
48291,0.0014108398
48292,0.0012856153
48293,0.001071543
48294,0.0005057892
48295,0.00075345824
48296,0.0009170837
48297,0.00095857505
48298,0.0009802807
48299,0.0009080582
48300,0.00057938206
48301,0.0008910728
48302,0.0013982829
48303,0.002053909
48304,0.0035318905
48305,0.0054381853
48306,0.006196313
48307,0.00503677
48308,0.0028556162
48309,0.0020966958
48310,0.001919729
48311,0.002027525
48312,0.0040968996
48313,0.004647441
48314,0.004082083
48315,0.0029865743
48316,0.0026565965
48317,0.0035428414
48318,0.0041719745
48319,0.0043978347
48320,0.004286077
48321,0.004133907
48322,0.0036369492
48323,0.0022358291
48324,0.0011327788
48325,0.0010346764
48326,0.0006938556
48327,0.0008998159
48328,0.000831499
48329,0.00071643223
48330,0.0010137912
48331,0.001192848
48332,0.00081234245
48333,0.0015732285
48334,0.0019911404
48335,0.0016480199
48336,0.0013783046
48337,0.0014580928
48338,0.002082168
48339,0.0024428244
48340,0.0027857218
48341,0.0033593082
48342,0.0030269087
48343,0.001887778
48344,0.0013867251
48345,0.0010519715
48346,0.0011283511
48347,0.0011154582
48348,0.00088049297
48349,0.0007947764
48350,0.00071643223
48351,0.0010819224
48352,0.0012095177
48353,0.0010757446
48354,0.0012356557
48355,0.0008886525
48356,0.00030027266
48357,0.00055903214
48358,0.0010370365
48359,0.0017520553
48360,0.0016129991
48361,0.00069611694
48362,0.0008126648
48363,0.0011650013
48364,0.0012530802
48365,0.0015058925
48366,0.0018997346
48367,0.001704363
48368,0.001880874
48369,0.0015660343
48370,0.0012342181
48371,0.0014483195
48372,0.0012439189
48373,0.0010396992
48374,0.00056570815
48375,0.0009846058
48376,0.0010488129
48377,0.0008279563
48378,0.0007657571
48379,0.0008157389
48380,0.0007927598
48381,0.0005974357
48382,0.00094413565
48383,0.0012860226
48384,0.0013850661
48385,0.0005218751
48386,0.0008968028
48387,0.0010519715
48388,0.0006231866
48389,0.00080250204
48390,0.0007604176
48391,0.0006905761
48392,0.0006387312
48393,0.00047018367
48394,0.00055085076
48395,0.0013075011
48396,0.0018591161
48397,0.001759349
48398,0.0014063356
48399,0.0009650204
48400,0.00092787365
48401,0.0009157816
48402,0.0006721665
48403,0.0006483639
48404,0.0004616887
48405,0.0008396841
48406,0.0008868494
48407,0.0011462388
48408,0.0011414299
48409,0.00079286995
48410,0.001004186
48411,0.0014758492
48412,0.0014060666
48413,0.0010629256
48414,0.00083540997
48415,0.001167447
48416,0.0016749258
48417,0.002136326
48418,0.002435809
48419,0.0020194706
48420,0.0020010697
48421,0.0011934577
48422,0.0007998502
48423,0.0011026785
48424,0.0012516858
48425,0.0011124798
48426,0.0012926365
48427,0.0019290604
48428,0.0025760592
48429,0.00274708
48430,0.002718956
48431,0.002389292
48432,0.002174538
48433,0.0014931214
48434,0.0014473547
48435,0.0012276452
48436,0.0013187602
48437,0.0015199737
48438,0.0014319095
48439,0.001238526
48440,0.001046952
48441,0.0012610676
48442,0.0013873546
48443,0.0007753132
48444,0.0007413087
48445,0.0009007857
48446,0.0007368194
48447,0.00071870355
48448,0.000984458
48449,0.0007358708
48450,0.00076229067
48451,0.00072735787
48452,0.000931005
48453,0.0009344373
48454,0.0010922565
48455,0.0016571248
48456,0.0024700512
48457,0.0023874033
48458,0.0011595425
48459,0.00074935256
48460,0.0008228082
48461,0.0012774167
48462,0.001106157
48463,0.0016767493
48464,0.0021053674
48465,0.0021823002
48466,0.0018569545
48467,0.0021682384
48468,0.0037931981
48469,0.0033745994
48470,0.0010678155
48471,0.0010301096
48472,0.0011614484
48473,0.00097501156
48474,0.0018787065
48475,0.002333173
48476,0.0013014325
48477,0.00067631045
48478,0.0006567043
48479,0.0006965349
48480,0.00066138536
48481,0.0007650727
48482,0.00091489137
48483,0.0010610346
48484,0.0010453385
48485,0.0012993959
48486,0.0014386214
48487,0.0017283905
48488,0.001969123
48489,0.0015647886
48490,0.0011580355
48491,0.0013460856
48492,0.0014582725
48493,0.001610471
48494,0.0012699218
48495,0.00090667896
48496,0.0005696558
48497,0.00058968854
48498,0.0007334543
48499,0.0004826459
48500,0.00078530895
48501,0.0009731591
48502,0.0008538789
48503,0.0016384736
48504,0.0025617161
48505,0.0023807134
48506,0.0017058309
48507,0.0012505227
48508,0.001217289
48509,0.0011065253
48510,0.0012584801
48511,0.0018588187
48512,0.0020100956
48513,0.0015531768
48514,0.0012959645
48515,0.0010225382
48516,0.0014557757
48517,0.0019324821
48518,0.001398616
48519,0.0012164759
48520,0.0017737153
48521,0.0019649505
48522,0.001925557
48523,0.0016684842
48524,0.0011792784
48525,0.00086120964
48526,0.00095945515
48527,0.0010842602
48528,0.0009905881
48529,0.0009195557
48530,0.00093019183
48531,0.000926995
48532,0.0007743742
48533,0.00082146295
48534,0.0019979838
48535,0.0025843047
48536,0.001796686
48537,0.001015111
48538,0.0009142867
48539,0.0013965544
48540,0.0021142785
48541,0.0032643469
48542,0.0032716673
48543,0.0019444182
48544,0.0016467655
48545,0.0013211856
48546,0.0014367388
48547,0.0012145842
48548,0.0024284017
48549,0.0022556444
48550,0.0017247495
48551,0.0022594733
48552,0.0025291643
48553,0.0028471649
48554,0.0019020005
48555,0.0017801684
48556,0.0023148896
48557,0.0029412478
48558,0.0026774828
48559,0.0019689603
48560,0.0016037525
48561,0.0014257581
48562,0.0015821569
48563,0.0018063629
48564,0.0009837778
48565,0.0015440809
48566,0.001934153
48567,0.002379821
48568,0.0021291343
48569,0.0016673151
48570,0.0019544656
48571,0.0019689603
48572,0.000931005
48573,0.00076920795
48574,0.001012786
48575,0.0011049986
48576,0.0010340293
48577,0.0011766347
48578,0.0016546994
48579,0.0032716673
48580,0.0031828752
48581,0.001920396
48582,0.0018051057
48583,0.00202972
48584,0.0019239845
48585,0.0017282558
48586,0.0023163853
48587,0.0023425098
48588,0.0019592547
48589,0.0016857682
48590,0.001211297
48591,0.00075047807
48592,0.00090484746
48593,0.0018261048
48594,0.0025998666
48595,0.002327728
48596,0.0023218316
48597,0.0024560015
48598,0.0024831307
48599,0.0026858503
48600,0.0028071713
48601,0.0030086623
48602,0.0025861172
48603,0.0019587346
48604,0.0024054986
48605,0.0029453118
48606,0.0020673547
48607,0.0012602595
48608,0.0011751497
48609,0.0013154014
48610,0.0012554701
48611,0.001090363
48612,0.00081072864
48613,0.00082992244
48614,0.0006400057
48615,0.0006122084
48616,0.0011516595
48617,0.0011839827
48618,0.0
48619,0.0013766777
48620,0.0010821376
48621,0.0012192718
48622,0.0015943975
48623,0.0016448026
48624,0.0016334568
48625,0.0014169739
48626,0.0012857963
48627,0.0009349044
48628,0.00071439816
48629,0.0008907788
48630,0.0012057099
48631,0.0015022741
48632,0.0015694686
48633,0.0011094671
48634,0.0010834815
48635,0.0012871085
48636,0.0021209717
48637,0.003395415
48638,0.004918244
48639,0.005857219
48640,0.005923993
48641,0.0040372545
48642,0.0021434661
48643,0.0019798095
48644,0.0038891658
48645,0.005489873
48646,0.0056117713
48647,0.005007679
48648,0.004493124
48649,0.003937913
48650,0.0036740822
48651,0.004022855
48652,0.004171577
48653,0.0051964074
48654,0.0057228953
48655,0.00553565
48656,0.003343399
48657,0.0016877352
48658,0.001319797
48659,0.0012660888
48660,0.0015537951
48661,0.0014161521
48662,0.001362098
48663,0.0015512456
48664,0.0017193751
48665,0.0014077835
48666,0.001456655
48667,0.0014820086
48668,0.0012030033
48669,0.0007877142
48670,0.0010796874
48671,0.001666512
48672,0.002235738
48673,0.0025876698
48674,0.003031962
48675,0.0029665888
48676,0.0023102204
48677,0.0019103523
48678,0.0014573341
48679,0.0013501657
48680,0.0009512604
48681,0.00081548915
48682,0.00057062565
48683,0.00088359456
48684,0.0013011193
48685,0.0014992295
48686,0.001224702
48687,0.0011097032
48688,0.00094951486
48689,0.000724672
48690,0.0008525486
48691,0.0012139132
48692,0.001732511
48693,0.0015265082
48694,0.0005649359
48695,0.0006807284
48696,0.00087409024
48697,0.0015400609
48698,0.0021426105
48699,0.00218671
48700,0.0020950017
48701,0.0018615567
48702,0.0017171731
48703,0.0010856818
48704,0.0012251297
48705,0.0010588655
48706,0.0011744065
48707,0.00089055
48708,0.00078311935
48709,0.0007893751
48710,0.0011091523
48711,0.001196867
48712,0.0009607586
48713,0.0009492696
48714,0.0008358976
48715,0.0009611826
48716,0.00083540997
48717,0.00092937803
48718,0.00068935286
48719,0.0008564314
48720,0.0006733778
48721,0.0008068423
48722,0.000972471
48723,0.0008247866
48724,0.00070710946
48725,0.00046131032
48726,0.00085951824
48727,0.00089123606
48728,0.0014379942
48729,0.00205252
48730,0.0020657633
48731,0.0016686587
48732,0.0012727604
48733,0.00080821186
48734,0.00070418115
48735,0.00071631034
48736,0.000669694
48737,0.0005297899
48738,0.00050498295
48739,0.00051851827
48740,0.0011360627
48741,0.0011867081
48742,0.0010916701
48743,0.0012504528
48744,0.001347555
48745,0.0012148478
48746,0.0010366155
48747,0.00059465243
48748,0.00085500296
48749,0.0012699218
48750,0.002144104
48751,0.0025959008
48752,0.0023723615
48753,0.0024895568
48754,0.0017430787
48755,0.000775163
48756,0.00084169203
48757,0.0006837998
48758,0.0009859941
48759,0.001333028
48760,0.0013763817
48761,0.0014174668
48762,0.001451511
48763,0.0015459835
48764,0.001879357
48765,0.0018836572
48766,0.0015690235
48767,0.0017632816
48768,0.0017251712
48769,0.001772008
48770,0.0015419496
48771,0.0011892804
48772,0.00085176306
48773,0.0009014316
48774,0.0013553507
48775,0.0015789345
48776,0.0010302225
48777,0.0008428323
48778,0.000602867
48779,0.0013824371
48780,0.0018060406
48781,0.0019308549
48782,0.0013911464
48783,0.0011883257
48784,0.00067802955
48785,0.00055427436
48786,0.00082640816
48787,0.0012995974
48788,0.002023358
48789,0.0026297518
48790,0.0018873926
48791,0.0007370169
48792,0.0005689401
48793,0.0009076094
48794,0.000980726
48795,0.000811518
48796,0.0016690248
48797,0.0019527078
48798,0.002028214
48799,0.002043197
48800,0.002071616
48801,0.0034120372
48802,0.0031439585
48803,0.00087857374
48804,0.0007609915
48805,0.0006929742
48806,0.00056235417
48807,0.0016435812
48808,0.0022459077
48809,0.0018860968
48810,0.0012624054
48811,0.0009950731
48812,0.0012696009
48813,0.0014127983
48814,0.001406646
48815,0.0011623001
48816,0.0014573341
48817,0.0014745668
48818,0.001447998
48819,0.0013295081
48820,0.0013352967
48821,0.0015552929
48822,0.0012068439
48823,0.0013020808
48824,0.0015117949
48825,0.0015806478
48826,0.0012607676
48827,0.000860804
48828,0.00080308213
48829,0.0006033978
48830,0.00069887086
48831,0.0006685631
48832,0.0005678648
48833,0.0007760636
48834,0.0008368719
48835,0.00095906074
48836,0.0013263961
48837,0.0016339377
48838,0.0017340054
48839,0.0012571381
48840,0.0009822679
48841,0.000856941
48842,0.0010019809
48843,0.0014707723
48844,0.0018151867
48845,0.0015534579
48846,0.0006710832
48847,0.0012602134
48848,0.0013761914
48849,0.0014518119
48850,0.0016392904
48851,0.0009632394
48852,0.0012357971
48853,0.0017787128
48854,0.0016962839
48855,0.0014317266
48856,0.0010845285
48857,0.0008840885
48858,0.00085853576
48859,0.00072835747
48860,0.00086797564
48861,0.0011963076
48862,0.0010827022
48863,0.0008580271
48864,0.0009847536
48865,0.0010241877
48866,0.0010515564
48867,0.002033359
48868,0.0022483815
48869,0.0014337173
48870,0.0011000624
48871,0.00069590786
48872,0.0014553157
48873,0.0015795243
48874,0.0022904454
48875,0.0023103592
48876,0.0012780546
48877,0.0014088994
48878,0.0010734968
48879,0.00077365973
48880,0.0005328574
48881,0.0015869141
48882,0.0016953229
48883,0.001701201
48884,0.0019455554
48885,0.0020273672
48886,0.0019943826
48887,0.0013843725
48888,0.0015991182
48889,0.0020134666
48890,0.0018305619
48891,0.0017330821
48892,0.0019272491
48893,0.0023242873
48894,0.0027088327
48895,0.0027403443
48896,0.0024544368
48897,0.0020364912
48898,0.0022852425
48899,0.002777393
48900,0.0030082462
48901,0.0028165178
48902,0.0017904062
48903,0.0015305638
48904,0.0016789176
48905,0.001223085
48906,0.00083537516
48907,0.0006527927
48908,0.000755233
48909,0.0006684325
48910,0.0010919634
48911,0.0016892175
48912,0.0032883487
48913,0.0038110486
48914,0.0025176192
48915,0.0016835915
48916,0.0012120416
48917,0.0012485196
48918,0.0018209337
48919,0.002316071
48920,0.002196696
48921,0.0021421623
48922,0.0021716855
48923,0.0019644913
48924,0.0015972607
48925,0.001092736
48926,0.0018595544
48927,0.0024834939
48928,0.0025674358
48929,0.002589907
48930,0.0025492227
48931,0.0026981211
48932,0.002976432
48933,0.0034446358
48934,0.0034339225
48935,0.0025370116
48936,0.0013109467
48937,0.0015558167
48938,0.0026510363
48939,0.0023389042
48940,0.0016630155
48941,0.001458911
48942,0.0013010523
48943,0.0008187304
48944,0.0007906276
48945,0.0006330099
48946,0.0006959915
48947,0.0004486447
48948,0.00064345245
48949,0.0010345076
48950,0.0009864663
48951,0.0
48952,0.00127212
48953,0.0011813742
48954,0.0008929325
48955,0.001021456
48956,0.0011939942
48957,0.0012295403
48958,0.0011493829
48959,0.0011210279
48960,0.0010172303
48961,0.00065426226
48962,0.0007368194
48963,0.0010285544
48964,0.0014808102
48965,0.0014344276
48966,0.0009937561
48967,0.00080619275
48968,0.0012406625
48969,0.0020160521
48970,0.0029175826
48971,0.0034832342
48972,0.0048407293
48973,0.0065071713
48974,0.005116122
48975,0.003258475
48976,0.0031313994
48977,0.004593282
48978,0.0050263237
48979,0.0036987616
48980,0.0028918725
48981,0.0035702062
48982,0.0037568475
48983,0.0039001058
48984,0.0043533635
48985,0.004520099
48986,0.005008051
48987,0.0061664674
48988,0.0069003645
48989,0.0060711335
48990,0.0040521924
48991,0.0028778093
48992,0.0018474323
48993,0.0021906595
48994,0.0020762049
48995,0.001979589
48996,0.0020332444
48997,0.002660625
48998,0.002660625
48999,0.0023882808
49000,0.0017851642
49001,0.0013029746
49002,0.0008173072
49003,0.0009671894
49004,0.0012712504
49005,0.0022219622
49006,0.0028978747
49007,0.0028236492
49008,0.0033392876
49009,0.0027689447
49010,0.0017464815
49011,0.001119911
49012,0.0010416848
49013,0.0006479148
49014,0.00052929524
49015,0.0006095404
49016,0.0010916435
49017,0.0012764367
49018,0.0014103653
49019,0.001352836
49020,0.0010472577
49021,0.0010250114
49022,0.00080250204
49023,0.0008116614
49024,0.0016281207
49025,0.0023349063
49026,0.0017954707
49027,0.0011503195
49028,0.0009372673
49029,0.0010009056
49030,0.0018875005
49031,0.0022221978
49032,0.001821557
49033,0.0017196459
49034,0.0015653094
49035,0.001615397
49036,0.0010032582
49037,0.001021228
49038,0.0007884897
49039,0.0008392334
49040,0.0009978478
49041,0.00094939227
49042,0.0002891128
49043,0.0012435211
49044,0.0014248801
49045,0.00082595024
49046,0.0010282431
49047,0.0012792608
49048,0.0012114412
49049,0.0008589086
49050,0.0009803697
49051,0.0009152094
49052,0.0007650727
49053,0.00045386882
49054,0.00087412354
49055,0.0009369878
49056,0.0007843448
49057,0.000670085
49058,0.0006597552
49059,0.00097010384
49060,0.0009020771
49061,0.0012158775
49062,0.0019501724
49063,0.002264427
49064,0.0023157946
49065,0.0016643975
49066,0.00079839345
49067,0.0007490418
49068,0.00057235715
49069,0.00058388547
49070,0.0007048008
49071,0.001004157
49072,0.0009840736
49073,0.0012190569
49074,0.0007885635
49075,0.0006113045
49076,0.0009177816
49077,0.001167447
49078,0.0014755336
49079,0.0011612731
49080,0.00060968363
49081,0.0007094517
49082,0.00079025945
49083,0.0015738204
49084,0.0019908627
49085,0.001981
49086,0.002398738
49087,0.002018577
49088,0.0013328532
49089,0.0011180382
49090,0.0011379058
49091,0.0013297709
49092,0.0012863395
49093,0.0010967504
49094,0.00090072106
49095,0.0004967316
49096,0.0007032299
49097,0.0015822304
49098,0.0017285083
49099,0.001561959
49100,0.0014885338
49101,0.0012938067
49102,0.0012589195
49103,0.0012553774
49104,0.0011188189
49105,0.0010672975
49106,0.0010853602
49107,0.0011878847
49108,0.0013269446
49109,0.0011411493
49110,0.0010592501
49111,0.0015299552
49112,0.0021017562
49113,0.0024142906
49114,0.002106625
49115,0.0016690423
49116,0.0015191502
49117,0.0010646491
49118,0.00053345785
49119,0.0007273178
49120,0.0015809976
49121,0.0022506455
49122,0.0026644724
49123,0.0017366051
49124,0.000632688
49125,0.00086944975
49126,0.0012861132
49127,0.0011350119
49128,0.00082711224
49129,0.0015819913
49130,0.0017551421
49131,0.0019363337
49132,0.001675447
49133,0.0015380374
49134,0.0022978287
49135,0.00214698
49136,0.0011000624
49137,0.0009257069
49138,0.00084868225
49139,0.0008672377
49140,0.001215279
49141,0.0019252396
49142,0.0023773247
49143,0.0019442086
49144,0.0015235883
49145,0.0017214897
49146,0.0015359735
49147,0.0014889638
49148,0.0011069197
49149,0.0015265845
49150,0.0017706936
49151,0.0016785535
49152,0.0015832603
49153,0.0013363207
49154,0.0012860906
49155,0.0010533815
49156,0.0015001609
49157,0.0019626534
49158,0.0017323095
49159,0.0007633971
49160,0.0006074838
49161,0.00078002864
49162,0.0006264007
49163,0.0007638544
49164,0.000728717
49165,0.0007165135
49166,0.00070719176
49167,0.0009166393
49168,0.0015996641
49169,0.0018617598
49170,0.0017841858
49171,0.0014403804
49172,0.0009739961
49173,0.0006401421
49174,0.0006849905
49175,0.0007659851
49176,0.0017753062
49177,0.002088086
49178,0.0014839711
49179,0.001110909
49180,0.0015772377
49181,0.0014661743
49182,0.0012028824
49183,0.0011800185
49184,0.00059816596
49185,0.0013497777
49186,0.0018111417
49187,0.0016124577
49188,0.0011897943
49189,0.000874523
49190,0.0008525486
49191,0.00092492055
49192,0.0013135859
49193,0.00163294
49194,0.0018129888
49195,0.0013322417
49196,0.0010046207
49197,0.0009829492
49198,0.0012766647
49199,0.0016432801
49200,0.0020290173
49201,0.0018925051
49202,0.0013440083
49203,0.0009765625
49204,0.0008528216
49205,0.0015766472
49206,0.0020726975
49207,0.0019861206
49208,0.0013065212
49209,0.00069087103
49210,0.0013161092
49211,0.0013314768
49212,0.001029007
49213,0.00047400588
49214,0.0010552587
49215,0.0013188485
49216,0.001567279
49217,0.0015730435
49218,0.0013938217
49219,0.0013641904
49220,0.0011060517
49221,0.0015489174
49222,0.001868641
49223,0.0017350626
49224,0.0012324955
49225,0.0013117013
49226,0.00168411
49227,0.0019529462
49228,0.0019604277
49229,0.0018520738
49230,0.0017729603
49231,0.0017692137
49232,0.0019096513
49233,0.002362453
49234,0.0027653056
49235,0.0022850514
49236,0.0011094934
49237,0.0012187227
49238,0.0014144658
49239,0.0012033178
49240,0.00081737846
49241,0.0011448923
49242,0.0015357651
49243,0.001899566
49244,0.0021407895
49245,0.0030488954
49246,0.0038464332
49247,0.0026716283
49248,0.0010707822
49249,0.0008578914
49250,0.0009550466
49251,0.0017753062
49252,0.0024293482
49253,0.0018680647
49254,0.0018045251
49255,0.0021675671
49256,0.0025592723
49257,0.0024226902
49258,0.0020496678
49259,0.0022758753
49260,0.0023863667
49261,0.002549942
49262,0.002757538
49263,0.002786599
49264,0.0030535406
49265,0.0032752503
49266,0.0035821125
49267,0.0037983889
49268,0.0035339582
49269,0.0019003473
49270,0.0012328262
49271,0.0023362895
49272,0.0022620093
49273,0.0016734481
49274,0.0017043971
49275,0.0015887653
49276,0.0009924374
49277,0.0007697753
49278,0.00033053863
49279,0.00059489714
49280,0.0007123992
49281,0.00090655056
49282,0.00089654315
49283,0.00089426787
49284,0.0
49285,0.0012134815
49286,0.001372337
49287,0.0010449486
49288,0.0008251041
49289,0.0007418581
49290,0.0007006593
49291,0.0006492162
49292,0.0009552904
49293,0.0010691229
49294,0.0007546547
49295,0.0006555066
49296,0.00075144693
49297,0.0011396181
49298,0.001400529
49299,0.0011328046
49300,0.00096054655
49301,0.0013773751
49302,0.0020723604
49303,0.0026748509
49304,0.0031555088
49305,0.004518895
49306,0.006356064
49307,0.0062729027
49308,0.0045229183
49309,0.0041945437
49310,0.0056811743
49311,0.0049801776
49312,0.002284873
49313,0.0012651229
49314,0.0011637765
49315,0.0015433645
49316,0.0031051824
49317,0.004111118
49318,0.0049224733
49319,0.0051556984
49320,0.005736493
49321,0.007198515
49322,0.006724159
49323,0.005504908
49324,0.004395359
49325,0.003060538
49326,0.0026855578
49327,0.0022788148
49328,0.0020915258
49329,0.0020870264
49330,0.0028060721
49331,0.003591946
49332,0.0035320884
49333,0.0029449067
49334,0.0016853192
49335,0.0014908392
49336,0.0016508606
49337,0.0015574247
49338,0.0022421207
49339,0.0033677535
49340,0.0032586358
49341,0.003291436
49342,0.0028560036
49343,0.0018553081
49344,0.00091971393
49345,0.00083547964
49346,0.0004840308
49347,0.00061377516
49348,0.0007744493
49349,0.0011411493
49350,0.0015059118
49351,0.0015146799
49352,0.0014582525
49353,0.001134499
49354,0.001043806
49355,0.0010094759
49356,0.0014203794
49357,0.0025702682
49358,0.0027916078
49359,0.0022300552
49360,0.002055906
49361,0.0020507325
49362,0.0017572303
49363,0.0020410307
49364,0.0019198504
49365,0.0010028229
49366,0.00091895415
49367,0.0009647791
49368,0.00097551884
49369,0.000868445
49370,0.0008384007
49371,0.00084641593
49372,0.00092705776
49373,0.00137936
49374,0.0012642485
49375,0.00059528835
49376,0.0013134973
49377,0.001610724
49378,0.0007492361
49379,0.0008525827
49380,0.0011981064
49381,0.0011132905
49382,0.0007470186
49383,0.0007071506
49384,0.0007551174
49385,0.0008469659
49386,0.0006129211
49387,0.000879236
49388,0.0010018066
49389,0.0011869288
49390,0.0011591408
49391,0.0011123228
49392,0.0012909243
49393,0.0010102252
49394,0.0010025327
49395,0.0012995751
49396,0.0020861616
49397,0.0026136106
49398,0.0020494831
49399,0.0016063272
49400,0.0007905908
49401,0.00064322626
49402,0.00072217773
49403,0.0009638435
49404,0.0008817151
49405,0.0009148595
49406,0.0012109606
49407,0.0010591127
49408,0.0010710811
49409,0.0011987864
49410,0.0011266733
49411,0.0016374252
49412,0.0012146082
49413,0.00068171107
49414,0.001057848
49415,0.0013307554
49416,0.001475139
49417,0.0015397964
49418,0.0017181728
49419,0.0022267902
49420,0.0019531995
49421,0.0015042876
49422,0.0012760034
49423,0.0015388131
49424,0.0014443555
49425,0.001222109
49426,0.0010652777
49427,0.0012694863
49428,0.0014701786
49429,0.0013533738
49430,0.001179229
49431,0.0012445739
49432,0.0014054455
49433,0.001499967
49434,0.0013100139
49435,0.0015258407
49436,0.001469129
49437,0.0015462282
49438,0.0014315436
49439,0.0013287637
49440,0.0009805182
49441,0.0007740734
49442,0.0012909693
49443,0.0014091886
49444,0.0022106953
49445,0.0022459207
49446,0.0018253875
49447,0.00082093134
49448,0.00082542154
49449,0.0012462564
49450,0.0013718067
49451,0.0013169714
49452,0.0010457281
49453,0.0015282232
49454,0.0021870828
49455,0.00278406
49456,0.001938677
49457,0.0012284036
49458,0.001886498
49459,0.0018882559
49460,0.0015000445
49461,0.0012482165
49462,0.0017506427
49463,0.002290852
49464,0.003038674
49465,0.002748457
49466,0.0017730588
49467,0.0015592922
49468,0.0018634943
49469,0.0017609363
49470,0.0012080249
49471,0.00067970157
49472,0.00089152995
49473,0.0008444537
49474,0.0012818064
49475,0.0023568657
49476,0.0023402849
49477,0.0026086394
49478,0.002463302
49479,0.0016727002
49480,0.0017970423
49481,0.0017333843
49482,0.0018218764
49483,0.0019416471
49484,0.0013768891
49485,0.0014374679
49486,0.0013568101
49487,0.0011103062
49488,0.00093574455
49489,0.0013057414
49490,0.0022173468
49491,0.002215653
49492,0.0015600759
49493,0.00084169203
49494,0.00041773982
49495,0.00046131032
49496,0.0008743566
49497,0.0008975165
49498,0.0009292527
49499,0.001097334
49500,0.0013014101
49501,0.0016425007
49502,0.0017729439
49503,0.0017040727
49504,0.0015259552
49505,0.0011302582
49506,0.00085745024
49507,0.00075565674
49508,0.0009320672
49509,0.0016543828
49510,0.001725087
49511,0.001340778
49512,0.0015288705
49513,0.0017077748
49514,0.0013817631
49515,0.0010248694
49516,0.0011110138
49517,0.0007552715
49518,0.0016531157
49519,0.0020030902
49520,0.0013325039
49521,0.0007574264
49522,0.00071293005
49523,0.0007815197
49524,0.0012818972
49525,0.001793557
49526,0.002160062
49527,0.002018577
49528,0.0016397164
49529,0.00130759
49530,0.001230676
49531,0.0017850337
49532,0.0023111778
49533,0.0021544227
49534,0.0018782262
49535,0.0013025502
49536,0.00091762305
49537,0.0012900672
49538,0.0021900483
49539,0.0021647995
49540,0.0014258397
49541,0.0011873946
49542,0.0013716794
49543,0.001947559
49544,0.0014576138
49545,0.0011740595
49546,0.0011146491
49547,0.00118231
49548,0.0015628717
49549,0.00163465
49550,0.0014845202
49551,0.0011421435
49552,0.0011940673
49553,0.001768358
49554,0.0019931712
49555,0.0018667555
49556,0.0013311708
49557,0.00077819824
49558,0.0006303838
49559,0.0005496342
49560,0.0006648964
49561,0.0008946258
49562,0.0011232065
49563,0.00076232885
49564,0.0009360244
49565,0.0011652012
49566,0.0019539592
49567,0.0028149467
49568,0.0026357654
49569,0.0016081743
49570,0.00080086844
49571,0.001265376
49572,0.0014560556
49573,0.0014414913
49574,0.0018537074
49575,0.0020751113
49576,0.002131484
49577,0.00211975
49578,0.0023911062
49579,0.0033487654
49580,0.002594297
49581,0.0009883232
49582,0.0008893073
49583,0.0007741862
49584,0.0014585519
49585,0.0020322136
49586,0.0017085926
49587,0.0016142797
49588,0.001795422
49589,0.0024220173
49590,0.0025410808
49591,0.0025717057
49592,0.002493657
49593,0.0023719198
49594,0.0026506518
49595,0.0028794876
49596,0.0026788085
49597,0.0028179125
49598,0.0034675996
49599,0.0046434943
49600,0.004935428
49601,0.0039328993
49602,0.0027189027
49603,0.0016966613
49604,0.0019212294
49605,0.0019676443
49606,0.0014199285
49607,0.0014264723
49608,0.0016929006
49609,0.0012870858
49610,0.0012298716
49611,0.0009883821
49612,0.0011533262
49613,0.000978587
49614,0.0009620603
49615,0.0010443635
49616,0.0011868307
49617,0.0
49618,0.0013296833
49619,0.0014203794
49620,0.00088112074
49621,0.00057913084
49622,0.00046657975
49623,0.00063882227
49624,0.00084414345
49625,0.0010784736
49626,0.0011613984
49627,0.0011920425
49628,0.000992144
49629,0.00076769304
49630,0.0013759799
49631,0.0014808102
49632,0.0010691229
49633,0.00078627194
49634,0.0012193911
49635,0.0018746123
49636,0.0027339645
49637,0.003321171
49638,0.0044566244
49639,0.0060242224
49640,0.0070343516
49641,0.006259536
49642,0.005402872
49643,0.00708696
49644,0.007049028
49645,0.004943971
49646,0.00238533
49647,0.0013140511
49648,0.0013459774
49649,0.0017173935
49650,0.0027421599
49651,0.004259109
49652,0.0052628666
49653,0.005366703
49654,0.006590728
49655,0.0059559923
49656,0.005164204
49657,0.0046397196
49658,0.0034021796
49659,0.0027181853
49660,0.002208983
49661,0.0021827002
49662,0.0020892704
49663,0.0023650632
49664,0.0032706887
49665,0.0037819718
49666,0.0036871135
49667,0.0028829523
49668,0.002319888
49669,0.0026683037
49670,0.0024957918
49671,0.0024988917
49672,0.0035457402
49673,0.0034792214
49674,0.003064045
49675,0.002862518
49676,0.0021388447
49677,0.0012279771
49678,0.0009751906
49679,0.0005936728
49680,0.0006962005
49681,0.0009186057
49682,0.0010788784
49683,0.0014609245
49684,0.0013872706
49685,0.0013269446
49686,0.001268936
49687,0.001057848
49688,0.0011095196
49689,0.001571007
49690,0.0027774977
49691,0.0028612672
49692,0.0019541827
49693,0.00215249
49694,0.002046257
49695,0.0016481081
49696,0.0014970342
49697,0.0012741545
49698,0.000634938
49699,0.00042881
49700,0.00050475233
49701,0.00067845866
49702,0.0007015725
49703,0.00077632605
49704,0.0007128076
49705,0.00080148596
49706,0.0012314798
49707,0.0012465366
49708,0.0009046223
49709,0.0011094671
49710,0.0013798873
49711,0.0007059561
49712,0.0007551174
49713,0.0011001154
49714,0.00088296854
49715,0.00041043022
49716,0.0007281976
49717,0.00078941195
49718,0.0010091298
49719,0.0008878006
49720,0.0009937853
49721,0.0011915541
49722,0.0011740099
49723,0.0011943354
49724,0.0012481932
49725,0.0010777448
49726,0.0006904075
49727,0.00070673897
49728,0.00067527685
49729,0.0016364296
49730,0.0022473973
49731,0.0019484553
49732,0.0019066924
49733,0.0013021255
49734,0.0009165758
49735,0.0009925839
49736,0.0012133616
49737,0.0010600741
49738,0.0008398574
49739,0.0011099917
49740,0.0011001946
49741,0.0013100584
49742,0.0014101177
49743,0.0011088111
49744,0.0018551198
49745,0.0015991364
49746,0.0012982979
49747,0.0018000359
49748,0.001708286
49749,0.0014258397
49750,0.0010279317
49751,0.0013935711
49752,0.0018727017
49753,0.0017764369
49754,0.0014153298
49755,0.0011454006
49756,0.0016541365
49757,0.0016199129
49758,0.0014495046
49759,0.0013241341
49760,0.0010749326
49761,0.0012046957
49762,0.0012514998
49763,0.00089104014
49764,0.0006398238
49765,0.0006337451
49766,0.0011058148
49767,0.0013726763
49768,0.001663558
49769,0.001525402
49770,0.0017846099
49771,0.0017976252
49772,0.0017684404
49773,0.0010899892
49774,0.00064277364
49775,0.0010333817
49776,0.0013350351
49777,0.0016354511
49778,0.0013457828
49779,0.0007089592
49780,0.0007780112
49781,0.0007523372
49782,0.00077192736
49783,0.0011548897
49784,0.0012176714
49785,0.00088547
49786,0.0013517168
49787,0.0019305986
49788,0.0024320304
49789,0.002172074
49790,0.0014519922
49791,0.001636963
49792,0.0013663222
49793,0.0014034146
49794,0.0014846378
49795,0.0017239393
49796,0.002356174
49797,0.0034524337
49798,0.0038865008
49799,0.003376729
49800,0.0025011967
49801,0.0025859033
49802,0.0022623695
49803,0.0017971719
49804,0.00080293714
49805,0.0007947764
49806,0.0007151311
49807,0.0012937167
49808,0.0024873815
49809,0.00281323
49810,0.0030823604
49811,0.0025983998
49812,0.0017565346
49813,0.0017707922
49814,0.0016473134
49815,0.0013374527
49816,0.0014057561
49817,0.0011284285
49818,0.001135499
49819,0.0009338142
49820,0.0008451427
49821,0.0007682236
49822,0.0009034956
49823,0.0020186058
49824,0.0019844493
49825,0.0017070419
49826,0.001132599
49827,0.0010244717
49828,0.0012421629
49829,0.0013127659
49830,0.0009891473
49831,0.000977337
49832,0.0012538463
49833,0.0010700753
49834,0.0012053719
49835,0.0014682175
49836,0.0012737205
49837,0.0010217408
49838,0.00090574764
49839,0.00091441406
49840,0.0009169885
49841,0.0013818264
49842,0.0017528357
49843,0.0013241781
49844,0.00085646537
49845,0.0011759667
49846,0.0014226314
49847,0.0014914442
49848,0.0015439113
49849,0.0016202183
49850,0.0014784893
49851,0.0022103793
49852,0.0027495793
49853,0.002174953
49854,0.0010310697
49855,0.000812629
49856,0.0009521778
49857,0.0017373423
49858,0.0019384519
49859,0.0020034534
49860,0.001532711
49861,0.0015796163
49862,0.0012647088
49863,0.0013313458
49864,0.0019590615
49865,0.0022377288
49866,0.001686079
49867,0.0012518951
49868,0.0007998502
49869,0.00087684946
49870,0.0018904125
49871,0.0023347319
49872,0.001681187
49873,0.0013553937
49874,0.0014304657
49875,0.0016762111
49876,0.0020305372
49877,0.001588234
49878,0.001467107
49879,0.001840298
49880,0.0017097335
49881,0.0015676874
49882,0.0010891613
49883,0.00079257623
49884,0.0011599691
49885,0.0016276379
49886,0.0019828943
49887,0.0018819723
49888,0.0014078042
49889,0.0010450878
49890,0.00072891667
49891,0.0006349838
49892,0.0006804718
49893,0.00085261685
49894,0.0011407157
49895,0.0013474469
49896,0.00087165623
49897,0.0008168798
49898,0.0010291485
49899,0.000966768
49900,0.002053498
49901,0.002595968
49902,0.0024701217
49903,0.0016233767
49904,0.0009247317
49905,0.0012338408
49906,0.0015493683
49907,0.0018454778
49908,0.0018051219
49909,0.0019309453
49910,0.0018744104
49911,0.0023064
49912,0.002441323
49913,0.001666512
49914,0.00083492213
49915,0.0009866727
49916,0.0009971767
49917,0.001017545
49918,0.0014426416
49919,0.0015429307
49920,0.0015306398
49921,0.0012028824
49922,0.0014481789
49923,0.0017924045
49924,0.00227411
49925,0.0023128644
49926,0.0018583802
49927,0.002069409
49928,0.002161759
49929,0.0022819033
49930,0.0025379178
49931,0.0032839116
49932,0.004585793
49933,0.005493148
49934,0.0046561374
49935,0.0034344904
49936,0.0025987693
49937,0.0023230598
49938,0.0019076843
49939,0.0015957841
49940,0.0013374527
49941,0.0016327796
49942,0.0018571112
49943,0.0019698027
49944,0.0025718643
49945,0.002920504
49946,0.002784687
49947,0.0018992136
49948,0.001203753
49949,0.0010565816
49950,0.0
49951,0.0011652511
49952,0.0012928391
49953,0.0010844212
49954,0.00086995173
49955,0.00072839746
49956,0.0008496762
49957,0.0009664067
49958,0.0010504765
49959,0.00096417556
49960,0.0010936678
49961,0.00075195025
49962,0.00036285774
49963,0.0013433152
49964,0.0014868318
49965,0.0007528013
49966,0.00069699436
49967,0.0009900591
49968,0.00154841
49969,0.0019655577
49970,0.002876727
49971,0.0036809358
49972,0.0053222724
49973,0.007763718
49974,0.007975049
49975,0.0072756787
49976,0.007355413
49977,0.0077452897
49978,0.007032845
49979,0.0038391019
49980,0.0020114563
49981,0.0019006688
49982,0.001549988
49983,0.0012620596
49984,0.0024674693
49985,0.0030420243
49986,0.004249395
49987,0.00608742
49988,0.006323162
49989,0.005707134
49990,0.0047386093
49991,0.0031111375
49992,0.0026631285
49993,0.0021453933
49994,0.0021711492
49995,0.0021305007
49996,0.0023614548
49997,0.0024216329
49998,0.0028547193
49999,0.0035176226
50000,0.003789621
50001,0.003304805
50002,0.0032955275
50003,0.0031977813
50004,0.003293434
50005,0.0035591351
50006,0.0032636335
50007,0.0025248686
50008,0.0024723948
50009,0.0020706041
50010,0.0013244858
50011,0.0009763539
50012,0.00062201795
50013,0.00054804335
50014,0.00093222334
50015,0.0011484203
50016,0.0013825423
50017,0.0015314382
50018,0.0013062317
50019,0.0013645956
50020,0.0013675357
50021,0.0012620826
50022,0.0018936736
50023,0.0026805354
50024,0.0022945968
50025,0.0010663973
50026,0.0012937842
50027,0.0012584339
50028,0.00084669096
50029,0.00094339554
50030,0.000980162
50031,0.000582638
50032,0.0005500577
50033,0.0007445992
50034,0.0007688674
50035,0.0010675974
50036,0.00093785714
50037,0.00068375724
50038,0.0010322264
50039,0.0010329874
50040,0.0010531605
50041,0.0011710562
50042,0.0012250347
50043,0.0011415574
50044,0.0006100177
50045,0.00072390854
50046,0.000978587
50047,0.0010773396
50048,0.0007951425
50049,0.0008358976
50050,0.00074518524
50051,0.0010134754
50052,0.0011654758
50053,0.0010906833
50054,0.0010014579
50055,0.00090667896
50056,0.0010398112
50057,0.0010599094
50058,0.0009723513
50059,0.000563853
50060,0.0006630115
50061,0.0006282101
50062,0.0012799887
50063,0.0014693469
50064,0.0014526736
50065,0.0016672453
50066,0.0013684293
50067,0.00084279774
50068,0.00093763985
50069,0.0011225067
50070,0.0009641454
50071,0.00080362556
50072,0.00081638084
50073,0.0007392643
50074,0.0012521043
50075,0.0013810679
50076,0.0016307463
50077,0.0022743018
50078,0.0021981925
50079,0.0018746123
50080,0.0018699489
50081,0.001534438
50082,0.0009822975
50083,0.0007722666
50084,0.0010449764
50085,0.0018930126
50086,0.0019550314
50087,0.0013819948
50088,0.0012429125
50089,0.0018110453
50090,0.0016840409
50091,0.0016017186
50092,0.0017451146
50093,0.0010297139
50094,0.0007916209
50095,0.00085931504
50096,0.0007166353
50097,0.0007558108
50098,0.0008491965
50099,0.00082609116
50100,0.001005142
50101,0.0009642359
50102,0.0011574825
50103,0.0016440593
50104,0.0016327796
50105,0.0016820695
50106,0.000966226
50107,0.0008796993
50108,0.0010338604
50109,0.0012567677
50110,0.0009995963
50111,0.0008736906
50112,0.00071927026
50113,0.0006821805
50114,0.0008358976
50115,0.00056235417
50116,0.0008099744
50117,0.0007330574
50118,0.0003956266
50119,0.0010475079
50120,0.0017160203
50121,0.0023783406
50122,0.0025154797
50123,0.001734878
50124,0.0013761279
50125,0.00094644475
50126,0.00094447465
50127,0.0011473047
50128,0.001104946
50129,0.001268936
50130,0.0026079922
50131,0.004226595
50132,0.0044039786
50133,0.003965972
50134,0.0034540351
50135,0.0025172147
50136,0.001759349
50137,0.00084089633
50138,0.0006083934
50139,0.0010069356
50140,0.0017446309
50141,0.002437732
50142,0.0028280572
50143,0.0031093692
50144,0.002148213
50145,0.00070603855
50146,0.0007643496
50147,0.0011548897
50148,0.00078371377
50149,0.0012894805
50150,0.0012630278
50151,0.0013956997
50152,0.0011169704
50153,0.00096592476
50154,0.0009274344
50155,0.0010839112
50156,0.0014588312
50157,0.0018441369
50158,0.0020395329
50159,0.0019164061
50160,0.0017536824
50161,0.0018630881
50162,0.0013474901
50163,0.0012408267
50164,0.0013104359
50165,0.001831738
50166,0.0014223655
50167,0.0012196775
50168,0.0015378483
50169,0.0015262985
50170,0.0011734396
50171,0.00083265326
50172,0.00088717754
50173,0.00096339046
50174,0.0015632442
50175,0.0013288294
50176,0.00094351894
50177,0.00095690374
50178,0.0009660754
50179,0.0012389019
50180,0.0013830264
50181,0.0017201027
50182,0.0019936091
50183,0.0019045696
50184,0.0025059513
50185,0.0032915953
50186,0.0029747009
50187,0.0015340776
50188,0.0008679421
50189,0.00100407
50190,0.0016193917
50191,0.0015921324
50192,0.0012844602
50193,0.0010084662
50194,0.0012442464
50195,0.0011309017
50196,0.001488612
50197,0.0018060406
50198,0.001686821
50199,0.0011087586
50200,0.0009650204
50201,0.0011534272
50202,0.0015459835
50203,0.00198486
50204,0.0020170046
50205,0.0013027289
50206,0.0012578324
50207,0.0014041817
50208,0.001306254
50209,0.0019990325
50210,0.001961185
50211,0.0020759946
50212,0.0019954331
50213,0.0012125458
50214,0.00094733614
50215,0.0011665741
50216,0.0013935294
50217,0.0017726484
50218,0.0019775738
50219,0.0018515552
50220,0.0014481186
50221,0.0009913517
50222,0.0010545689
50223,0.0007470576
50224,0.0004313139
50225,0.00042975912
50226,0.0006260289
50227,0.0009150822
50228,0.0011735883
50229,0.0009471825
50230,0.0010261749
50231,0.0009331907
50232,0.00043454074
50233,0.0013288076
50234,0.00202166
50235,0.0025816567
50236,0.0020472808
50237,0.00079583767
50238,0.0010853333
50239,0.0015695613
50240,0.0018284462
50241,0.001664345
50242,0.0019014496
50243,0.0020224517
50244,0.0022672655
50245,0.0023198253
50246,0.0016505962
50247,0.0012455556
50248,0.001057958
50249,0.0007260362
50250,0.00068213785
50251,0.00095428445
50252,0.0010894551
50253,0.0012915778
50254,0.0007534969
50255,0.00097016385
50256,0.0013581179
50257,0.0020543765
50258,0.0019093617
50259,0.00088323216
50260,0.0009917333
50261,0.0011098868
50262,0.0016169817
50263,0.0018906896
50264,0.0020115864
50265,0.0038237656
50266,0.005020078
50267,0.0047284216
50268,0.0042435415
50269,0.0035897577
50270,0.0029125207
50271,0.002622537
50272,0.002589626
50273,0.0017517894
50274,0.0016972617
50275,0.0023736737
50276,0.0027715713
50277,0.0036859927
50278,0.003908306
50279,0.0043470277
50280,0.00391324
50281,0.0035198475
50282,0.0025947008
50283,0.0
50284,0.0015721181
50285,0.0017910724
50286,0.0012362209
50287,0.000882408
50288,0.0007585399
50289,0.0008104773
50290,0.0008398574
50291,0.0011050514
50292,0.0010666428
50293,0.0015411754
50294,0.0013973877
50295,0.0011217545
50296,0.0018776993
50297,0.0018327546
50298,0.0009356823
50299,0.0008665326
50300,0.00075222115
50301,0.0010631994
50302,0.0012257709
50303,0.0016627705
50304,0.002806487
50305,0.00376321
50306,0.0064083873
50307,0.007468955
50308,0.007910173
50309,0.007255855
50310,0.007604482
50311,0.007423573
50312,0.0055874
50313,0.004695525
50314,0.0032704484
50315,0.0011559225
50316,0.0007036023
50317,0.0009220211
50318,0.0012419989
50319,0.0020699576
50320,0.0042163916
50321,0.0051225517
50322,0.005997379
50323,0.0050916765
50324,0.0033642603
50325,0.0025859822
50326,0.0016527812
50327,0.0014457854
50328,0.0016425361
50329,0.0018481096
50330,0.0020110367
50331,0.0019586454
50332,0.0027658108
50333,0.0031467252
50334,0.0030662385
50335,0.0026833785
50336,0.0031555826
50337,0.00382617
50338,0.0032313436
50339,0.0028112635
50340,0.00279641
50341,0.0025573953
50342,0.0021504203
50343,0.0018238242
50344,0.0013705331
50345,0.0009790628
50346,0.00080867985
50347,0.0012481465
50348,0.0013222866
50349,0.0012845282
50350,0.001534931
50351,0.0013435101
50352,0.0017033895
50353,0.0021530713
50354,0.0018203582
50355,0.0025256523
50356,0.0028386987
50357,0.002003526
50358,0.00070521364
50359,0.0011016751
50360,0.0010178024
50361,0.00055427436
50362,0.0007298743
50363,0.000866902
50364,0.00042533447
50365,0.0006046987
50366,0.00071821746
50367,0.0006295522
50368,0.0010572149
50369,0.0009942538
50370,0.0011693401
50371,0.0013039793
50372,0.001047869
50373,0.0010090722
50374,0.0008702193
50375,0.0009303483
50376,0.00076179416
50377,0.0007334146
50378,0.00087402365
50379,0.0012431466
50380,0.0014828529
50381,0.0012349725
50382,0.0010111755
50383,0.0008099744
50384,0.0012453219
50385,0.0012447141
50386,0.0009879404
50387,0.00092652394
50388,0.0008665326
50389,0.0012237986
50390,0.0011113543
50391,0.0009199671
50392,0.0007044704
50393,0.0011606714
50394,0.0011901611
50395,0.0012617367
50396,0.0015920593
50397,0.0015605609
50398,0.0018036702
50399,0.0017106355
50400,0.0011968426
50401,0.0009359
50402,0.0009788546
50403,0.0014492235
50404,0.001391251
50405,0.00074087665
50406,0.00073285884
50407,0.0010497558
50408,0.0010108588
50409,0.0015400609
50410,0.0020335736
50411,0.0021160673
50412,0.001856594
50413,0.0016761591
50414,0.0012196059
50415,0.00081420335
50416,0.0007341682
50417,0.0007163916
50418,0.0014480784
50419,0.0016470483
50420,0.0012507787
50421,0.0014203179
50422,0.0016158834
50423,0.0010434156
50424,0.0013846668
50425,0.001840029
50426,0.0013603448
50427,0.0009650807
50428,0.0006745869
50429,0.000601804
50430,0.0007384765
50431,0.00086198654
50432,0.0007697753
50433,0.0011828268
50434,0.0012270998
50435,0.0018224514
50436,0.0017610686
50437,0.0019437745
50438,0.0016412422
50439,0.0008251041
50440,0.00093798124
50441,0.001021513
50442,0.00091613113
50443,0.000602867
50444,0.00052426767
50445,0.0005985064
50446,0.00055011053
50447,0.0008964782
50448,0.00073567306
50449,0.00088966725
50450,0.0008329328
50451,0.0008525827
50452,0.0010611443
50453,0.0019680732
50454,0.0026504104
50455,0.0025336598
50456,0.001686821
50457,0.0011159799
50458,0.00096336025
50459,0.0006936039
50460,0.00070302293
50461,0.00063813856
50462,0.0007042225
50463,0.0011848428
50464,0.0026501578
50465,0.003279788
50466,0.003972695
50467,0.004753792
50468,0.0035792678
50469,0.0017109417
50470,0.0011360883
50471,0.00067785784
50472,0.0014572344
50473,0.002066003
50474,0.0022157186
50475,0.0027067258
50476,0.0029914912
50477,0.002187921
50478,0.00095297216
50479,0.0007181769
50480,0.0011067883
50481,0.00071631034
50482,0.0014489423
50483,0.0014592102
50484,0.0015197439
50485,0.0010415171
50486,0.0007078088
50487,0.0005812377
50488,0.000831499
50489,0.001409106
50490,0.0019329038
50491,0.0022735596
50492,0.002372288
50493,0.0020781804
50494,0.002040674
50495,0.0012997766
50496,0.0015060278
50497,0.0017131007
50498,0.002207955
50499,0.0018995967
50500,0.0017073146
50501,0.0014702182
50502,0.001400529
50503,0.0011234914
50504,0.0006970779
50505,0.0006350297
50506,0.00077478745
50507,0.001279966
50508,0.001202592
50509,0.0009979645
50510,0.0010910834
50511,0.0010397552
50512,0.0011734643
50513,0.0013098584
50514,0.0016244878
50515,0.0016058561
50516,0.0012911496
50517,0.0016081562
50518,0.0028372323
50519,0.0031158582
50520,0.0019413774
50521,0.0015248104
50522,0.0010393072
50523,0.0013825002
50524,0.0015777913
50525,0.0014473748
50526,0.001117856
50527,0.0011880808
50528,0.0013332026
50529,0.0017145441
50530,0.001532787
50531,0.001089375
50532,0.0008234093
50533,0.0010160853
50534,0.0014156998
50535,0.0018566881
50536,0.0017635127
50537,0.0015639886
50538,0.0010492012
50539,0.0012810569
50540,0.001480535
50541,0.00088204513
50542,0.0013638703
50543,0.0021476848
50544,0.0024619903
50545,0.0017904548
50546,0.000959
50547,0.0011180643
50548,0.0017076044
50549,0.0018415942
50550,0.0018755125
50551,0.0019068755
50552,0.0014803188
50553,0.0010887069
50554,0.0010892147
50555,0.0013109023
50556,0.0009975269
50557,0.0011259756
50558,0.0012429359
50559,0.0011937991
50560,0.0011278093
50561,0.0012630047
50562,0.0012435679
50563,0.0013560163
50564,0.0011254327
50565,0.0007575032
50566,0.0011194691
50567,0.0016288891
50568,0.0026768956
50569,0.0024658765
50570,0.0011201968
50571,0.0012894805
50572,0.0015584894
50573,0.0020396183
50574,0.0020861477
50575,0.002260967
50576,0.0021775875
50577,0.0019655281
50578,0.0018957165
50579,0.0013941975
50580,0.00106246
50581,0.00079737214
50582,0.00072048313
50583,0.00076129736
50584,0.000868847
50585,0.0008525827
50586,0.0009218317
50587,0.00058253814
50588,0.00087458955
50589,0.0013965752
50590,0.0026702445
50591,0.0025255715
50592,0.0012104799
50593,0.0008851084
50594,0.00056421425
50595,0.0008167373
50596,0.0017307295
50597,0.0028131886
50598,0.0032582695
50599,0.0036227817
50600,0.004022978
50601,0.0039371224
50602,0.0039487258
50603,0.003522575
50604,0.0033795806
50605,0.0037877928
50606,0.0029354834
50607,0.0025777195
50608,0.002822082
50609,0.0031683673
50610,0.0031041887
50611,0.002711528
50612,0.003301589
50613,0.0036942423
50614,0.0038931
50615,0.0031617836
50616,0.0
50617,0.0016635929
50618,0.0019800593
50619,0.0015686525
50620,0.0008063371
50621,0.0006209409
50622,0.001094253
50623,0.001265169
50624,0.0016615273
50625,0.0017924694
50626,0.0018126677
50627,0.0015341725
50628,0.001420195
50629,0.0022653136
50630,0.0020561041
50631,0.0009202834
50632,0.00044981088
50633,0.00042874212
50634,0.00072410953
50635,0.001064485
50636,0.0013538683
50637,0.0014397943
50638,0.002198603
50639,0.0029037038
50640,0.004444481
50641,0.0064848326
50642,0.0072967014
50643,0.007388134
50644,0.0068574636
50645,0.006287825
50646,0.0064548734
50647,0.0053047724
50648,0.001752022
50649,0.0008549008
50650,0.0005328574
50651,0.00059303513
50652,0.0010385509
50653,0.0018747986
50654,0.0032488054
50655,0.005369549
50656,0.0052956683
50657,0.003924966
50658,0.0028531589
50659,0.0020172356
50660,0.001332613
50661,0.0015055446
50662,0.0013194442
50663,0.0014861857
50664,0.0012114412
50665,0.0011884236
50666,0.002438305
50667,0.0028843754
50668,0.0029195172
50669,0.0034741065
50670,0.003814682
50671,0.0029323783
50672,0.002239081
50673,0.0023999873
50674,0.002221949
50675,0.0018652738
50676,0.0021199835
50677,0.0019722686
50678,0.0013790012
50679,0.0013266155
50680,0.0018027986
50681,0.001838035
50682,0.0016328152
50683,0.002119393
50684,0.0017782546
50685,0.0022581718
50686,0.0027894385
50687,0.0026104907
50688,0.0027066076
50689,0.0024883875
50690,0.0010974931
50691,0.0006616933
50692,0.0010237898
50693,0.0011466196
50694,0.00055253884
50695,0.0008022119
50696,0.0008914973
50697,0.00044309642
50698,0.0007186225
50699,0.0012385729
50700,0.0013095251
50701,0.0014024188
50702,0.0009919386
50703,0.001242889
50704,0.0008830674
50705,0.0008868166
50706,0.0008771481
50707,0.00029061886
50708,0.0006760522
50709,0.0010167725
50710,0.0009817048
50711,0.0008924109
50712,0.0010472577
50713,0.001103971
50714,0.0011992719
50715,0.0012237986
50716,0.0016769402
50717,0.0020616031
50718,0.0019580957
50719,0.0011539065
50720,0.0013238264
50721,0.0010927094
50722,0.0012399115
50723,0.0010621586
50724,0.00094472116
50725,0.0012060236
50726,0.0014940372
50727,0.0012964809
50728,0.0013948862
50729,0.0018310706
50730,0.0019495306
50731,0.0021475628
50732,0.0019586603
50733,0.0012944364
50734,0.0009098513
50735,0.00083860895
50736,0.0014516514
50737,0.0016176836
50738,0.0011194691
50739,0.00078025245
50740,0.00082619686
50741,0.0010148815
50742,0.0012435445
50743,0.0014614622
50744,0.0018197185
50745,0.0016642051
50746,0.0011799445
50747,0.00096091005
50748,0.000791106
50749,0.00090333447
50750,0.001222847
50751,0.0015463599
50752,0.0013449391
50753,0.0007636258
50754,0.0011573065
50755,0.0010536026
50756,0.000755233
50757,0.001043025
50758,0.0014106542
50759,0.0010900693
50760,0.0008055788
50761,0.000579834
50762,0.00069116586
50763,0.00072076585
50764,0.0008189081
50765,0.00085632945
50766,0.0012628664
50767,0.00104723
50768,0.0018913359
50769,0.0019022607
50770,0.0019775592
50771,0.0015186137
50772,0.0008868494
50773,0.00073961855
50774,0.0007062446
50775,0.00047443548
50776,0.00077037996
50777,0.0010810882
50778,0.0013981581
50779,0.0012046715
50780,0.0009498826
50781,0.00058968854
50782,0.00081794796
50783,0.0010002366
50784,0.0011165795
50785,0.0010370365
50786,0.002035562
50787,0.0027374115
50788,0.0022862738
50789,0.0015892965
50790,0.0011577088
50791,0.0008138458
50792,0.00045103856
50793,0.0006170855
50794,0.0004823443
50795,0.0007529559
50796,0.0006648526
50797,0.0010175736
50798,0.0024279342
50799,0.0039326404
50800,0.00524711
50801,0.0039902027
50802,0.0012610445
50803,0.0008298172
50804,0.0006287195
50805,0.0016203081
50806,0.0023055167
50807,0.0020333016
50808,0.0023638813
50809,0.0025484804
50810,0.0022256789
50811,0.0017351967
50812,0.0013675145
50813,0.0014121183
50814,0.0012083863
50815,0.0019086146
50816,0.0015970238
50817,0.0012699447
50818,0.0008525827
50819,0.00023993202
50820,0.0004996525
50821,0.00065896066
50822,0.0009788843
50823,0.0014124686
50824,0.0018691238
50825,0.0016828134
50826,0.0013831736
50827,0.0010642117
50828,0.00083425955
50829,0.0010285544
50830,0.0013219564
50831,0.0019339123
50832,0.0023406579
50833,0.0021558271
50834,0.0011728938
50835,0.0010508642
50836,0.00081273646
50837,0.00055720704
50838,0.00084020384
50839,0.0011955288
50840,0.0016578448
50841,0.0016166397
50842,0.0011218842
50843,0.00092589547
50844,0.0010190313
50845,0.0010534368
50846,0.0012144166
50847,0.0018062018
50848,0.0015146221
50849,0.0009658946
50850,0.0012959645
50851,0.0026624072
50852,0.0032694158
50853,0.0026332135
50854,0.0018579887
50855,0.0015008786
50856,0.0016929694
50857,0.0016560883
50858,0.0017937841
50859,0.0013376267
50860,0.0012266254
50861,0.0014543355
50862,0.0013068777
50863,0.0008868494
50864,0.00070107455
50865,0.0006904918
50866,0.0009723812
50867,0.0017686872
50868,0.0022736236
50869,0.0015641561
50870,0.0010193168
50871,0.000989118
50872,0.0009858169
50873,0.0013276023
50874,0.000746473
50875,0.0013841622
50876,0.002062605
50877,0.0026887637
50878,0.0017302586
50879,0.00030046643
50880,0.0013001125
50881,0.0018761486
50882,0.0018039767
50883,0.001656598
50884,0.0018533305
50885,0.0016145321
50886,0.0012978943
50887,0.0015790451
50888,0.0012829865
50889,0.0012057099
50890,0.0015590122
50891,0.00165183
50892,0.0013740114
50893,0.0015232445
50894,0.0022799766
50895,0.0024502594
50896,0.0022737645
50897,0.0017356831
50898,0.0012298716
50899,0.0013349042
50900,0.0017289123
50901,0.0024429318
50902,0.0024409532
50903,0.0018611032
50904,0.0021337632
50905,0.0021018256
50906,0.0021473323
50907,0.0019459892
50908,0.0017625883
50909,0.0015351396
50910,0.0010971217
50911,0.0010800378
50912,0.00087767886
50913,0.00070834317
50914,0.00067350746
50915,0.0008650872
50916,0.0010795526
50917,0.0013232547
50918,0.0010084951
50919,0.0010007602
50920,0.00067953026
50921,0.0009986933
50922,0.0016386334
50923,0.0031185658
50924,0.0028668663
50925,0.0011059202
50926,0.00084521156
50927,0.00068192446
50928,0.0008583323
50929,0.0019383468
50930,0.003107637
50931,0.002890292
50932,0.0020605722
50933,0.0026438136
50934,0.0033206628
50935,0.003830427
50936,0.0033045583
50937,0.003135115
50938,0.0035379997
50939,0.003537761
50940,0.003655085
50941,0.0032292893
50942,0.0025313844
50943,0.0015579477
50944,0.0012835308
50945,0.0012938067
50946,0.0015252493
50947,0.0021213833
50948,0.0019408825
50949,0.0
50950,0.00158039
50951,0.0020541074
50952,0.0017268069
50953,0.0006275612
50954,0.00046029978
50955,0.0013654272
50956,0.001729535
50957,0.0017028596
50958,0.0016422704
50959,0.0011978149
50960,0.00083380594
50961,0.0012408736
50962,0.0023678548
50963,0.0020944183
50964,0.0009412026
50965,0.00066760473
50966,0.0007357917
50967,0.0009296285
50968,0.0013373438
50969,0.0012607676
50970,0.0009261155
50971,0.0010625969
50972,0.0018646496
50973,0.0030501266
50974,0.004166306
50975,0.0065149358
50976,0.0073986915
50977,0.0063075116
50978,0.00524291
50979,0.00704227
50980,0.0061681946
50981,0.0016707155
50982,0.0007271978
50983,0.00043400459
50984,0.000806698
50985,0.0009689331
50986,0.0012633043
50987,0.002178416
50988,0.004201435
50989,0.005018843
50990,0.0044591445
50991,0.0038949535
50992,0.0032877733
50993,0.00160707
50994,0.0011067883
50995,0.0008135596
50996,0.0012742917
50997,0.0014928875
50998,0.0023289656
50999,0.003273855
51000,0.003624958
51001,0.003692619
51002,0.0035283042
51003,0.0029968957
51004,0.0022467629
51005,0.0016902338
51006,0.0020895211
51007,0.0022324682
51008,0.0017173256
51009,0.001821493
51010,0.0019107178
51011,0.0014881035
51012,0.001830546
51013,0.002318043
51014,0.0023116563
51015,0.002224554
51016,0.002498519
51017,0.001998246
51018,0.0026838123
51019,0.003072686
51020,0.0024213204
51021,0.001979648
51022,0.0016161716
51023,0.0007563497
51024,0.00096236274
51025,0.001392631
51026,0.0014098494
51027,0.0008358976
51028,0.0008296068
51029,0.0010004402
51030,0.00092912745
51031,0.0012818745
51032,0.0020994009
51033,0.002074003
51034,0.0018860506
51035,0.0013309522
51036,0.0013123668
51037,0.00057529885
51038,0.000786383
51039,0.00083951076
51040,0.0006319055
51041,0.0011039183
51042,0.0011870514
51043,0.0007853831
51044,0.0006237468
51045,0.00080279214
51046,0.0009116089
51047,0.0011157973
51048,0.0014563553
51049,0.0018078767
51050,0.0023703487
51051,0.0021195991
51052,0.0013944897
51053,0.0012425611
51054,0.0011764121
51055,0.0010220257
51056,0.0010186884
51057,0.0009398411
51058,0.0013823739
51059,0.0013596386
51060,0.0008796993
51061,0.0011176998
51062,0.0018862665
51063,0.0018968062
51064,0.0016664945
51065,0.0011813989
51066,0.00066458987
51067,0.00079689745
51068,0.0006752337
51069,0.0011379825
51070,0.0013909371
51071,0.0011391328
51072,0.0009827123
51073,0.00069594965
51074,0.0008891764
51075,0.0010341137
51076,0.0014001757
51077,0.0019891954
51078,0.0018637129
51079,0.0008301679
51080,0.0009079941
51081,0.0007683372
51082,0.0010206578
51083,0.0014308522
51084,0.0012883515
51085,0.0009161629
51086,0.0007811099
51087,0.0010081776
51088,0.00061505416
51089,0.0004857115
51090,0.0006476902
51091,0.0009872625
51092,0.0011220139
51093,0.0010563888
51094,0.0008839239
51095,0.000745029
51096,0.0008073471
51097,0.0009269008
51098,0.0012173607
51099,0.0015446274
51100,0.0012739261
51101,0.0019199868
51102,0.0016370163
51103,0.0018599456
51104,0.00149921
51105,0.0007666308
51106,0.0003291268
51107,0.00046194077
51108,0.00067867315
51109,0.0011730179
51110,0.0014841476
51111,0.0018639471
51112,0.001744731
51113,0.0013988657
51114,0.0012220852
51115,0.001394907
51116,0.0014142395
51117,0.0013772273
51118,0.0011566525
51119,0.0020601768
51120,0.00241552
51121,0.0018067172
51122,0.0015829293
51123,0.0010657148
51124,0.0007066154
51125,0.00046206676
51126,0.00072165363
51127,0.000714724
51128,0.0008511478
51129,0.0008212504
51130,0.0015691719
51131,0.0022042482
51132,0.0038533125
51133,0.0052393167
51134,0.003882095
51135,0.0016592662
51136,0.0010908433
51137,0.0007713616
51138,0.001534931
51139,0.0023284156
51140,0.0026399689
51141,0.0022941781
51142,0.0020123965
51143,0.0026953584
51144,0.0029993614
51145,0.002547441
51146,0.0016089161
51147,0.0016011916
51148,0.0022912838
51149,0.0018389531
51150,0.0012253672
51151,0.00107542
51152,0.0009525445
51153,0.0011563253
51154,0.0010885731
51155,0.000943704
51156,0.0010314083
51157,0.0013235406
51158,0.000995921
51159,0.00082728814
51160,0.0006168025
51161,0.0007714748
51162,0.00081552484
51163,0.0009765625
51164,0.0016306392
51165,0.0025601024
51166,0.002428749
51167,0.0011609221
51168,0.0010015742
51169,0.0010656328
51170,0.0009084427
51171,0.0009300041
51172,0.0014172614
51173,0.0017665797
51174,0.0018887029
51175,0.0014196415
51176,0.0009895298
51177,0.00091939745
51178,0.00085466244
51179,0.001424308
51180,0.002148186
51181,0.0016094767
51182,0.00075423036
51183,0.0012799432
51184,0.0023834014
51185,0.0028748952
51186,0.0024791542
51187,0.0015143916
51188,0.0014079076
51189,0.0015120452
51190,0.0012812386
51191,0.0016230181
51192,0.0014469122
51193,0.0017705456
51194,0.0014819105
51195,0.0007738478
51196,0.0007403658
51197,0.0008235153
51198,0.0008279563
51199,0.0013126994
51200,0.0018860042
51201,0.0022583008
51202,0.0015199737
51203,0.00084737816
51204,0.0010669157
51205,0.0014036013
51206,0.001598299
51207,0.001233251
51208,0.0019658094
51209,0.0025883557
51210,0.002964096
51211,0.0020678192
51212,0.0009445671
51213,0.0021119646
51214,0.0027126656
51215,0.0021377422
51216,0.0019524841
51217,0.0019139746
51218,0.0016166758
51219,0.0015101577
51220,0.0018237605
51221,0.001329136
51222,0.001433758
51223,0.0021570283
51224,0.0020583253
51225,0.0017774524
51226,0.0022245932
51227,0.0026765694
51228,0.0026315772
51229,0.0021230702
51230,0.0018710847
51231,0.0015459646
51232,0.0020621817
51233,0.002240874
51234,0.002184433
51235,0.0022368443
51236,0.0029103814
51237,0.003068231
51238,0.002279019
51239,0.0018046865
51240,0.0014458457
51241,0.00082528044
51242,0.0009594855
51243,0.001265675
51244,0.0015878858
51245,0.0014954781
51246,0.0011812018
51247,0.0010018066
51248,0.0012419051
51249,0.0015677803
51250,0.0015755023
51251,0.0014282666
51252,0.0014755336
51253,0.0010595248
51254,0.0011598938
51255,0.0018980947
51256,0.003164415
51257,0.0029505345
51258,0.0009828899
51259,0.00044138537
51260,0.0008509768
51261,0.0010780958
51262,0.0019291962
51263,0.003006388
51264,0.0027374327
51265,0.0018275226
51266,0.0022594861
51267,0.002778535
51268,0.0034213646
51269,0.0029457763
51270,0.0026683474
51271,0.0024960716
51272,0.002927859
51273,0.0029852195
51274,0.002619128
51275,0.0019919588
51276,0.0016803038
51277,0.0018078607
51278,0.0017850663
51279,0.0017689505
51280,0.0017382299
51281,0.0015049839
51282,0.0
51283,0.0013735876
51284,0.001656598
51285,0.0016083914
51286,0.0008382271
51287,0.00051553483
51288,0.0014855394
51289,0.0021385998
51290,0.002083188
51291,0.0013706393
51292,0.00093134877
51293,0.00085084
51294,0.0016151267
51295,0.0023139464
51296,0.001625831
51297,0.00056991115
51298,0.0006941491
51299,0.00079649565
51300,0.00070132356
51301,0.0007537672
51302,0.00087325746
51303,0.0008826718
51304,0.0010206578
51305,0.0015925162
51306,0.0028277999
51307,0.003460088
51308,0.005508592
51309,0.0069436794
51310,0.006309924
51311,0.0048709246
51312,0.0071933134
51313,0.0063543743
51314,0.0020307952
51315,0.0010876906
51316,0.00065256975
51317,0.0009411717
51318,0.00070302293
51319,0.00085503695
51320,0.0015186712
51321,0.002685059
51322,0.0041334564
51323,0.0040894835
51324,0.00367588
51325,0.0034673815
51326,0.0019971097
51327,0.00064516894
51328,0.0007953621
51329,0.001302349
51330,0.0021102137
51331,0.0027591418
51332,0.0035567137
51333,0.0037170267
51334,0.0036151337
51335,0.0029098515
51336,0.0016688679
51337,0.0018324052
51338,0.0014331894
51339,0.0015454185
51340,0.0021446063
51341,0.0017590512
51342,0.0018041865
51343,0.0016677515
51344,0.0015792847
51345,0.0015892781
51346,0.002313179
51347,0.0024934935
51348,0.0025508206
51349,0.002875715
51350,0.002587872
51351,0.00259617
51352,0.0027175962
51353,0.001982351
51354,0.0012810342
51355,0.0009645981
51356,0.00058721565
51357,0.000776401
51358,0.0012046231
51359,0.0013431852
51360,0.0008989421
51361,0.0011720498
51362,0.0013704908
51363,0.0015521834
51364,0.001860149
51365,0.002207586
51366,0.001992178
51367,0.0017847891
51368,0.0017168341
51369,0.0015194184
51370,0.00088625855
51371,0.0006436786
51372,0.0007077266
51373,0.0011415319
51374,0.001473145
51375,0.0013611575
51376,0.0009638133
51377,0.0008705537
51378,0.000797007
51379,0.0006597111
51380,0.00066323095
51381,0.0013144497
51382,0.0012838709
51383,0.002152747
51384,0.002201976
51385,0.001568504
51386,0.0009570254
51387,0.0011878847
51388,0.0009882938
51389,0.00095343014
51390,0.00084881944
51391,0.0012161168
51392,0.0010119523
51393,0.0009803697
51394,0.0012435679
51395,0.0018795583
51396,0.0019850652
51397,0.0016050222
51398,0.00077192736
51399,0.0006655526
51400,0.00076773093
51401,0.000788379
51402,0.0007709842
51403,0.0011953583
51404,0.0016412777
51405,0.0015173099
51406,0.00079055404
51407,0.0010763126
51408,0.0011295112
51409,0.0013018796
51410,0.0021306647
51411,0.002113356
51412,0.0011553433
51413,0.00085306045
51414,0.000701531
51415,0.0009215791
51416,0.0009146368
51417,0.0006616933
51418,0.0005854287
51419,0.0009376709
51420,0.000996622
51421,0.0006115425
51422,0.0007589235
51423,0.0008495392
51424,0.0010882255
51425,0.0009995671
51426,0.0009807853
51427,0.00095513806
51428,0.00091914413
51429,0.00092633546
51430,0.0007622143
51431,0.0012591275
51432,0.0014229178
51433,0.0015669818
51434,0.0018732921
51435,0.001532787
51436,0.0013406043
51437,0.0011222733
51438,0.00064272835
51439,0.0006015138
51440,0.0006447628
51441,0.00071594457
51442,0.0012094455
51443,0.0010953961
51444,0.0009931702
51445,0.0012220613
51446,0.0013690459
51447,0.0016006645
51448,0.0017574787
51449,0.001663418
51450,0.0017205088
51451,0.0017494287
51452,0.0017812145
51453,0.0017222671
51454,0.0017016971
51455,0.0019367395
51456,0.0013576036
51457,0.00091282127
51458,0.0007640068
51459,0.00069204957
51460,0.0007805135
51461,0.0012815567
51462,0.0015936854
51463,0.0021560162
51464,0.0028015361
51465,0.004148132
51466,0.0043288595
51467,0.0026986173
51468,0.0017493787
51469,0.0011047616
51470,0.0006643271
51471,0.0013421664
51472,0.0020330725
51473,0.0025162084
51474,0.0025427297
51475,0.0021925718
51476,0.0026117947
51477,0.00317546
51478,0.0028384116
51479,0.0018958546
51480,0.0023071824
51481,0.002862955
51482,0.002139008
51483,0.0014519321
51484,0.0011161102
51485,0.0009628767
51486,0.0009287828
51487,0.001185874
51488,0.0015000639
51489,0.0015823592
51490,0.0016615798
51491,0.0014189443
51492,0.0011158495
51493,0.0007134198
51494,0.0007574648
51495,0.00092909613
51496,0.0012046715
51497,0.0018771257
51498,0.0025062533
51499,0.0021783758
51500,0.0011052093
51501,0.0010556722
51502,0.0011001682
51503,0.00081584597
51504,0.00096175773
51505,0.0010220541
51506,0.0013765931
51507,0.0015871892
51508,0.0013483323
51509,0.0011235174
51510,0.0007903331
51511,0.0005612663
51512,0.0014654198
51513,0.0023239367
51514,0.0017829456
51515,0.0009462295
51516,0.0012764367
51517,0.0018608843
51518,0.0025779565
51519,0.0024488454
51520,0.0010433877
51521,0.00085244613
51522,0.00096755044
51523,0.0010437781
51524,0.0013859484
51525,0.0014862053
51526,0.0021054503
51527,0.0016029538
51528,0.000540396
51529,0.00068605185
51530,0.00077037996
51531,0.0006792732
51532,0.0016028448
51533,0.002714446
51534,0.0023630934
51535,0.0014331489
51536,0.0009607586
51537,0.0013944271
51538,0.0016507196
51539,0.0013693222
51540,0.0014093951
51541,0.0024559423
51542,0.0030263127
51543,0.0029841468
51544,0.0019006536
51545,0.0008341549
51546,0.0023336345
51547,0.0034601134
51548,0.0027322287
51549,0.0021335175
51550,0.0017053703
51551,0.0012027372
51552,0.0016715166
51553,0.0024055592
51554,0.0018339928
51555,0.0015881606
51556,0.0020030902
51557,0.0016531157
51558,0.0016249357
51559,0.0016732917
51560,0.0018357534
51561,0.0018510207
51562,0.0014884165
51563,0.0015806846
51564,0.0016707677
51565,0.0028422133
51566,0.00304943
51567,0.0020232429
51568,0.0019029032
51569,0.0037560493
51570,0.0036012197
51571,0.001668083
51572,0.0008393721
51573,0.00068094215
51574,0.0008298172
51575,0.001099692
51576,0.0014236132
51577,0.0016169098
51578,0.0017680454
51579,0.0016888557
51580,0.0017437632
51581,0.0015956382
51582,0.0017589189
51583,0.0016028448
51584,0.0017990171
51585,0.0022434832
51586,0.001915054
51587,0.0019185918
51588,0.0021649743
51589,0.0026501687
51590,0.0024503306
51591,0.001106078
51592,0.00033673213
51593,0.00045668156
51594,0.00078889565
51595,0.0017752734
51596,0.0021481318
51597,0.0017456481
51598,0.0014216288
51599,0.001899566
51600,0.0027226678
51601,0.0035652055
51602,0.0035678495
51603,0.002733986
51604,0.0019190012
51605,0.0017339216
51606,0.0014933748
51607,0.0017344754
51608,0.0022513825
51609,0.0027460204
51610,0.0024722652
51611,0.0020585798
51612,0.0020418433
51613,0.0018626507
51614,0.0016481965
51615,0.0
51616,0.0011870514
51617,0.0012783505
51618,0.0014740733
51619,0.001287651
51620,0.0005702175
51621,0.0013961375
51622,0.0023651123
51623,0.0027064357
51624,0.0025463898
51625,0.002243522
51626,0.00228314
51627,0.0021569203
51628,0.0020551414
51629,0.0013435101
51630,0.0005695025
51631,0.0007042638
51632,0.00089735433
51633,0.0009074811
51634,0.000787862
51635,0.00078908005
51636,0.00087315746
51637,0.0008947885
51638,0.0013302304
51639,0.0027163432
51640,0.003583274
51641,0.0043907943
51642,0.0069026924
51643,0.0073953904
51644,0.00556697
51645,0.006953313
51646,0.005742639
51647,0.0025971786
51648,0.0020102984
51649,0.0013772061
51650,0.0012431466
51651,0.00070302293
51652,0.00085982296
51653,0.001168369
51654,0.0016124577
51655,0.0030536551
51656,0.0035858967
51657,0.0033249282
51658,0.0035578837
51659,0.0025878272
51660,0.00068213785
51661,0.0014125716
51662,0.0018677063
51663,0.0029964296
51664,0.0034297842
51665,0.0042245286
51666,0.004056284
51667,0.003288924
51668,0.0017104824
51669,0.00095419295
51670,0.001435462
51671,0.0010944924
51672,0.00077568844
51673,0.0016624554
51674,0.001958913
51675,0.0017926967
51676,0.001178192
51677,0.00117458
51678,0.0012372093
51679,0.0019887858
51680,0.0026830533
51681,0.0031868045
51682,0.0035423485
51683,0.003130693
51684,0.0027759466
51685,0.0024611626
51686,0.0014506486
51687,0.0012810569
51688,0.0014305675
51689,0.00091600406
51690,0.00065926975
51691,0.00082908035
51692,0.0010233632
51693,0.00083065854
51694,0.0014206457
51695,0.0016321021
51696,0.001632637
51697,0.0017079453
51698,0.0017748143
51699,0.0016315492
51700,0.0018871613
51701,0.0021106964
51702,0.0015635234
51703,0.0010685239
51704,0.00071027165
51705,0.0010228512
51706,0.0014483597
51707,0.0017327294
51708,0.001391251
51709,0.00110463
51710,0.0009648394
51711,0.0009946928
51712,0.001207085
51713,0.0013241341
51714,0.001786191
51715,0.0015947624
51716,0.0020216457
51717,0.0019763224
51718,0.0016567912
51719,0.0010842871
51720,0.0012799432
51721,0.001222109
51722,0.0009169885
51723,0.00097100344
51724,0.0012491255
51725,0.0012327553
51726,0.0010220541
51727,0.0012515696
51728,0.0019178331
51729,0.0020559202
51730,0.0015024872
51731,0.00065803254
51732,0.0006253312
51733,0.00084117317
51734,0.0009989847
51735,0.0009477661
51736,0.001038607
51737,0.0017306622
51738,0.0020033664
51739,0.001555349
51740,0.0010045627
51741,0.0010929757
51742,0.0014401379
51743,0.0022025178
51744,0.0016071786
51745,0.0008660959
51746,0.0005481496
51747,0.0007709842
51748,0.00087625184
51749,0.0006711266
51750,0.0006387312
51751,0.00082047033
51752,0.0011751249
51753,0.0012795565
51754,0.00093134877
51755,0.00088359456
51756,0.0010013126
51757,0.0011804131
51758,0.0011556203
51759,0.001585336
51760,0.0018818795
51761,0.0017215235
51762,0.0012589425
51763,0.00084279774
51764,0.0010955821
51765,0.001307412
51766,0.0016563344
51767,0.0017581244
51768,0.0013103249
51769,0.0010763396
51770,0.000956782
51771,0.00088638987
51772,0.0008736573
51773,0.00069217576
51774,0.0008373239
51775,0.001265629
51776,0.0009519944
51777,0.00047517105
51778,0.0008343991
51779,0.0011968426
51780,0.0015042102
51781,0.0017638428
51782,0.0018282392
51783,0.0017724842
51784,0.0015733211
51785,0.0011062096
51786,0.0012472369
51787,0.0014978505
51788,0.0016957348
51789,0.0012385495
51790,0.001065742
51791,0.00091489137
51792,0.00080792373
51793,0.0015020028
51794,0.0018682205
51795,0.0018568762
51796,0.002283548
51797,0.0027750763
51798,0.003999353
51799,0.004027128
51800,0.0022282274
51801,0.0018222119
51802,0.0011545368
51803,0.00080568716
51804,0.0010503933
51805,0.0015111209
51806,0.0026854167
51807,0.0032885256
51808,0.002930949
51809,0.002066355
51810,0.0021453798
51811,0.0020688183
51812,0.0015560973
51813,0.0027285728
51814,0.0032750815
51815,0.0023436774
51816,0.0017792527
51817,0.0012491954
51818,0.00073638477
51819,0.0007925395
51820,0.001965454
51821,0.0022764509
51822,0.0019330995
51823,0.0016376384
51824,0.0011663246
51825,0.00093418814
51826,0.00065470696
51827,0.00095343014
51828,0.0011385194
51829,0.0016037707
51830,0.0018080699
51831,0.0019878636
51832,0.0015961124
51833,0.0010358291
51834,0.000896186
51835,0.00086797564
51836,0.0007707199
51837,0.0010968035
51838,0.00089809997
51839,0.0009670991
51840,0.0008216755
51841,0.00054055755
51842,0.00095122977
51843,0.0010544861
51844,0.0009199987
51845,0.0013840571
51846,0.0021998072
51847,0.0016762633
51848,0.0010241591
51849,0.0012586883
51850,0.0017153927
51851,0.0021201894
51852,0.0020062698
51853,0.0011310818
51854,0.000515309
51855,0.0005687866
51856,0.0010986858
51857,0.001521983
51858,0.0015523521
51859,0.001998246
51860,0.0014616614
51861,0.0006330099
51862,0.0004438839
51863,0.00048505192
51864,0.0005520119
51865,0.0015381132
51866,0.0024688842
51867,0.0016409762
51868,0.0011779449
51869,0.0013467988
51870,0.0015547688
51871,0.001300202
51872,0.0011204046
51873,0.0015207969
51874,0.0025970666
51875,0.0032028467
51876,0.0026829012
51877,0.001606744
51878,0.001417323
51879,0.002436681
51880,0.004016954
51881,0.00331208
51882,0.0018579887
51883,0.0012069644
51884,0.0012289247
51885,0.0027715713
51886,0.003059254
51887,0.002417784
51888,0.0017403049
51889,0.0017661513
51890,0.0016192839
51891,0.0010794448
51892,0.00084183033
51893,0.000868445
51894,0.0014989576
51895,0.0013118344
51896,0.0012413426
51897,0.0016501024
51898,0.0028238038
51899,0.003574182
51900,0.002664822
51901,0.0023103463
51902,0.0037644936
51903,0.0032494504
51904,0.0011622751
51905,0.00083230366
51906,0.00061642483
51907,0.00092195795
51908,0.0009134587
51909,0.0008766835
51910,0.0010550104
51911,0.0014780167
51912,0.0018971744
51913,0.002344857
51914,0.0021143337
51915,0.0018298145
51916,0.0014755336
51917,0.0010571324
51918,0.0016372474
51919,0.0014797288
51920,0.0018046381
51921,0.0021611396
51922,0.0020574485
51923,0.0018000036
51924,0.001053271
51925,0.0003214321
51926,0.00027349012
51927,0.0006941911
51928,0.0016741784
51929,0.0017908125
51930,0.0011920182
51931,0.00068401254
51932,0.0009641152
51933,0.001899566
51934,0.002969364
51935,0.0035219966
51936,0.0026719116
51937,0.0016992154
51938,0.0010421037
51939,0.0010653597
51940,0.001594726
51941,0.0021912174
51942,0.0034543553
51943,0.003185014
51944,0.0019270527
51945,0.001630889
51946,0.0019954913
51947,0.0020217176
51948,0.0
51949,0.0009438273
51950,0.0011287379
51951,0.0014785483
51952,0.001707417
51953,0.0016314421
51954,0.0013700871
51955,0.002243535
51956,0.0029940489
51957,0.0032346745
51958,0.0030278412
51959,0.002891138
51960,0.002318633
51961,0.0017882591
51962,0.0010556171
51963,0.0007806254
51964,0.000730751
51965,0.0006877466
51966,0.0006938136
51967,0.0009307236
51968,0.00092969113
51969,0.0010591127
51970,0.0011598938
51971,0.0014224269
51972,0.0022713568
51973,0.0035309263
51974,0.00448204
51975,0.007306682
51976,0.007948544
51977,0.0055934857
51978,0.0061425962
51979,0.005047789
51980,0.0034433005
51981,0.0034136148
51982,0.0029267257
51983,0.0022877373
51984,0.0016327082
51985,0.0011445872
51986,0.0014850495
51987,0.0016145861
51988,0.0023552473
51989,0.003391341
51990,0.0029262283
51991,0.0036194623
51992,0.0033221787
51993,0.0017265878
51994,0.002817706
51995,0.00331705
51996,0.0034646525
51997,0.0041644126
51998,0.004688497
51999,0.004296616
52000,0.0028697478
52001,0.001684853
52002,0.0013462153
52003,0.0013852762
52004,0.0010334098
52005,0.0007310298
52006,0.00084183033
52007,0.0016905953
52008,0.001559908
52009,0.0006464308
52010,0.00068935286
52011,0.0011950175
52012,0.0017131856
52013,0.0029429493
52014,0.0037444164
52015,0.00398878
52016,0.0036579347
52017,0.002532373
52018,0.0016932616
52019,0.0010155409
52020,0.0010989242
52021,0.0014961591
52022,0.0011891581
52023,0.0009408006
52024,0.00091144926
52025,0.0012650309
52026,0.001094519
52027,0.0015717293
52028,0.0018128925
52029,0.0012600748
52030,0.0014650425
52031,0.0011555448
52032,0.00088026153
52033,0.0016687982
52034,0.0022351912
52035,0.0020583253
52036,0.0016189604
52037,0.0010925762
52038,0.0016617901
52039,0.0016338308
52040,0.001380794
52041,0.0010654143
52042,0.0011290988
52043,0.00096163666
52044,0.0011813496
52045,0.0017612503
52046,0.0019745987
52047,0.0019756597
52048,0.0016281207
52049,0.0017241588
52050,0.0019079589
52051,0.0018022981
52052,0.001289142
52053,0.000991293
52054,0.0010770694
52055,0.0009097553
52056,0.0009598797
52057,0.0012587807
52058,0.0012833495
52059,0.0012358677
52060,0.0015657741
52061,0.0017419764
52062,0.001810322
52063,0.0013259571
52064,0.00043840814
52065,0.00089719216
52066,0.0012642714
52067,0.0010611168
52068,0.0008163096
52069,0.00070302293
52070,0.0014609046
52071,0.0016846802
52072,0.0014143424
52073,0.0009875278
52074,0.0010536301
52075,0.0014933358
52076,0.0020968902
52077,0.0016275843
52078,0.001158714
52079,0.0006428189
52080,0.0008121633
52081,0.0008080678
52082,0.00045322714
52083,0.00039103904
52084,0.0008879973
52085,0.0011520133
52086,0.0010445864
52087,0.0007238683
52088,0.00064845366
52089,0.0014418142
52090,0.0019224712
52091,0.0017794654
52092,0.0020024218
52093,0.0019126057
52094,0.0014085895
52095,0.0012606521
52096,0.0011568789
52097,0.00083725434
52098,0.0009216106
52099,0.0012921186
52100,0.0013369303
52101,0.00084820203
52102,0.00078010326
52103,0.000636586
52104,0.0006692592
52105,0.00088606146
52106,0.0009300041
52107,0.0011729434
52108,0.0015685412
52109,0.0013406043
52110,0.00094163546
52111,0.0009782895
52112,0.0010163144
52113,0.0013520182
52114,0.0015087695
52115,0.0014411279
52116,0.0011469495
52117,0.0009569341
52118,0.00078415923
52119,0.0012281666
52120,0.0012442464
52121,0.0011837861
52122,0.0015803347
52123,0.0019656022
52124,0.0021631722
52125,0.0038875565
52126,0.0049554724
52127,0.005126323
52128,0.0040545333
52129,0.0031211963
52130,0.0024010907
52131,0.002985307
52132,0.0036425625
52133,0.0027159038
52134,0.0014899214
52135,0.00094327214
52136,0.000732978
52137,0.00077565096
52138,0.0012203692
52139,0.0015482409
52140,0.0025789384
52141,0.002344857
52142,0.001829719
52143,0.0018388424
52144,0.0016985815
52145,0.0011256137
52146,0.0027064248
52147,0.0032580106
52148,0.0024296956
52149,0.002045005
52150,0.0014443352
52151,0.0007555412
52152,0.0010867
52153,0.002647202
52154,0.0026457943
52155,0.0015702659
52156,0.0011322135
52157,0.0008221713
52158,0.0008713223
52159,0.00089890976
52160,0.0012053477
52161,0.001219582
52162,0.0011673472
52163,0.0011352426
52164,0.0014967232
52165,0.0013497777
52166,0.0010457837
52167,0.0009975852
52168,0.00095769414
52169,0.0009970308
52170,0.0010566917
52171,0.0006395053
52172,0.001058728
52173,0.0009913223
52174,0.0009503727
52175,0.0010249262
52176,0.0011031535
52177,0.0011302066
52178,0.0014282259
52179,0.0017752734
52180,0.0013288294
52181,0.0009890003
52182,0.00087797723
52183,0.0012507554
52184,0.0017673209
52185,0.0018876238
52186,0.0014190674
52187,0.00044773563
52188,0.0006771705
52189,0.0014802992
52190,0.0019192136
52191,0.001505274
52192,0.0015039005
52193,0.0012643406
52194,0.0012184599
52195,0.0011020184
52196,0.00082746404
52197,0.0007523759
52198,0.0015265463
52199,0.0022351781
52200,0.0014803974
52201,0.0013237604
52202,0.0012119696
52203,0.0011124536
52204,0.0011035491
52205,0.001469941
52206,0.002179391
52207,0.0024340998
52208,0.0025301652
52209,0.0021015762
52210,0.001515064
52211,0.0018524195
52212,0.0023367754
52213,0.003651811
52214,0.0032477034
52215,0.0013702146
52216,0.0010412936
52217,0.0023708765
52218,0.0039121537
52219,0.0036646912
52220,0.002632473
52221,0.0017292154
52222,0.0015667217
52223,0.0013872706
52224,0.0008568051
52225,0.0011922378
52226,0.0018601647
52227,0.0031955142
52228,0.00415718
52229,0.004524977
52230,0.0038929356
52231,0.0029735852
52232,0.0036120168
52233,0.003423873
52234,0.0024179043
52235,0.0029749747
52236,0.0023041908
52237,0.001281284
52238,0.001207784
52239,0.0011603704
52240,0.0012908115
52241,0.0013500795
52242,0.0013024161
52243,0.0011655508
52244,0.00095156627
52245,0.001446047
52246,0.0022614945
52247,0.0024967361
52248,0.0024144351
52249,0.0024964213
52250,0.0014592102
52251,0.0010325647
52252,0.00075249193
52253,0.0011659253
52254,0.001620811
52255,0.0014434282
52256,0.0011591659
52257,0.00094678294
52258,0.00082188804
52259,0.000842556
52260,0.0010709724
52261,0.0017841532
52262,0.0019252396
52263,0.0015372994
52264,0.0009431487
52265,0.0005001183
52266,0.0007547319
52267,0.0021047452
52268,0.002938149
52269,0.0025071471
52270,0.0019749377
52271,0.0015613626
52272,0.001532806
52273,0.00198719
52274,0.0019802798
52275,0.0033553988
52276,0.0038535618
52277,0.0024606779
52278,0.0019406127
52279,0.0025361856
52280,0.0025380785
52281,0.0
52282,0.00069108163
52283,0.000935589
52284,0.001476204
52285,0.0020143625
52286,0.0022173468
52287,0.0018267581
52288,0.0019165428
52289,0.0026559718
52290,0.0028910574
52291,0.0027819057
52292,0.002444861
52293,0.0020473804
52294,0.001520146
52295,0.0010264867
52296,0.0011534272
52297,0.0012594048
52298,0.0015825063
52299,0.0014871059
52300,0.0017332836
52301,0.0015466234
52302,0.0013630164
52303,0.0013865991
52304,0.001573395
52305,0.0019695219
52306,0.0035087003
52307,0.0043359064
52308,0.007012223
52309,0.008393121
52310,0.00600713
52311,0.0053700856
52312,0.00475329
52313,0.0040754965
52314,0.003841277
52315,0.003438149
52316,0.0031257342
52317,0.0023996963
52318,0.0016521295
52319,0.0016407279
52320,0.002077592
52321,0.002301208
52322,0.0033658776
52323,0.0037429782
52324,0.0035499646
52325,0.0035892632
52326,0.003115223
52327,0.0034273819
52328,0.0038281318
52329,0.0035066842
52330,0.0038922476
52331,0.0036224604
52332,0.0026761128
52333,0.0016588627
52334,0.0014339406
52335,0.00120776
52336,0.0011124013
52337,0.00090667896
52338,0.0010354075
52339,0.0012618289
52340,0.0015956382
52341,0.0013244858
52342,0.00045744568
52343,0.0007042638
52344,0.0011698129
52345,0.0015903217
52346,0.003798044
52347,0.0048940824
52348,0.004309102
52349,0.00323686
52350,0.0019201688
52351,0.0013780934
52352,0.00080824783
52353,0.00082598545
52354,0.001175843
52355,0.0013516092
52356,0.0011773271
52357,0.0010473133
52358,0.0011696884
52359,0.0010896955
52360,0.0013562524
52361,0.0015082678
52362,0.0010780148
52363,0.0011346015
52364,0.0009981103
52365,0.0004934986
52366,0.0013374527
52367,0.00202896
52368,0.002193514
52369,0.0020889917
52370,0.0016198949
52371,0.0018084723
52372,0.0014271047
52373,0.0011436968
52374,0.0012338408
52375,0.00119983
52376,0.00080957904
52377,0.0006106376
52378,0.0009001716
52379,0.001143366
52380,0.0008726907
52381,0.0012917131
52382,0.0015300122
52383,0.0016270299
52384,0.0014746852
52385,0.0011499905
52386,0.0009899121
52387,0.0010034612
52388,0.0009117047
52389,0.0012835762
52390,0.0017830599
52391,0.0016618426
52392,0.0015788055
52393,0.001752404
52394,0.0016503494
52395,0.0013241561
52396,0.0009456141
52397,0.00048487188
52398,0.0011655508
52399,0.0014716625
52400,0.0008263025
52401,0.00076829933
52402,0.00075291726
52403,0.00082142756
52404,0.001142271
52405,0.0011673472
52406,0.0010291768
52407,0.0007742238
52408,0.0013166398
52409,0.0021117993
52410,0.0018283346
52411,0.0012080731
52412,0.000660108
52413,0.00070977974
52414,0.00081527495
52415,0.0004906003
52416,0.00047931788
52417,0.0010318315
52418,0.0012268389
52419,0.00078482705
52420,0.00061990885
52421,0.0008593489
52422,0.0017044655
52423,0.0022142995
52424,0.0018393488
52425,0.0015440998
52426,0.001223418
52427,0.00041592447
52428,0.0012328497
52429,0.0014395921
52430,0.00087295746
52431,0.0009687228
52432,0.0012867466
52433,0.001202229
52434,0.0007884528
52435,0.00076389255
52436,0.0004838504
52437,0.0006380017
52438,0.0010959274
52439,0.0012189853
52440,0.0013575178
52441,0.001752404
52442,0.0016380117
52443,0.0015833705
52444,0.0014174668
52445,0.0009932874
52446,0.0011825807
52447,0.0010604858
52448,0.00070302293
52449,0.00041431194
52450,0.0006113045
52451,0.000828378
52452,0.0009072887
52453,0.0010757176
52454,0.0014333721
52455,0.0022897336
52456,0.0031722046
52457,0.004168143
52458,0.0051742992
52459,0.0053263665
52460,0.0047497745
52461,0.0040377737
52462,0.0032628041
52463,0.0022648124
52464,0.00239733
52465,0.003940137
52466,0.0030468425
52467,0.0009626349
52468,0.001048563
52469,0.0008015223
52470,0.00027508172
52471,0.00068098493
52472,0.00066054874
52473,0.0011398223
52474,0.0013783679
52475,0.0016052761
52476,0.0023778512
52477,0.0023707661
52478,0.0017590512
52479,0.002562818
52480,0.0029886004
52481,0.0023638813
52482,0.0021638717
52483,0.0019679845
52484,0.0011612981
52485,0.0011312877
52486,0.0028024605
52487,0.002940268
52488,0.0013272515
52489,0.00048415107
52490,0.000706986
52491,0.00092567544
52492,0.0011371126
52493,0.0012914877
52494,0.00095343014
52495,0.0007932002
52496,0.0009030767
52497,0.0016299073
52498,0.0015541135
52499,0.001140435
52500,0.0012295166
52501,0.0014139514
52502,0.0014118297
52503,0.0011461118
52504,0.0010273936
52505,0.00130563
52506,0.0012376092
52507,0.0010508919
52508,0.00065803254
52509,0.00071529386
52510,0.00087225705
52511,0.0010769074
52512,0.0011302325
52513,0.00093565125
52514,0.0009380743
52515,0.00075907685
52516,0.001290586
52517,0.0019268262
52518,0.0021343904
52519,0.0014389248
52520,0.0007370169
52521,0.0010501163
52522,0.0018963305
52523,0.0025346589
52524,0.0024489406
52525,0.0017680454
52526,0.0012439189
52527,0.0013037785
52528,0.0012900672
52529,0.0010296009
52530,0.0006058047
52531,0.0010884127
52532,0.0014340217
52533,0.00085128454
52534,0.0008102259
52535,0.0010226804
52536,0.0013890737
52537,0.0022790446
52538,0.0024967827
52539,0.0026476637
52540,0.0024401066
52541,0.0020367627
52542,0.0013891365
52543,0.0011986408
52544,0.0016839891
52545,0.0020936676
52546,0.002853322
52547,0.0025968088
52548,0.0013594246
52549,0.0020424419
52550,0.002992464
52551,0.0038741252
52552,0.003060852
52553,0.0019264637
52554,0.0018588187
52555,0.0015112365
52556,0.0013642117
52557,0.0012061684
52558,0.001672387
52559,0.0022288933
52560,0.0033192951
52561,0.004348514
52562,0.0047448883
52563,0.0041110613
52564,0.0041568507
52565,0.0044251145
52566,0.004137981
52567,0.0020573211
52568,0.0016455102
52569,0.0017599113
52570,0.0024173385
52571,0.0026428227
52572,0.0023048602
52573,0.0019318042
52574,0.0018224035
52575,0.0014699212
52576,0.0013428818
52577,0.0012005089
52578,0.0013841833
52579,0.0022529203
52580,0.0024727478
52581,0.0025409549
52582,0.0028037792
52583,0.0019948059
52584,0.0010787705
52585,0.00048300755
52586,0.00085931504
52587,0.0014391878
52588,0.0015025066
52589,0.0014423592
52590,0.0013319795
52591,0.0011121919
52592,0.0010004402
52593,0.00091501855
52594,0.0013773751
52595,0.0018114632
52596,0.001804751
52597,0.0015343431
52598,0.0010428855
52599,0.0012176236
52600,0.0017527527
52601,0.0023020299
52602,0.0020495825
52603,0.0019292415
52604,0.0018903355
52605,0.002353195
52606,0.0026232917
52607,0.0019693298
52608,0.0028875319
52609,0.003997497
52610,0.002828551
52611,0.0021393888
52612,0.0030546747
52613,0.0029016284
52614,0.0
52615,0.00023564827
52616,0.0008726907
52617,0.001186144
52618,0.0020232429
52619,0.0028056677
52620,0.002043382
52621,0.0014241855
52622,0.0015663874
52623,0.0019354768
52624,0.0021743774
52625,0.002358273
52626,0.0023079014
52627,0.0018876084
52628,0.0012068921
52629,0.0014461074
52630,0.0019197746
52631,0.0022268554
52632,0.0023475487
52633,0.0018673323
52634,0.0015481092
52635,0.000931505
52636,0.0011042609
52637,0.0015603744
52638,0.0017835984
52639,0.0032465293
52640,0.0045545697
52641,0.006665218
52642,0.0077341218
52643,0.0058280933
52644,0.0046467897
52645,0.0039823465
52646,0.0035890443
52647,0.0035214182
52648,0.0034217304
52649,0.003125399
52650,0.002232768
52651,0.001911601
52652,0.0018676128
52653,0.0022057265
52654,0.0030030948
52655,0.0040876614
52656,0.004139416
52657,0.0036463398
52658,0.0035110554
52659,0.004673588
52660,0.004505033
52661,0.0041474374
52662,0.0036916416
52663,0.0033073756
52664,0.0026555664
52665,0.0009121515
52666,0.0003380261
52667,0.0009875867
52668,0.0011129244
52669,0.001218436
52670,0.0011569795
52671,0.001272829
52672,0.0014682373
52673,0.0017325783
52674,0.0016955632
52675,0.0015205863
52676,0.0014250639
52677,0.0016735872
52678,0.003014007
52679,0.004652961
52680,0.0050036265
52681,0.0038847406
52682,0.002776345
52683,0.001953572
52684,0.0014088994
52685,0.00086821034
52686,0.0007330177
52687,0.0009423769
52688,0.0013199294
52689,0.0011495855
52690,0.00082946644
52691,0.0009422843
52692,0.0012515463
52693,0.0013825002
52694,0.0015719516
52695,0.001418493
52696,0.0012444803
52697,0.0013046265
52698,0.00086120964
52699,0.001295695
52700,0.0016175936
52701,0.0020938206
52702,0.0021854588
52703,0.0019134728
52704,0.0017169528
52705,0.0013837838
52706,0.0010898557
52707,0.0012844602
52708,0.00128557
52709,0.00072145194
52710,0.0005755012
52711,0.0007193107
52712,0.0007723043
52713,0.0003708702
52714,0.00076727587
52715,0.0012245831
52716,0.0012928166
52717,0.0011289184
52718,0.00083457347
52719,0.00088976533
52720,0.0009110021
52721,0.0007723043
52722,0.0015658485
52723,0.0023514135
52724,0.0026769827
52725,0.002373686
52726,0.0017167494
52727,0.0012225852
52728,0.0011736131
52729,0.00094601413
52730,0.0005666848
52731,0.0011135257
52732,0.0014426619
52733,0.0008703531
52734,0.00052454515
52735,0.00076229067
52736,0.0012308888
52737,0.0015894612
52738,0.001599373
52739,0.0014922635
52740,0.0013723582
52741,0.0014219767
52742,0.0016245237
52743,0.002264414
52744,0.0019488287
52745,0.0010645398
52746,0.0008378451
52747,0.0007334146
52748,0.00059386884
52749,0.0006116853
52750,0.0010766911
52751,0.001392401
52752,0.0009971184
52753,0.0006191102
52754,0.00078099815
52755,0.0016597747
52756,0.0023993931
52757,0.0023189972
52758,0.0018252918
52759,0.0016837989
52760,0.0011410473
52761,0.0012821696
52762,0.0013959082
52763,0.0008052897
52764,0.00084169203
52765,0.0014437105
52766,0.0012220376
52767,0.0007160259
52768,0.00066943315
52769,0.0007355148
52770,0.001019688
52771,0.0014252476
52772,0.0012877189
52773,0.0007541918
52774,0.0009319111
52775,0.0013336173
52776,0.0018603212
52777,0.0019103828
52778,0.0016904576
52779,0.0019404027
52780,0.0014308115
52781,0.0010795526
52782,0.0008368371
52783,0.0009929944
52784,0.0007902226
52785,0.0008578914
52786,0.0014615817
52787,0.0018659758
52788,0.0020596823
52789,0.0028632092
52790,0.0036331702
52791,0.003975881
52792,0.0030324035
52793,0.00073859474
52794,0.0018119932
52795,0.0023889754
52796,0.002612597
52797,0.002359112
52798,0.0036350042
52799,0.003057979
52800,0.00069699436
52801,0.0009255182
52802,0.0006628798
52803,0.000685585
52804,0.00093103625
52805,0.00088622567
52806,0.0008646161
52807,0.000972471
52808,0.0016228567
52809,0.0027669154
52810,0.003229037
52811,0.0025779225
52812,0.0023042918
52813,0.0027809117
52814,0.0025676284
52815,0.0025631133
52816,0.002623447
52817,0.002001884
52818,0.0014121595
52819,0.0025773467
52820,0.0028479723
52821,0.0014604264
52822,0.00038932345
52823,0.00066423946
52824,0.000775801
52825,0.00086797564
52826,0.00066598976
52827,0.00059111806
52828,0.0006873657
52829,0.00075090455
52830,0.0015577049
52831,0.0014278998
52832,0.00091609935
52833,0.00093272276
52834,0.0010296009
52835,0.0011796484
52836,0.0010343388
52837,0.0012511974
52838,0.0013121449
52839,0.0011702855
52840,0.0009359
52841,0.00057958293
52842,0.00057817524
52843,0.000735119
52844,0.0008558535
52845,0.00074475555
52846,0.00059111806
52847,0.0008722237
52848,0.0008577557
52849,0.0010817341
52850,0.0017657228
52851,0.0020764011
52852,0.0015528958
52853,0.00090655056
52854,0.00091364986
52855,0.0017053873
52856,0.0025747595
52857,0.0031014215
52858,0.0025209002
52859,0.0015262222
52860,0.0010531328
52861,0.0015115062
52862,0.001628371
52863,0.0012902026
52864,0.00088260585
52865,0.0010369804
52866,0.0006636258
52867,0.001129537
52868,0.0015518646
52869,0.0017722051
52870,0.0020455457
52871,0.0019100019
52872,0.002088072
52873,0.001978589
52874,0.0012328497
52875,0.0011841302
52876,0.0014360702
52877,0.0018553238
52878,0.0019495006
52879,0.0017745191
52880,0.0015610084
52881,0.0013948862
52882,0.0022305641
52883,0.0028541381
52884,0.0030719186
52885,0.0021852057
52886,0.0014526936
52887,0.0015374129
52888,0.0014255539
52889,0.0016161175
52890,0.0017956166
52891,0.001489765
52892,0.0020080386
52893,0.0019965267
52894,0.002163616
52895,0.0021573522
52896,0.0027739538
52897,0.0037225739
52898,0.003841921
52899,0.0030179922
52900,0.0015241613
52901,0.0018209337
52902,0.0026003816
52903,0.0029044554
52904,0.0028815386
52905,0.0024370034
52906,0.001868314
52907,0.0013154235
52908,0.0009094034
52909,0.001110909
52910,0.0011810047
52911,0.0012757981
52912,0.0017385145
52913,0.0015441186
52914,0.0016063092
52915,0.0021376333
52916,0.0020407597
52917,0.0014477769
52918,0.00079525233
52919,0.0006847355
52920,0.0011569543
52921,0.0012825554
52922,0.0014226724
52923,0.0010912701
52924,0.0006102085
52925,0.0006167553
52926,0.0006705192
52927,0.0011938723
52928,0.0012220613
52929,0.0013143611
52930,0.0014810067
52931,0.001366599
52932,0.0016949108
52933,0.0019027961
52934,0.002038048
52935,0.0017796779
52936,0.0017436297
52937,0.001935537
52938,0.0025585445
52939,0.0028615112
52940,0.0020112826
52941,0.0018335643
52942,0.0034496423
52943,0.003409725
52944,0.0023298403
52945,0.0027582028
52946,0.0022784316
52947,0.0
52948,0.0010628434
52949,0.0013463882
52950,0.0018398392
52951,0.0021986824
52952,0.002837099
52953,0.0022405623
52954,0.0013759799
52955,0.001258457
52956,0.0013831947
52957,0.0016154872
52958,0.0016604234
52959,0.0018526395
52960,0.0016801652
52961,0.001297558
52962,0.0014989382
52963,0.0017802829
52964,0.001710176
52965,0.00170508
52966,0.0011001682
52967,0.0010940137
52968,0.0007993042
52969,0.0011758181
52970,0.0013065658
52971,0.0016375141
52972,0.0035312395
52973,0.0046536494
52974,0.005961482
52975,0.007081599
52976,0.0056908275
52977,0.0043284292
52978,0.0031101739
52979,0.0028754317
52980,0.0026823154
52981,0.0029503866
52982,0.003036365
52983,0.0019180304
52984,0.0014053419
52985,0.001712115
52986,0.0027235015
52987,0.004352755
52988,0.004507113
52989,0.0041979905
52990,0.0031302003
52991,0.0033619236
52992,0.0059619555
52993,0.0053134775
52994,0.0037384033
52995,0.00297053
52996,0.0017924369
52997,0.0011805363
52998,0.00069456827
52999,0.00056312996
53000,0.0008228082
53001,0.0008561255
53002,0.0010313237
53003,0.0012722115
53004,0.0014183699
53005,0.0015672419
53006,0.001670036
53007,0.0016168917
53008,0.0018726395
53009,0.0020296914
53010,0.0026529566
53011,0.0041163466
53012,0.0045658913
53013,0.0039309375
53014,0.0029891944
53015,0.002038048
53016,0.0016846111
53017,0.0014486611
53018,0.0006115425
53019,0.0003073614
53020,0.0007574648
53021,0.0011168402
53022,0.0010365031
53023,0.00088822667
53024,0.0008602629
53025,0.0009455218
53026,0.0010267135
53027,0.001134268
53028,0.0012518951
53029,0.0010975196
53030,0.0012375622
53031,0.0010008183
53032,0.0012973112
53033,0.0013108801
53034,0.0014388238
53035,0.0015783814
53036,0.0016909568
53037,0.0016301572
53038,0.0012488225
53039,0.0008485451
53040,0.0007807745
53041,0.00096420577
53042,0.0007352773
53043,0.00065488473
53044,0.00064363336
53045,0.0007744493
53046,0.0006472407
53047,0.00074020855
53048,0.0012233943
53049,0.0014319501
53050,0.001245135
53051,0.00068299065
53052,0.00084414345
53053,0.0008831333
53054,0.00032521272
53055,0.0010944126
53056,0.0019124383
53057,0.002773513
53058,0.0029835908
53059,0.0024842673
53060,0.0018715202
53061,0.0014522929
53062,0.0012971093
53063,0.00114222
53064,0.00097441435
53065,0.0012587345
53066,0.0009879698
53067,0.0003631784
53068,0.0006574573
53069,0.001075988
53070,0.0014411884
53071,0.0019120121
53072,0.0021336812
53073,0.0023597656
53074,0.0020754056
53075,0.0021497165
53076,0.0028514653
53077,0.0025353937
53078,0.001517866
53079,0.0008969326
53080,0.0007843448
53081,0.00067488884
53082,0.0007547704
53083,0.0009063901
53084,0.001462577
53085,0.0014383179
53086,0.00058003474
53087,0.00067888753
53088,0.0013031533
53089,0.0023069426
53090,0.0026932086
53091,0.0027428602
53092,0.0024673867
53093,0.0019102304
53094,0.0011889378
53095,0.0012174802
53096,0.00069849595
53097,0.0007181364
53098,0.0013861583
53099,0.0010937742
53100,0.00058681896
53101,0.00071149983
53102,0.00077302
53103,0.0010769614
53104,0.0015099264
53105,0.0017090014
53106,0.00124803
53107,0.00063827535
53108,0.0010696673
53109,0.0018172058
53110,0.0020343033
53111,0.0021935273
53112,0.0028073268
53113,0.0025248108
53114,0.0018832863
53115,0.0015268133
53116,0.0017727305
53117,0.0015672232
53118,0.0014945242
53119,0.001888487
53120,0.0020828247
53121,0.0018893345
53122,0.0018988305
53123,0.0016515304
53124,0.0013726763
53125,0.000652971
53126,0.00062051887
53127,0.0015967322
53128,0.0020795944
53129,0.0021923727
53130,0.0022442483
53131,0.0028814678
53132,0.0022827068
53133,0.00065926975
53134,0.00075949845
53135,0.0007978465
53136,0.0009642359
53137,0.00078058813
53138,0.00081709353
53139,0.00094862556
53140,0.00072451134
53141,0.00087903737
53142,0.0020066323
53143,0.0031160917
53144,0.003059473
53145,0.002463515
53146,0.0026143342
53147,0.002471288
53148,0.0025468012
53149,0.002472489
53150,0.0021838467
53151,0.001546774
53152,0.0019034384
53153,0.002197663
53154,0.001490058
53155,0.00079740863
53156,0.00084221055
53157,0.00096033444
53158,0.00092646107
53159,0.0006549736
53160,0.00053514645
53161,0.0005577291
53162,0.0011358834
53163,0.00157934
53164,0.0011516595
53165,0.0005616292
53166,0.00077188964
53167,0.0007596134
53168,0.00076738966
53169,0.0005745902
53170,0.0007002853
53171,0.0008040962
53172,0.0010319444
53173,0.00078952254
53174,0.00062719005
53175,0.00043674535
53176,0.0007260362
53177,0.0009875867
53178,0.0011283511
53179,0.0010402029
53180,0.0010017195
53181,0.0011985922
53182,0.0014889638
53183,0.0016925739
53184,0.0016325656
53185,0.0011386216
53186,0.00060416904
53187,0.00089286733
53188,0.0009770094
53189,0.001518767
53190,0.0024009694
53191,0.0023918243
53192,0.00176475
53193,0.0010553413
53194,0.0012581564
53195,0.001739184
53196,0.0018983246
53197,0.0017335019
53198,0.0015846933
53199,0.0011031799
53200,0.001229493
53201,0.0014314012
53202,0.0010521928
53203,0.0012105039
53204,0.0010764478
53205,0.0012594742
53206,0.0012441295
53207,0.0010978644
53208,0.0013740114
53209,0.0013078571
53210,0.0013377573
53211,0.0013888641
53212,0.0011534019
53213,0.0011310561
53214,0.0014588312
53215,0.0023268529
53216,0.0022923253
53217,0.0019528121
53218,0.0018441053
53219,0.0016508254
53220,0.0014795125
53221,0.0014423592
53222,0.0015811633
53223,0.0020717564
53224,0.0017367894
53225,0.0021222064
53226,0.0020853244
53227,0.0015769056
53228,0.0018240476
53229,0.0021582558
53230,0.0021696207
53231,0.0018451939
53232,0.0011407923
53233,0.001971058
53234,0.0023936366
53235,0.0022968787
53236,0.0020430544
53237,0.0018897504
53238,0.0020028867
53239,0.001777387
53240,0.001239536
53241,0.00088773505
53242,0.0010437781
53243,0.0011126368
53244,0.0014773274
53245,0.0017497613
53246,0.0015060664
53247,0.0013661091
53248,0.0013942393
53249,0.0016145861
53250,0.0015541697
53251,0.0015384537
53252,0.0014020453
53253,0.0010315494
53254,0.001215255
53255,0.0012841655
53256,0.0009637529
53257,0.0005492104
53258,0.00066804053
53259,0.00071846053
53260,0.0012603982
53261,0.001263788
53262,0.0011362421
53263,0.001524314
53264,0.0016522704
53265,0.0019404477
53266,0.0022284102
53267,0.0020775362
53268,0.0018432529
53269,0.0017827171
53270,0.002017957
53271,0.002505719
53272,0.0027959102
53273,0.00202058
53274,0.0016146762
53275,0.002908711
53276,0.0033827052
53277,0.0034153452
53278,0.0035422745
53279,0.002435761
53280,0.0
53281,0.0015600945
53282,0.0018034927
53283,0.0019964539
53284,0.002071349
53285,0.0024545672
53286,0.0018710225
53287,0.0010237612
53288,0.0010277901
53289,0.00079912215
53290,0.00091717887
53291,0.0011805363
53292,0.0015831315
53293,0.0012877415
53294,0.0008149893
53295,0.0011320593
53296,0.0010595523
53297,0.00069887086
53298,0.00061225594
53299,0.00059180695
53300,0.00066423946
53301,0.00075850147
53302,0.000979954
53303,0.0011132644
53304,0.0029068594
53305,0.00409609
53306,0.0041827317
53307,0.00518644
53308,0.006211349
53309,0.0053133736
53310,0.004376201
53311,0.0029844295
53312,0.0016244878
53313,0.0016543125
53314,0.0036456932
53315,0.0039637624
53316,0.0021401914
53317,0.0017938652
53318,0.0020593288
53319,0.0029267753
53320,0.004372109
53321,0.0045034564
53322,0.004134294
53323,0.0048622414
53324,0.005745385
53325,0.0064882515
53326,0.0051263743
53327,0.0020869428
53328,0.0016648171
53329,0.001192604
53330,0.0009934045
53331,0.00088858703
53332,0.0005839852
53333,0.00046551813
53334,0.0003005633
53335,0.0007222583
53336,0.0010866465
53337,0.001630889
53338,0.001732175
53339,0.0019243172
53340,0.0017413247
53341,0.0016362517
53342,0.002261353
53343,0.0027878627
53344,0.0036980298
53345,0.0031786386
53346,0.0021684533
53347,0.0026867928
53348,0.0022250642
53349,0.0016781894
53350,0.0012534285
53351,0.0009871151
53352,0.00092498347
53353,0.00085439
53354,0.0009847536
53355,0.0010426342
53356,0.00097127317
53357,0.00068119855
53358,0.00076848874
53359,0.000990206
53360,0.00113995
53361,0.0010633088
53362,0.0009770094
53363,0.0011193131
53364,0.0006295522
53365,0.00071027165
53366,0.000956782
53367,0.0010427181
53368,0.0009560213
53369,0.0012558178
53370,0.0011121397
53371,0.0009550466
53372,0.0004630106
53373,0.00038284055
53374,0.00083020295
53375,0.0007526853
53376,0.00033560666
53377,0.0004216233
53378,0.00066760473
53379,0.0005300645
53380,0.00061311095
53381,0.0009550161
53382,0.0013279092
53383,0.0014707921
53384,0.00096538226
53385,0.0009499132
53386,0.0009993634
53387,0.0005259857
53388,0.0007310298
53389,0.00088976533
53390,0.002075097
53391,0.0027688397
53392,0.0024963631
53393,0.0018667711
53394,0.0016676642
53395,0.0016174497
53396,0.0014497858
53397,0.0010693679
53398,0.0011296142
53399,0.0012236797
53400,0.0008373239
53401,0.00062709727
53402,0.000600109
53403,0.001030985
53404,0.0015189586
53405,0.0018748606
53406,0.0024777567
53407,0.0024938786
53408,0.0025974475
53409,0.002957687
53410,0.0029254425
53411,0.0019911404
53412,0.0006260289
53413,0.000702153
53414,0.0006844804
53415,0.0009625442
53416,0.0008855029
53417,0.001490351
53418,0.0016639603
53419,0.0010166294
53420,0.00079675135
53421,0.0009925253
53422,0.0016196973
53423,0.001744414
53424,0.0018432371
53425,0.0018674881
53426,0.0019015874
53427,0.0009895887
53428,0.0010737949
53429,0.00082231284
53430,0.00091552734
53431,0.0014478171
53432,0.0011974018
53433,0.00068213785
53434,0.00076045585
53435,0.0004019033
53436,0.0005148004
53437,0.0009987807
53438,0.0016118981
53439,0.001495809
53440,0.0008978731
53441,0.0008194055
53442,0.0013200837
53443,0.0013834892
53444,0.0017861584
53445,0.0026389656
53446,0.0028303512
53447,0.0024146521
53448,0.0022135107
53449,0.002473913
53450,0.002345068
53451,0.0019221533
53452,0.0017412244
53453,0.0019128948
53454,0.0017379788
53455,0.0015028745
53456,0.0010509474
53457,0.00067294546
53458,0.00068634877
53459,0.0006464308
53460,0.0018076191
53461,0.0017499942
53462,0.0008501556
53463,0.0011012787
53464,0.0016630505
53465,0.0013768468
53466,0.00051655003
53467,0.0003650169
53468,0.0008676403
53469,0.0010382145
53470,0.0006765686
53471,0.00086316746
53472,0.0008101541
53473,0.00051626825
53474,0.0005298998
53475,0.0012518485
53476,0.0026168155
53477,0.002781278
53478,0.002627194
53479,0.0024160137
53480,0.0018678777
53481,0.0022048159
53482,0.0024177597
53483,0.0020279987
53484,0.0013752182
53485,0.0016863033
53486,0.0017964105
53487,0.0014161315
53488,0.00106964
53489,0.0008508742
53490,0.00068630633
53491,0.000773923
53492,0.00070053467
53493,0.0008588069
53494,0.0009935803
53495,0.0011985194
53496,0.0012041399
53497,0.00083725434
53498,0.00071411295
53499,0.00072703767
53500,0.00075136946
53501,0.0007260362
53502,0.00062430644
53503,0.00070682133
53504,0.0008204349
53505,0.0011112757
53506,0.00089949236
53507,0.00067043235
53508,0.00028042565
53509,0.00080615666
53510,0.0008856015
53511,0.00097253086
53512,0.0012169064
53513,0.0011149101
53514,0.0011559728
53515,0.0012761174
53516,0.0011045772
53517,0.0008660623
53518,0.0011729931
53519,0.0008125574
53520,0.0009372052
53521,0.00094107894
53522,0.0012186749
53523,0.0016991126
53524,0.0018519638
53525,0.0013988449
53526,0.00092344044
53527,0.0010107437
53528,0.001542742
53529,0.0017924369
53530,0.0017185286
53531,0.0013055854
53532,0.00095257506
53533,0.0011665242
53534,0.0014307708
53535,0.00082792115
53536,0.000845487
53537,0.00097533985
53538,0.001319797
53539,0.00092438544
53540,0.0008649526
53541,0.000777375
53542,0.00072390854
53543,0.00085302634
53544,0.001218006
53545,0.0012173367
53546,0.001009101
53547,0.0013840361
53548,0.0017363201
53549,0.0015649747
53550,0.0013381488
53551,0.0017875917
53552,0.0018710692
53553,0.0014264928
53554,0.0017330317
53555,0.0014360093
53556,0.0021209717
53557,0.00228593
53558,0.00227824
53559,0.0022212416
53560,0.0015354998
53561,0.0015287373
53562,0.0014287352
53563,0.00080601225
53564,0.0010257494
53565,0.0015553302
53566,0.0019785007
53567,0.0018294964
53568,0.00123377
53569,0.0012349018
53570,0.001391272
53571,0.0017960704
53572,0.0020452896
53573,0.0020024653
53574,0.0015381511
53575,0.0010398112
53576,0.0010827291
53577,0.0014617211
53578,0.0017039703
53579,0.0013484617
53580,0.0010421037
53581,0.0009121834
53582,0.0013205025
53583,0.001744464
53584,0.0023734898
53585,0.0022070587
53586,0.0014802401
53587,0.0014912685
53588,0.0012179821
53589,0.0008228789
53590,0.00050040917
53591,0.00044708513
53592,0.00065918145
53593,0.0014305471
53594,0.0014193545
53595,0.0012200592
53596,0.0013744773
53597,0.0014718998
53598,0.0019009444
53599,0.002509143
53600,0.0025906372
53601,0.0018427317
53602,0.0016109408
53603,0.0016230539
53604,0.0017102271
53605,0.0022779845
53606,0.0021503933
53607,0.0017150363
53608,0.0022298202
53609,0.0030768886
53610,0.0037119417
53611,0.0039571044
53612,0.003047406
53613,0.0
53614,0.0015374697
53615,0.0015617727
53616,0.0016555786
53617,0.0017111459
53618,0.0016834013
53619,0.0016495379
53620,0.0010381024
53621,0.00088966725
53622,0.0012385964
53623,0.0017410907
53624,0.0021008006
53625,0.0019815287
53626,0.0014242467
53627,0.0010524141
53628,0.001093721
53629,0.0010359414
53630,0.001021342
53631,0.0009521166
53632,0.00089283474
53633,0.000664765
53634,0.0010492012
53635,0.0013455881
53636,0.0013053847
53637,0.00421722
53638,0.004898232
53639,0.0036327776
53640,0.0049190368
53641,0.006256527
53642,0.0047171135
53643,0.0037348983
53644,0.0030500407
53645,0.0025735272
53646,0.0026495426
53647,0.0041491985
53648,0.003996463
53649,0.0017423439
53650,0.0019954331
53651,0.0024421094
53652,0.0032824401
53653,0.0040391
53654,0.0048728064
53655,0.0049540745
53656,0.0049685696
53657,0.0051508076
53658,0.0052220463
53659,0.0035301761
53660,0.0013304272
53661,0.0011102277
53662,0.0011042873
53663,0.00078793586
53664,0.00056199176
53665,0.00031641297
53666,0.00066349417
53667,0.0008673719
53668,0.0011180382
53669,0.00135505
53670,0.0017871683
53671,0.002232403
53672,0.0020507325
53673,0.0019465574
53674,0.0017665138
53675,0.0020009386
53676,0.002430055
53677,0.0026881683
53678,0.0020752093
53679,0.0018785361
53680,0.0026684345
53681,0.002177908
53682,0.0011577088
53683,0.00088438473
53684,0.001137522
53685,0.0011665242
53686,0.0009514439
53687,0.0010397552
53688,0.0009079941
53689,0.00066721224
53690,0.00048637015
53691,0.000730751
53692,0.00091825717
53693,0.001053271
53694,0.0011509517
53695,0.0012899996
53696,0.0012931317
53697,0.0008378451
53698,0.0009076415
53699,0.0012227518
53700,0.000966768
53701,0.0007815197
53702,0.0006609892
53703,0.0010790672
53704,0.0011825069
53705,0.0009261155
53706,0.0006667759
53707,0.0008410694
53708,0.000877513
53709,0.0007895594
53710,0.0008675061
53711,0.00075024535
53712,0.0007104765
53713,0.0012308888
53714,0.0015338688
53715,0.0016372652
53716,0.0016997805
53717,0.0014118709
53718,0.0012957399
53719,0.0010979173
53720,0.000706533
53721,0.0007693971
53722,0.00070119905
53723,0.0013690246
53724,0.0018295123
53725,0.0021840732
53726,0.0018414363
53727,0.0013427734
53728,0.0013553721
53729,0.0012786464
53730,0.001124346
53731,0.0010960071
53732,0.0013087915
53733,0.0011114067
53734,0.0008797655
53735,0.0009962716
53736,0.0011834418
53737,0.0009873215
53738,0.0012445739
53739,0.0014873015
53740,0.00201108
53741,0.0030781084
53742,0.003202365
53743,0.0027520338
53744,0.0021866967
53745,0.00084400555
53746,0.0008511478
53747,0.0014057354
53748,0.0016460408
53749,0.0014492436
53750,0.0015988997
53751,0.0016163157
53752,0.0014535548
53753,0.0011668734
53754,0.00067854446
53755,0.00092470023
53756,0.0010800647
53757,0.0010436666
53758,0.0013390838
53759,0.0018642126
53760,0.0011835402
53761,0.001071543
53762,0.00085907796
53763,0.0010834546
53764,0.0015568453
53765,0.0013483323
53766,0.0007979194
53767,0.00076381635
53768,0.000695615
53769,0.0007377668
53770,0.0009902355
53771,0.0016538021
53772,0.001886498
53773,0.0013118788
53774,0.0005451682
53775,0.0008437986
53776,0.0008038428
53777,0.0010164289
53778,0.001727026
53779,0.0023438514
53780,0.00238583
53781,0.0022078892
53782,0.0024067445
53783,0.0023792582
53784,0.0018994435
53785,0.001345242
53786,0.0015905778
53787,0.0014484
53788,0.0009869972
53789,0.00070186285
53790,0.0006780725
53791,0.00091384095
53792,0.00064516894
53793,0.0017766827
53794,0.0019089959
53795,0.0010158274
53796,0.0009103629
53797,0.0012854115
53798,0.0010781228
53799,0.001033804
53800,0.0008319539
53801,0.0010535473
53802,0.0009455218
53803,0.00058894773
53804,0.0008081398
53805,0.00059577706
53806,0.0006092538
53807,0.00062453945
53808,0.0007822641
53809,0.0016663023
53810,0.0022514472
53811,0.002810539
53812,0.002444099
53813,0.0015779573
53814,0.0018555435
53815,0.0019026584
53816,0.0016936397
53817,0.001471623
53818,0.0017351967
53819,0.0019112052
53820,0.0016263679
53821,0.0012382439
53822,0.000680258
53823,0.0006029153
53824,0.0007492749
53825,0.0006883388
53826,0.00092765404
53827,0.0009012379
53828,0.0008765175
53829,0.00096752035
53830,0.0007211291
53831,0.00066799694
53832,0.000460363
53833,0.0005925442
53834,0.0007006593
53835,0.0007039331
53836,0.00048155925
53837,0.0006122084
53838,0.001022111
53839,0.0011447652
53840,0.00086995173
53841,0.00089758134
53842,0.0010513073
53843,0.00081133866
53844,0.0011038919
53845,0.0015330528
53846,0.0015908523
53847,0.0012355851
53848,0.0008643131
53849,0.0007644638
53850,0.00080170383
53851,0.0013479869
53852,0.0009581803
53853,0.0009489323
53854,0.0011936284
53855,0.0018069267
53856,0.0017503767
53857,0.0012695551
53858,0.0010610895
53859,0.0010855746
53860,0.0011577088
53861,0.0010123836
53862,0.0009603647
53863,0.0008121633
53864,0.00045782723
53865,0.0006987459
53866,0.0010774747
53867,0.0014679399
53868,0.0011187668
53869,0.0011644766
53870,0.0014013186
53871,0.0011908212
53872,0.0007100257
53873,0.00071064034
53874,0.0006429547
53875,0.0005487863
53876,0.00053198275
53877,0.0012899996
53878,0.001663173
53879,0.001896131
53880,0.0017007219
53881,0.0014102415
53882,0.0010277901
53883,0.0009274658
53884,0.0020876958
53885,0.0019591358
53886,0.0013641476
53887,0.0020571654
53888,0.0014001342
53889,0.0018643218
53890,0.0026177163
53891,0.0025838092
53892,0.0022197342
53893,0.001842716
53894,0.0016742306
53895,0.0013574964
53896,0.0010131882
53897,0.001595547
53898,0.0015682257
53899,0.0013608582
53900,0.00084820203
53901,0.0007122766
53902,0.00089123606
53903,0.0010885731
53904,0.0013660026
53905,0.001995754
53906,0.0026003702
53907,0.0025664493
53908,0.001704141
53909,0.0010298552
53910,0.0015292702
53911,0.0018783656
53912,0.0014571544
53913,0.00083951076
53914,0.0008683109
53915,0.0011463912
53916,0.001470139
53917,0.002848279
53918,0.0028228657
53919,0.0012615753
53920,0.0008192634
53921,0.00068030076
53922,0.00054442027
53923,0.0004737602
53924,0.0010529946
53925,0.0013735453
53926,0.0016771485
53927,0.00174211
53928,0.0015088273
53929,0.0014849907
53930,0.0013877951
53931,0.0017503933
53932,0.0024845835
53933,0.002648576
53934,0.002057519
53935,0.0014806334
53936,0.0012345483
53937,0.0014594694
53938,0.0019118142
53939,0.0017176308
53940,0.0017695591
53941,0.0022093914
53942,0.0024845132
53943,0.0034164016
53944,0.0039245132
53945,0.0034201394
53946,0.0
53947,0.0011512298
53948,0.0011061307
53949,0.0011552426
53950,0.001020886
53951,0.0010000038
53952,0.0012511974
53953,0.0012786464
53954,0.0012169781
53955,0.0016008099
53956,0.0021316889
53957,0.0020965848
53958,0.0016564397
53959,0.0010405947
53960,0.0009531859
53961,0.00087315746
53962,0.0010610071
53963,0.0010301096
53964,0.0012916004
53965,0.0010541548
53966,0.0010283281
53967,0.0016412954
53968,0.00197063
53969,0.0034535127
53970,0.0051089264
53971,0.0047131013
53972,0.003929701
53973,0.0051347073
53974,0.0061473795
53975,0.0048320275
53976,0.0032002104
53977,0.003134298
53978,0.0030272934
53979,0.0028368013
53980,0.0040715886
53981,0.0032564916
53982,0.0008998159
53983,0.001978177
53984,0.002677787
53985,0.0033937944
53986,0.0035052814
53987,0.005855544
53988,0.0060397102
53989,0.003229821
53990,0.002735497
53991,0.0023794416
53992,0.0016836087
53993,0.0011005385
53994,0.0008283077
53995,0.00088108773
53996,0.0008539811
53997,0.0006807284
53998,0.0005016291
53999,0.0008492308
54000,0.0009610918
54001,0.0016149646
54002,0.002570574
54003,0.00261845
54004,0.0025754152
54005,0.0020158933
54006,0.001848393
54007,0.0016660753
54008,0.0020629438
54009,0.00241717
54010,0.0024360719
54011,0.002173775
54012,0.0020103417
54013,0.0020909691
54014,0.0017780091
54015,0.001338475
54016,0.0010235623
54017,0.0013325694
54018,0.0015965134
54019,0.0012180539
54020,0.00090455794
54021,0.0005805864
54022,0.00031382695
54023,0.0006652027
54024,0.00073262054
54025,0.0009180353
54026,0.0012111529
54027,0.0013825002
54028,0.0014250434
54029,0.0014258397
54030,0.0007247523
54031,0.00077478745
54032,0.0011712549
54033,0.0007656431
54034,0.00051790045
54035,0.00094206806
54036,0.0017205764
54037,0.0016329578
54038,0.0012670079
54039,0.0011053937
54040,0.00076943496
54041,0.0008110158
54042,0.0009917333
54043,0.0012835535
54044,0.0013220884
54045,0.001290383
54046,0.001691215
54047,0.0020045426
54048,0.0019420668
54049,0.0018566253
54050,0.0015365987
54051,0.0010804419
54052,0.0007668585
54053,0.00070186285
54054,0.00084217597
54055,0.0009871151
54056,0.0015911267
54057,0.0018016036
54058,0.0017289629
54059,0.0012380559
54060,0.0008781761
54061,0.0009369257
54062,0.00071358297
54063,0.0010287242
54064,0.0011443838
54065,0.0013115903
54066,0.0011469495
54067,0.00085159217
54068,0.000932036
54069,0.00089381216
54070,0.0008589086
54071,0.0012608599
54072,0.0013338573
54073,0.0019442386
54074,0.0030030562
54075,0.003077929
54076,0.0027075538
54077,0.0021074812
54078,0.0010629256
54079,0.0011672475
54080,0.0017079622
54081,0.0016333854
54082,0.001625061
54083,0.0016085543
54084,0.0012254147
54085,0.0015725254
54086,0.0015208734
54087,0.000906101
54088,0.0011098868
54089,0.0010265434
54090,0.0010740659
54091,0.00152248
54092,0.0020073717
54093,0.0014110049
54094,0.00092646107
54095,0.0006069566
54096,0.00093187985
54097,0.0013312583
54098,0.001152872
54099,0.00067888753
54100,0.0005540117
54101,0.00078627194
54102,0.00083090377
54103,0.000899104
54104,0.0014838731
54105,0.0021630512
54106,0.0020784184
54107,0.001650508
54108,0.0008758864
54109,0.00062178395
54110,0.0007334146
54111,0.00075144693
54112,0.0013137853
54113,0.0017323262
54114,0.0017981918
54115,0.0018917514
54116,0.0019469461
54117,0.001665656
54118,0.0011451211
54119,0.0014589509
54120,0.001509483
54121,0.00076167955
54122,0.00078010326
54123,0.0007578489
54124,0.001110647
54125,0.00085792533
54126,0.001737828
54127,0.001773584
54128,0.0010421317
54129,0.00096827204
54130,0.0009568429
54131,0.00089508115
54132,0.00093409466
54133,0.0008126648
54134,0.00090439705
54135,0.0007424855
54136,0.00053373055
54137,0.0006485883
54138,0.0004067977
54139,0.00039972493
54140,0.00037678707
54141,0.0007683372
54142,0.00132712
54143,0.0014810067
54144,0.0026616747
54145,0.0026149575
54146,0.0014145277
54147,0.0015669075
54148,0.0016848184
54149,0.0014152065
54150,0.0015965499
54151,0.0019856957
54152,0.0020064001
54153,0.0014124068
54154,0.0010922032
54155,0.00078107265
54156,0.0006469259
54157,0.000532912
54158,0.0005475121
54159,0.000838366
54160,0.0009350289
54161,0.00073918555
54162,0.0005200875
54163,0.00046231865
54164,0.0006807284
54165,0.00072250003
54166,0.0008168798
54167,0.0007068625
54168,0.00072855724
54169,0.00060296356
54170,0.00078679
54171,0.0010869411
54172,0.0010972545
54173,0.0007369774
54174,0.001004128
54175,0.0010556171
54176,0.0008525486
54177,0.0013851292
54178,0.0018461716
54179,0.0014844221
54180,0.00092344044
54181,0.0006184988
54182,0.0007677688
54183,0.00076396874
54184,0.0012545425
54185,0.0009645076
54186,0.00095778535
54187,0.0012185076
54188,0.0014348942
54189,0.0010940934
54190,0.00078006595
54191,0.0007972261
54192,0.000884944
54193,0.00076396874
54194,0.0006249587
54195,0.0006983293
54196,0.0007912164
54197,0.0006903654
54198,0.001080415
54199,0.001117804
54200,0.0011427294
54201,0.0012295403
54202,0.001691215
54203,0.0019561774
54204,0.0014654
54205,0.0010846627
54206,0.00092331436
54207,0.00086340343
54208,0.00086841144
54209,0.0009912049
54210,0.0013744985
54211,0.0016837989
54212,0.0018948258
54213,0.0015747263
54214,0.0013615637
54215,0.001030985
54216,0.0012108404
54217,0.0023522056
54218,0.0023280282
54219,0.0017301071
54220,0.002137497
54221,0.0014100558
54222,0.0020044555
54223,0.0030244752
54224,0.0028711674
54225,0.0020847241
54226,0.001946991
54227,0.0017549929
54228,0.001330296
54229,0.0013688758
54230,0.0015273087
54231,0.0011024673
54232,0.0009316612
54233,0.00089322584
54234,0.0008541856
54235,0.00064912654
54236,0.00052426767
54237,0.0005367755
54238,0.0012237272
54239,0.0023842682
54240,0.0031511893
54241,0.0024234229
54242,0.0011201968
54243,0.0015835175
54244,0.0018083113
54245,0.0014118915
54246,0.00087777834
54247,0.000601417
54248,0.0008541856
54249,0.00153273
54250,0.0030586356
54251,0.0029318125
54252,0.001569005
54253,0.0008381229
54254,0.0005809873
54255,0.0008646161
54256,0.0010873962
54257,0.0016319237
54258,0.0015809976
54259,0.0013734817
54260,0.0011187668
54261,0.0010368961
54262,0.001112663
54263,0.0010516949
54264,0.0022075598
54265,0.0025527137
54266,0.002357878
54267,0.0020466554
54268,0.001424492
54269,0.00085159217
54270,0.0012456024
54271,0.001625079
54272,0.0016934506
54273,0.0019454956
54274,0.0023192482
54275,0.0025081686
54276,0.0027070055
54277,0.0034375396
54278,0.0034493725
54279,0.0
54280,0.0011319306
54281,0.001000062
54282,0.0009428092
54283,0.0008765175
54284,0.0011909677
54285,0.001738029
54286,0.0018672076
54287,0.001519629
54288,0.0018062501
54289,0.0018548061
54290,0.001406646
54291,0.00094862556
54292,0.0009727403
54293,0.0010947583
54294,0.001222728
54295,0.0015833889
54296,0.0016979988
54297,0.0019010976
54298,0.001801959
54299,0.00152334
54300,0.0019765287
54301,0.0020000658
54302,0.0041416017
54303,0.0052697915
54304,0.005273413
54305,0.0050536203
54306,0.0053136856
54307,0.0056675463
54308,0.004443217
54309,0.002313984
54310,0.0027360609
54311,0.0030902722
54312,0.0031869782
54313,0.0037664026
54314,0.0024368363
54315,0.000728717
54316,0.0016535734
54317,0.0026813496
54318,0.0038520207
54319,0.0038532824
54320,0.0061821546
54321,0.0064505753
54322,0.0029279783
54323,0.0019301162
54324,0.0022476953
54325,0.0021206834
54326,0.0017433125
54327,0.0016666517
54328,0.0014527537
54329,0.0010156556
54330,0.000698371
54331,0.0007590385
54332,0.0013967211
54333,0.001900286
54334,0.002389499
54335,0.002911881
54336,0.0024487148
54337,0.0023529725
54338,0.0021030852
54339,0.001513488
54340,0.0019325423
54341,0.0021521114
54342,0.0026679656
54343,0.002797648
54344,0.0021235088
54345,0.0020988185
54346,0.0017902598
54347,0.0013051841
54348,0.0012826689
54349,0.0014755336
54350,0.0016647996
54351,0.0016668089
54352,0.0014151242
54353,0.0009792708
54354,0.0008540834
54355,0.00074970204
54356,0.00078475283
54357,0.00095513806
54358,0.001391753
54359,0.0018922129
54360,0.0022860828
54361,0.0025520753
54362,0.0021816466
54363,0.0015980441
54364,0.0011880562
54365,0.0013657042
54366,0.00094733614
54367,0.00062402664
54368,0.0010066176
54369,0.0020476647
54370,0.0016498555
54371,0.0014443555
54372,0.0015595348
54373,0.0012389254
54374,0.001081465
54375,0.0012070609
54376,0.0014544555
54377,0.0014427425
54378,0.001662858
54379,0.0018819568
54380,0.0020251265
54381,0.0016759159
54382,0.0013079239
54383,0.001037766
54384,0.00062281283
54385,0.00049760967
54386,0.00070248457
54387,0.0010695584
54388,0.001494972
54389,0.001869264
54390,0.0018236646
54391,0.0014904682
54392,0.0012609753
54393,0.0007811099
54394,0.0006260754
54395,0.00056755723
54396,0.0007307112
54397,0.0007447946
54398,0.0008461064
54399,0.0010337196
54400,0.00075715734
54401,0.0007699643
54402,0.001037766
54403,0.0014392282
54404,0.001788487
54405,0.0018133579
54406,0.0019735226
54407,0.0025995756
54408,0.0030904321
54409,0.00271229
54410,0.0018938119
54411,0.0013568745
54412,0.0012786692
54413,0.0014262071
54414,0.001004186
54415,0.0013616065
54416,0.0017069908
54417,0.001410943
54418,0.0017590015
54419,0.0015151409
54420,0.00068876153
54421,0.00083628047
54422,0.0009832155
54423,0.0011246048
54424,0.0013272954
54425,0.0018502501
54426,0.0015089237
54427,0.000846244
54428,0.0009124705
54429,0.0014662538
54430,0.0014493841
54431,0.0010422155
54432,0.00077565096
54433,0.0010202586
54434,0.0010595248
54435,0.0010129296
54436,0.00085989066
54437,0.001369641
54438,0.0021070256
54439,0.0021440636
54440,0.001694825
54441,0.0010417127
54442,0.0011606965
54443,0.0010683604
54444,0.001044057
54445,0.00083090377
54446,0.0009109382
54447,0.0009812897
54448,0.0012343597
54449,0.0013908326
54450,0.0016006826
54451,0.0012508485
54452,0.0012260795
54453,0.0013288732
54454,0.00083237357
54455,0.00089090946
54456,0.001202592
54457,0.0012896385
54458,0.0009607586
54459,0.00160888
54460,0.0015152177
54461,0.00078575354
54462,0.0009632998
54463,0.0009806666
54464,0.00085968757
54465,0.00087532133
54466,0.0007431516
54467,0.0007747499
54468,0.00059719203
54469,0.00073863415
54470,0.00081420335
54471,0.0006110188
54472,0.0007128076
54473,0.00068918394
54474,0.00074974087
54475,0.0011580858
54476,0.0014751982
54477,0.0021329855
54478,0.002301246
54479,0.0017138141
54480,0.0016615273
54481,0.0015595348
54482,0.0011411493
54483,0.0013681528
54484,0.001754628
54485,0.0015286992
54486,0.0010698305
54487,0.0011304899
54488,0.0007747123
54489,0.00044085755
54490,0.00049959426
54491,0.0006061889
54492,0.00088204513
54493,0.0008447638
54494,0.00096465845
54495,0.0007972261
54496,0.0006953221
54497,0.00088822667
54498,0.00093884964
54499,0.0010057788
54500,0.00076423533
54501,0.0007937137
54502,0.0007535355
54503,0.0009978187
54504,0.0013278654
54505,0.0012194866
54506,0.0005993811
54507,0.0010008474
54508,0.0010925229
54509,0.0009656535
54510,0.0015055253
54511,0.0019461238
54512,0.0014673648
54513,0.00097605574
54514,0.00061854586
54515,0.0008198671
54516,0.00090442924
54517,0.0011409197
54518,0.0012270524
54519,0.0013243979
54520,0.0011451211
54521,0.0009857579
54522,0.00079737214
54523,0.00091023505
54524,0.00068171107
54525,0.0007855313
54526,0.0010345639
54527,0.0012233229
54528,0.0011943354
54529,0.0008213921
54530,0.0007369774
54531,0.0010451435
54532,0.0011323163
54533,0.0012734463
54534,0.0016771312
54535,0.0021892507
54536,0.0023270028
54537,0.0016032624
54538,0.0012425377
54539,0.0010698033
54540,0.00080990256
54541,0.00082542154
54542,0.0010457837
54543,0.001234454
54544,0.0016499084
54545,0.0014458055
54546,0.0021818334
54547,0.0022359462
54548,0.0015247532
54549,0.0017055408
54550,0.0026204942
54551,0.0026521666
54552,0.002303572
54553,0.002503267
54554,0.0014153504
54555,0.0017118941
54556,0.0026846798
54557,0.0028005075
54558,0.0021431674
54559,0.0018564216
54560,0.0011761646
54561,0.0010158274
54562,0.0011695143
54563,0.001246233
54564,0.00076396874
54565,0.000626958
54566,0.0010441963
54567,0.0011074718
54568,0.000869751
54569,0.00080075936
54570,0.0006721665
54571,0.0005917578
54572,0.0012849133
54573,0.002737826
54574,0.002789835
54575,0.0021882136
54576,0.001712489
54577,0.001441895
54578,0.0010823258
54579,0.0006323659
54580,0.00037461804
54581,0.00077565096
54582,0.0014660751
54583,0.0029067793
54584,0.0028879046
54585,0.0017954544
54586,0.0011936529
54587,0.0009153684
54588,0.0014360093
54589,0.0017162238
54590,0.0016279061
54591,0.0013272734
54592,0.00092956587
54593,0.0011904545
54594,0.0011963076
54595,0.0012528247
54596,0.0011995146
54597,0.0024941587
54598,0.0026270722
54599,0.0017114179
54600,0.0018840898
54601,0.0013845827
54602,0.00070710946
54603,0.000920315
54604,0.001183491
54605,0.0012838256
54606,0.0016217624
54607,0.002115008
54608,0.002523531
54609,0.0028187903
54610,0.0036107837
54611,0.0033325872
54612,0.0
54613,0.0014171588
54614,0.0010861643
54615,0.0010111178
54616,0.0012855473
54617,0.0016293894
54618,0.0017949357
54619,0.002013105
54620,0.0017390167
54621,0.0019116468
54622,0.0016233767
54623,0.0010032582
54624,0.00068990147
54625,0.00084744685
54626,0.0010390272
54627,0.00165146
54628,0.0018481096
54629,0.0019705265
54630,0.0022025178
54631,0.0020991513
54632,0.0018805645
54633,0.0020512291
54634,0.0026050892
54635,0.0041556815
54636,0.0055058068
54637,0.005236072
54638,0.004886626
54639,0.00404067
54640,0.0043651406
54641,0.004303925
54642,0.0020441937
54643,0.0017428783
54644,0.0023655922
54645,0.0035614893
54646,0.003975054
54647,0.0021814867
54648,0.000737609
54649,0.0014103653
54650,0.0025612277
54651,0.003877827
54652,0.0047221514
54653,0.00669194
54654,0.006584755
54655,0.0039745267
54656,0.0022056869
54657,0.0021032789
54658,0.0023669943
54659,0.0020879465
54660,0.0015759086
54661,0.0016314065
54662,0.0013609437
54663,0.0011519628
54664,0.0012432402
54665,0.0017489628
54666,0.0026489275
54667,0.0028707415
54668,0.0026753622
54669,0.0018704935
54670,0.001731217
54671,0.0020193986
54672,0.0017736168
54673,0.0019404776
54674,0.0025120643
54675,0.0027058227
54676,0.0028440966
54677,0.0024001813
54678,0.0020622665
54679,0.0019137466
54680,0.0016307463
54681,0.001623036
54682,0.0020573493
54683,0.001988976
54684,0.0015483724
54685,0.0013571319
54686,0.0008960236
54687,0.00078582764
54688,0.0009006887
54689,0.0011656756
54690,0.0013547064
54691,0.0016085362
54692,0.0017468481
54693,0.0021342132
54694,0.0025004635
54695,0.0024572455
54696,0.0020308383
54697,0.0015403443
54698,0.0014290408
54699,0.0009873215
54700,0.00075980497
54701,0.001221299
54702,0.002489744
54703,0.0019085536
54704,0.0011555196
54705,0.0014741325
54706,0.0014160082
54707,0.0013248153
54708,0.001202229
54709,0.0011169444
54710,0.0013995313
54711,0.0019654837
54712,0.0022366492
54713,0.0022414585
54714,0.0017028596
54715,0.0010332972
54716,0.00072072545
54717,0.00039400486
54718,0.0006395508
54719,0.0010021261
54720,0.0014330066
54721,0.0016917139
54722,0.0017738137
54723,0.0015096565
54724,0.0008555474
54725,0.00070998474
54726,0.000775801
54727,0.0008835616
54728,0.0005982632
54729,0.000532912
54730,0.0005101436
54731,0.0006470608
54732,0.00082078954
54733,0.0007978465
54734,0.0011775743
54735,0.0014789025
54736,0.0016474193
54737,0.0018476056
54738,0.0018347861
54739,0.0018516809
54740,0.001968517
54741,0.0025395227
54742,0.00265595
54743,0.0019437296
54744,0.0015761857
54745,0.0012413426
54746,0.0011950418
54747,0.0009364907
54748,0.0010310132
54749,0.0014592102
54750,0.0017152908
54751,0.0019613777
54752,0.0013720613
54753,0.00061239855
54754,0.00076966186
54755,0.0007641592
54756,0.0006825644
54757,0.00077188964
54758,0.001512661
54759,0.0017330317
54760,0.0010614734
54761,0.001151988
54762,0.0015657927
54763,0.0012425845
54764,0.0010499222
54765,0.0009661055
54766,0.0014092919
54767,0.0013317829
54768,0.0014009447
54769,0.0009895298
54770,0.0010806035
54771,0.0013314332
54772,0.0017063257
54773,0.0012918483
54774,0.00085049786
54775,0.0009970308
54776,0.00080568716
54777,0.00092344044
54778,0.0008788056
54779,0.00097372715
54780,0.0007954719
54781,0.00090436486
54782,0.0007085896
54783,0.0013206347
54784,0.001205734
54785,0.0009909113
54786,0.0012244881
54787,0.00097136304
54788,0.0011131598
54789,0.0014822836
54790,0.0013717643
54791,0.0008040962
54792,0.0015624806
54793,0.0014050726
54794,0.0010492568
54795,0.001355093
54796,0.0014936476
54797,0.0014321128
54798,0.0010438897
54799,0.0008819131
54800,0.0007932002
54801,0.00092492055
54802,0.0011469241
54803,0.0009170202
54804,0.0007424071
54805,0.00072855724
54806,0.0007034782
54807,0.0008086438
54808,0.0014333519
54809,0.001474626
54810,0.0015965499
54811,0.001771318
54812,0.0016975703
54813,0.002050491
54814,0.0022871266
54815,0.0019414523
54816,0.0016705587
54817,0.0013393228
54818,0.00079426356
54819,0.000745029
54820,0.0011126106
54821,0.0014021283
54822,0.0020896883
54823,0.0022195638
54824,0.0021850192
54825,0.0016455987
54826,0.0013923593
54827,0.0013264619
54828,0.0012266254
54829,0.0010405947
54830,0.00083443394
54831,0.0008952112
54832,0.00095339963
54833,0.00074236793
54834,0.0007033127
54835,0.00072431046
54836,0.0009387566
54837,0.0011655757
54838,0.0011863402
54839,0.00072735787
54840,0.0006258429
54841,0.0011216766
54842,0.0011254068
54843,0.0011356014
54844,0.0017148836
54845,0.0017279863
54846,0.0014900776
54847,0.0010037222
54848,0.00094945356
54849,0.0010536301
54850,0.0012803297
54851,0.0012035597
54852,0.001026997
54853,0.00090821844
54854,0.0008501556
54855,0.0006249587
54856,0.0007391462
54857,0.00073910685
54858,0.0008998159
54859,0.0010114632
54860,0.0012436615
54861,0.0013378661
54862,0.0008282726
54863,0.00045979366
54864,0.00036373895
54865,0.00054968713
54866,0.00081737846
54867,0.0013931533
54868,0.0021905
54869,0.002203469
54870,0.0013549856
54871,0.0011686678
54872,0.001306254
54873,0.0012757753
54874,0.0010586455
54875,0.0007952889
54876,0.0011469241
54877,0.0013470581
54878,0.001331608
54879,0.0030165645
54880,0.0032250506
54881,0.0021857782
54882,0.0024796824
54883,0.0032055625
54884,0.00331712
54885,0.0036173952
54886,0.003769801
54887,0.002221425
54888,0.002060883
54889,0.0021619743
54890,0.0024317312
54891,0.0023909968
54892,0.0019662534
54893,0.0010773666
54894,0.00076229067
54895,0.00082326785
54896,0.00096881296
54897,0.0007688295
54898,0.0007792074
54899,0.0011893783
54900,0.00095945515
54901,0.001018117
54902,0.0009650807
54903,0.0010826753
54904,0.0007151311
54905,0.0009485028
54906,0.0020452754
54907,0.0025702454
54908,0.0025968535
54909,0.002024494
54910,0.0011609221
54911,0.0010233632
54912,0.0010914302
54913,0.0008793353
54914,0.0007661751
54915,0.0015693203
54916,0.0029100014
54917,0.0033004077
54918,0.0021684533
54919,0.0014399964
54920,0.0013344464
54921,0.0017318558
54922,0.0016326904
54923,0.001317104
54924,0.0011802898
54925,0.001012671
54926,0.0011736875
54927,0.0012768926
54928,0.0010277618
54929,0.0010181455
54930,0.0024563451
54931,0.0029197065
54932,0.0024513043
54933,0.0018247975
54934,0.0013332899
54935,0.00067729945
54936,0.00057887955
54937,0.00070298155
54938,0.0011627508
54939,0.0018409303
54940,0.0027752544
54941,0.0029309688
54942,0.0028066323
54943,0.0039141993
54944,0.0039352668
54945,0.0
54946,0.0014090027
54947,0.0010842333
54948,0.0013601523
54949,0.0016561234
54950,0.0017375768
54951,0.0018854332
54952,0.0023071573
54953,0.0019779564
54954,0.0017246144
54955,0.0012284984
54956,0.0006808139
54957,0.0006355794
54958,0.001034367
54959,0.0013648089
54960,0.001589095
54961,0.0013980541
54962,0.001051418
54963,0.0015046358
54964,0.0012527782
54965,0.0010796065
54966,0.0014953613
54967,0.0026543934
54968,0.004424082
54969,0.0055484325
54970,0.0050071212
54971,0.0036722678
54972,0.0022517962
54973,0.0039578103
54974,0.0038284892
54975,0.0013605374
54976,0.0010956352
54977,0.0019032855
54978,0.0036245165
54979,0.004614226
54980,0.0033943946
54981,0.0008475499
54982,0.000931505
54983,0.0016452803
54984,0.0031351335
54985,0.0052692555
54986,0.006712623
54987,0.0061489227
54988,0.0053670662
54989,0.003757986
54990,0.0025415046
54991,0.0026420518
54992,0.002625964
54993,0.0020241058
54994,0.0017689175
54995,0.0020453325
54996,0.001992733
54997,0.001735465
54998,0.0022000852
54999,0.0025678438
55000,0.0024714174
55001,0.0020434249
55002,0.0020602897
55003,0.0023062993
55004,0.0021779216
55005,0.0018010866
55006,0.0023379955
55007,0.0033392091
55008,0.0033295555
55009,0.0034421592
55010,0.00308522
55011,0.0025869498
55012,0.002086371
55013,0.0014065632
55014,0.0020079953
55015,0.002296207
55016,0.001980074
55017,0.0012136014
55018,0.0011024673
55019,0.00083662843
55020,0.0005607475
55021,0.0011429333
55022,0.0014076388
55023,0.0010948912
55024,0.0009655631
55025,0.0006187811
55026,0.0010116934
55027,0.0015390023
55028,0.0019216686
55029,0.0016508431
55030,0.0014065426
55031,0.0012534285
55032,0.0012673294
55033,0.00102994
55034,0.0014101589
55035,0.002633777
55036,0.0022343188
55037,0.0009231252
55038,0.0013966794
55039,0.0012291851
55040,0.0014183699
55041,0.0012622902
55042,0.00096896314
55043,0.0016631205
55044,0.0018657575
55045,0.0019162239
55046,0.0015513394
55047,0.0010613637
55048,0.0011094409
55049,0.0010670248
55050,0.00095763337
55051,0.0012001938
55052,0.00096761057
55053,0.0009841919
55054,0.0010860303
55055,0.0010481189
55056,0.0008251041
55057,0.00051536545
55058,0.00047627225
55059,0.00072048313
55060,0.0010730086
55061,0.001060431
55062,0.00089488603
55063,0.0010283281
55064,0.00072923605
55065,0.0008341549
55066,0.0014151448
55067,0.0017852946
55068,0.0019410176
55069,0.0020121941
55070,0.0019952727
55071,0.0019743629
55072,0.0017991465
55073,0.0020348756
55074,0.0022423542
55075,0.0021050493
55076,0.0016820868
55077,0.0015999188
55078,0.0013858853
55079,0.0013512
55080,0.0009917333
55081,0.00067995844
55082,0.00089322584
55083,0.0017306285
55084,0.0021699963
55085,0.0015277279
55086,0.0006303838
55087,0.00054356427
55088,0.0005217078
55089,0.0004948531
55090,0.00059787394
55091,0.0013834472
55092,0.001927385
55093,0.0014197235
55094,0.0010727103
55095,0.0012101432
55096,0.0011648264
55097,0.0011473047
55098,0.0010908967
55099,0.0013440083
55100,0.0010035482
55101,0.00083181396
55102,0.0007400119
55103,0.00061840465
55104,0.0012497777
55105,0.0016625954
55106,0.0010805227
55107,0.0008462096
55108,0.00081270066
55109,0.00045386882
55110,0.0007340096
55111,0.00092296756
55112,0.0012957399
55113,0.0008589086
55114,0.000601417
55115,0.00048613074
55116,0.0010094759
55117,0.0012743829
55118,0.00089058274
55119,0.0009790628
55120,0.0011385705
55121,0.0011212875
55122,0.0018597891
55123,0.0015136227
55124,0.0011691409
55125,0.0017732722
55126,0.0015163121
55127,0.0009431487
55128,0.0011791056
55129,0.0013344027
55130,0.0015512832
55131,0.0012287826
55132,0.0010461456
55133,0.001226127
55134,0.0015918033
55135,0.0015207777
55136,0.001053934
55137,0.0008438676
55138,0.00072739786
55139,0.0007089592
55140,0.0008307987
55141,0.001416111
55142,0.0013030639
55143,0.0012405686
55144,0.0013852972
55145,0.0013710852
55146,0.0018300371
55147,0.002251111
55148,0.001933551
55149,0.0016214931
55150,0.0010490348
55151,0.0006241199
55152,0.0007205639
55153,0.001185604
55154,0.0019699652
55155,0.0027469846
55156,0.00280272
55157,0.0030993752
55158,0.0024167243
55159,0.001993682
55160,0.0013737783
55161,0.0014139514
55162,0.0011265441
55163,0.000974504
55164,0.0012803979
55165,0.0014400571
55166,0.0011561995
55167,0.0011668734
55168,0.0010749326
55169,0.0007593452
55170,0.0009030767
55171,0.0010854137
55172,0.0009774859
55173,0.00058068667
55174,0.0013112796
55175,0.0012841882
55176,0.0008398574
55177,0.00096408505
55178,0.0014328442
55179,0.0017861584
55180,0.0019703198
55181,0.0020686213
55182,0.0021957683
55183,0.0022679972
55184,0.0022623052
55185,0.0017009615
55186,0.0016311032
55187,0.0010032292
55188,0.0007993042
55189,0.0009117047
55190,0.0010918567
55191,0.0011314678
55192,0.00095285
55193,0.0013495836
55194,0.0016820695
55195,0.001332482
55196,0.0009836594
55197,0.00084466045
55198,0.0006789304
55199,0.00067970157
55200,0.0014322144
55201,0.0024465744
55202,0.002323085
55203,0.001080792
55204,0.0010480356
55205,0.0011003534
55206,0.0012105519
55207,0.0009671894
55208,0.00087572023
55209,0.0011140222
55210,0.0011172831
55211,0.0013795709
55212,0.0034935463
55213,0.003594198
55214,0.0018802085
55215,0.0021703716
55216,0.003145939
55217,0.0033447826
55218,0.004092649
55219,0.004303107
55220,0.0031446065
55221,0.0018386682
55222,0.0012478901
55223,0.0016949108
55224,0.002371662
55225,0.0020354332
55226,0.0013574964
55227,0.00097025384
55228,0.0011603704
55229,0.0012129297
55230,0.001050144
55231,0.0010625969
55232,0.000946168
55233,0.00069594965
55234,0.0007397366
55235,0.00078627194
55236,0.0009907644
55237,0.00085346977
55238,0.0011685434
55239,0.0014656979
55240,0.0022907376
55241,0.0026984338
55242,0.0019244836
55243,0.0010813035
55244,0.0010037512
55245,0.001118845
55246,0.0009105547
55247,0.0010317187
55248,0.0016843346
55249,0.0033119922
55250,0.0038002427
55251,0.002510639
55252,0.0018265032
55253,0.001380815
55254,0.0016154511
55255,0.0012363857
55256,0.0012644556
55257,0.0014497858
55258,0.0012150395
55259,0.0015640818
55260,0.0013921293
55261,0.0009602738
55262,0.0010692046
55263,0.0019015874
55264,0.0027321542
55265,0.0027371456
55266,0.0018064274
55267,0.0014001342
55268,0.0012371858
55269,0.001388466
55270,0.001341776
55271,0.0015631324
55272,0.0019605318
55273,0.0029423856
55274,0.0031415788
55275,0.003548333
55276,0.0043984037
55277,0.0040521924
55278,0.0
55279,0.0011083911
55280,0.0013388011
55281,0.0017414584
55282,0.0019416322
55283,0.0013580965
55284,0.0012998438
55285,0.0017684404
55286,0.001282215
55287,0.000915273
55288,0.0005541693
55289,0.00062402664
55290,0.00057250966
55291,0.0008358976
55292,0.00094779686
55293,0.00091441406
55294,0.0009852264
55295,0.0010309003
55296,0.0012899996
55297,0.000868914
55298,0.00066917227
55299,0.0013008509
55300,0.0027426055
55301,0.0044167144
55302,0.005105137
55303,0.004313537
55304,0.002653571
55305,0.0019403427
55306,0.0032172352
55307,0.00315727
55308,0.0017162408
55309,0.0017163594
55310,0.0024100314
55311,0.0039143777
55312,0.0051805107
55313,0.0046342527
55314,0.0027675463
55315,0.0015443447
55316,0.0010188599
55317,0.0018521681
55318,0.00483851
55319,0.0070068585
55320,0.007564097
55321,0.007361338
55322,0.0065318714
55323,0.003937788
55324,0.0030540363
55325,0.003469001
55326,0.0029022603
55327,0.0020418433
55328,0.002185938
55329,0.0027766384
55330,0.0031744516
55331,0.002840308
55332,0.0025669937
55333,0.0025268504
55334,0.0017529685
55335,0.0019956373
55336,0.0021021024
55337,0.002041002
55338,0.0022172942
55339,0.0026448262
55340,0.0032203277
55341,0.0029843515
55342,0.0027142423
55343,0.002343131
55344,0.0016198949
55345,0.0013348825
55346,0.0011400266
55347,0.0017598121
55348,0.0020045862
55349,0.0017875266
55350,0.0009778729
55351,0.0009652918
55352,0.00073867355
55353,0.0006059488
55354,0.0011474569
55355,0.0012053719
55356,0.0009850786
55357,0.0007325013
55358,0.0007046769
55359,0.0006754492
55360,0.0011591408
55361,0.0016655162
55362,0.0012189376
55363,0.0012810569
55364,0.0012084345
55365,0.0018330881
55366,0.001593174
55367,0.001941977
55368,0.0024929915
55369,0.002265352
55370,0.0010416848
55371,0.0013403003
55372,0.0015346656
55373,0.002016514
55374,0.0020051813
55375,0.001716122
55376,0.0018419893
55377,0.0014930825
55378,0.0009744741
55379,0.00088303443
55380,0.001218006
55381,0.0019143852
55382,0.0016051492
55383,0.0014480985
55384,0.0014650623
55385,0.0011487497
55386,0.00080203044
55387,0.0009714829
55388,0.0010894551
55389,0.0010617475
55390,0.00082890486
55391,0.0008461064
55392,0.0014420766
55393,0.001712149
55394,0.0015558541
55395,0.0013207229
55396,0.0014974035
55397,0.0009986642
55398,0.0013906652
55399,0.0019366944
55400,0.0020643964
55401,0.0020841798
55402,0.002085757
55403,0.0018765985
55404,0.0021137553
55405,0.0020744097
55406,0.002159267
55407,0.0019153579
55408,0.0015318943
55409,0.0013483323
55410,0.0014252885
55411,0.0013303179
55412,0.0010707551
55413,0.0007911796
55414,0.00066769193
55415,0.0006926381
55416,0.0017445975
55417,0.0024295878
55418,0.0017070589
55419,0.00068149756
55420,0.0006203782
55421,0.00071023067
55422,0.0005368297
55423,0.00055348617
55424,0.0013608582
55425,0.0017748143
55426,0.0015619777
55427,0.0013353839
55428,0.0010684149
55429,0.00095471134
55430,0.000851968
55431,0.0010490348
55432,0.001388948
55433,0.0011555699
55434,0.0007905908
55435,0.0009667379
55436,0.00076060893
55437,0.0012633963
55438,0.0014979282
55439,0.0013574964
55440,0.0016751691
55441,0.0014931409
55442,0.0012799432
55443,0.0011550158
55444,0.00074071955
55445,0.0010918834
55446,0.0009194291
55447,0.000624353
55448,0.00070115755
55449,0.0012112249
55450,0.0013719128
55451,0.0010614459
55452,0.0011706833
55453,0.0014846378
55454,0.0016687284
55455,0.0020292038
55456,0.0015300884
55457,0.0012947287
55458,0.001766629
55459,0.0015820465
55460,0.0010981824
55461,0.0007426031
55462,0.00089377956
55463,0.0013778188
55464,0.0017295688
55465,0.0018897657
55466,0.0017738958
55467,0.0016689725
55468,0.0013658107
55469,0.0012633504
55470,0.0012226566
55471,0.000480894
55472,0.0006284417
55473,0.0008815831
55474,0.0013372133
55475,0.0013704908
55476,0.0016240578
55477,0.0015656626
55478,0.001381384
55479,0.0017199505
55480,0.0018728415
55481,0.0014191495
55482,0.001089081
55483,0.0011105422
55484,0.0009431487
55485,0.0011553433
55486,0.0016156313
55487,0.0019411675
55488,0.0020596539
55489,0.0017471979
55490,0.0025631587
55491,0.002252158
55492,0.0018405193
55493,0.0012173129
55494,0.0016375141
55495,0.0015099264
55496,0.0017075362
55497,0.0014606057
55498,0.0013654485
55499,0.0011404095
55500,0.0012508485
55501,0.0010172303
55502,0.0007608002
55503,0.00066921575
55504,0.0011922134
55505,0.0011844988
55506,0.00054286775
55507,0.0009807853
55508,0.0010997714
55509,0.0010456446
55510,0.0010955024
55511,0.0012086993
55512,0.0018403295
55513,0.0022710876
55514,0.0023266026
55515,0.00226336
55516,0.0025674244
55517,0.0025962146
55518,0.0021783758
55519,0.0022902547
55520,0.0013620766
55521,0.0012348547
55522,0.0011121135
55523,0.0014786271
55524,0.0011301037
55525,0.0014371641
55526,0.0018961156
55527,0.0020946544
55528,0.0016824156
55529,0.0013421664
55530,0.0012904957
55531,0.0006775143
55532,0.0004452587
55533,0.0013312583
55534,0.0026796123
55535,0.0022753638
55536,0.0008438331
55537,0.0010600192
55538,0.0012139132
55539,0.0013082353
55540,0.0010451156
55541,0.000962907
55542,0.001081465
55543,0.0011857513
55544,0.0019088282
55545,0.003020142
55546,0.0032830783
55547,0.0019854463
55548,0.0010851724
55549,0.0018640095
55550,0.0023280783
55551,0.0034925714
55552,0.004235173
55553,0.0032902423
55554,0.0017773542
55555,0.0012952231
55556,0.0020587777
55557,0.0027849276
55558,0.0028501994
55559,0.0020946683
55560,0.0013266593
55561,0.001185604
55562,0.0008839239
55563,0.0011818914
55564,0.0013212516
55565,0.0009902355
55566,0.0006807284
55567,0.00085486675
55568,0.0008296068
55569,0.0006860094
55570,0.00041332733
55571,0.0007455367
55572,0.0012405686
55573,0.0018408671
55574,0.0021688559
55575,0.0017085074
55576,0.000996184
55577,0.00071777153
55578,0.0008679421
55579,0.00068243645
55580,0.0007633971
55581,0.0011806842
55582,0.0031391783
55583,0.003976664
55584,0.0029252137
55585,0.002208166
55586,0.00202929
55587,0.0019598042
55588,0.00089569873
55589,0.0012738347
55590,0.0013854863
55591,0.0014797288
55592,0.0015000252
55593,0.0011208461
55594,0.00053498324
55595,0.0010000329
55596,0.0014682373
55597,0.0026077356
55598,0.0030158504
55599,0.0022971067
55600,0.0019738912
55601,0.0021060861
55602,0.0018919668
55603,0.0015957294
55604,0.0011957479
55605,0.0012132897
55606,0.0025972235
55607,0.003447119
55608,0.0043069874
55609,0.005322442
55610,0.004600841
55611,0.0
55612,0.000775801
55613,0.00096724957
55614,0.0017802011
55615,0.0023303898
55616,0.0015996277
55617,0.00067768607
55618,0.001245392
55619,0.0011519628
55620,0.0009220211
55621,0.0009180353
55622,0.0007345645
55623,0.00030565224
55624,0.00065198966
55625,0.000958909
55626,0.0013241341
55627,0.0018603837
55628,0.0019790009
55629,0.0018481568
55630,0.001222728
55631,0.0007993771
55632,0.001290586
55633,0.0027177248
55634,0.0053912834
55635,0.005426908
55636,0.0034749443
55637,0.003048733
55638,0.0024228825
55639,0.0028844157
55640,0.0030004673
55641,0.0029112415
55642,0.002737422
55643,0.0025137668
55644,0.0028154326
55645,0.0046357345
55646,0.004820105
55647,0.003474291
55648,0.0027818535
55649,0.0017292154
55650,0.0016033532
55651,0.0040985118
55652,0.006319824
55653,0.0074332743
55654,0.007966078
55655,0.008187264
55656,0.006658473
55657,0.0044195666
55658,0.0038482337
55659,0.002473901
55660,0.0020785446
55661,0.002900575
55662,0.0032871005
55663,0.0037306491
55664,0.0032332344
55665,0.0022124324
55666,0.0023767739
55667,0.002082727
55668,0.00177814
55669,0.002075013
55670,0.001998785
55671,0.0022528816
55672,0.002598747
55673,0.0025197454
55674,0.0017993082
55675,0.0019499634
55676,0.0015609151
55677,0.00083237357
55678,0.0010764749
55679,0.0011622501
55680,0.0015516208
55681,0.0014209325
55682,0.0007758385
55683,0.0006316752
55684,0.0006428189
55685,0.0008139888
55686,0.00070124055
55687,0.001132342
55688,0.0012198207
55689,0.0010609797
55690,0.0006267723
55691,0.00055053364
55692,0.000324496
55693,0.00093506003
55694,0.0012257947
55695,0.00087279076
55696,0.0008736906
55697,0.0009472132
55698,0.0014647841
55699,0.0014911514
55700,0.0018911359
55701,0.0019130317
55702,0.0017338712
55703,0.0011125059
55704,0.0010757988
55705,0.0014192109
55706,0.0019258744
55707,0.0019735668
55708,0.001643298
55709,0.0015397964
55710,0.0010552035
55711,0.0008465878
55712,0.0012774167
55713,0.0018564216
55714,0.002036148
55715,0.0013925682
55716,0.0012832134
55717,0.0014254111
55718,0.0013995313
55719,0.001093721
55720,0.00089404004
55721,0.0008174141
55722,0.0013576036
55723,0.0014782924
55724,0.0015448912
55725,0.0020396183
55726,0.0018544138
55727,0.0014003628
55728,0.0014655589
55729,0.0016707155
55730,0.0013229467
55731,0.001773026
55732,0.0021560702
55733,0.0021262344
55734,0.0018880401
55735,0.0019830703
55736,0.0018476528
55737,0.0020340744
55738,0.0019394725
55739,0.0016421286
55740,0.0012844602
55741,0.0006443565
55742,0.00081033364
55743,0.001234784
55744,0.0013747737
55745,0.0012396768
55746,0.0011870024
55747,0.00085312873
55748,0.00062714366
55749,0.0014407239
55750,0.0025579985
55751,0.002140776
55752,0.0006971196
55753,0.0005811876
55754,0.0005328574
55755,0.0006184988
55756,0.0010131882
55757,0.0015207969
55758,0.0015003355
55759,0.0015685783
55760,0.0014072045
55761,0.00077456207
55762,0.0006479148
55763,0.0009912049
55764,0.0018948258
55765,0.0018352936
55766,0.0012802616
55767,0.0011515332
55768,0.0013350351
55769,0.0012644787
55770,0.0014571744
55771,0.0015227094
55772,0.0018812144
55773,0.0022902421
55774,0.0016450504
55775,0.0012374681
55776,0.0013984911
55777,0.0008009774
55778,0.0008796662
55779,0.0012151832
55780,0.0011519375
55781,0.0010734696
55782,0.0013261986
55783,0.0015208543
55784,0.0011598185
55785,0.0012179821
55786,0.0015037651
55787,0.001788015
55788,0.0017916899
55789,0.0016076675
55790,0.0010831322
55791,0.0018139036
55792,0.0017926317
55793,0.001963869
55794,0.0014506688
55795,0.0009477661
55796,0.0011400266
55797,0.0019902925
55798,0.002336053
55799,0.0020279987
55800,0.0014803188
55801,0.0008111593
55802,0.0010975462
55803,0.001265169
55804,0.0007170413
55805,0.00078058813
55806,0.0007915106
55807,0.00093813636
55808,0.0011481415
55809,0.0015515458
55810,0.0014689309
55811,0.0018606809
55812,0.0023218442
55813,0.0027669363
55814,0.0023492961
55815,0.001814834
55816,0.001460247
55817,0.0013705756
55818,0.0013592532
55819,0.0018307845
55820,0.0018393645
55821,0.002044265
55822,0.0017516066
55823,0.0019622233
55824,0.0016641177
55825,0.0020070674
55826,0.0024581219
55827,0.0026329923
55828,0.0019249524
55829,0.0018409778
55830,0.0012941441
55831,0.00090165756
55832,0.0008607702
55833,0.001067979
55834,0.0009735777
55835,0.00090972334
55836,0.00097605574
55837,0.0015830396
55838,0.0018679245
55839,0.0015793768
55840,0.0012509648
55841,0.0011001418
55842,0.0013279092
55843,0.0017724677
55844,0.0015827639
55845,0.001441774
55846,0.0015010724
55847,0.0014581927
55848,0.0013738631
55849,0.0019150237
55850,0.0017663984
55851,0.0019271132
55852,0.0025273801
55853,0.0020168894
55854,0.0017062062
55855,0.0011038919
55856,0.0013308647
55857,0.00065935805
55858,0.0010915902
55859,0.0016301394
55860,0.001469842
55861,0.0010032582
55862,0.0011435951
55863,0.0013294425
55864,0.00083488727
55865,0.0008405848
55866,0.0014486812
55867,0.0024881186
55868,0.0020134666
55869,0.0011520133
55870,0.0015192077
55871,0.0015531582
55872,0.0012737433
55873,0.0010894551
55874,0.0012226804
55875,0.001287425
55876,0.0015267751
55877,0.0018514609
55878,0.002083174
55879,0.0024643536
55880,0.002230551
55881,0.0015722662
55882,0.0014891006
55883,0.002000226
55884,0.0028112635
55885,0.0036110093
55886,0.003406386
55887,0.0027952336
55888,0.0019167098
55889,0.002224567
55890,0.0033159968
55891,0.0046840566
55892,0.003387073
55893,0.0014151242
55894,0.0008525486
55895,0.0009822975
55896,0.001308747
55897,0.0015904497
55898,0.0010505042
55899,0.00060156215
55900,0.00055569026
55901,0.000648319
55902,0.00038473637
55903,0.00050980115
55904,0.00084724074
55905,0.0015590682
55906,0.0023480942
55907,0.0027120754
55908,0.0020531437
55909,0.0014113348
55910,0.000706986
55911,0.0008792029
55912,0.00066699414
55913,0.00056022825
55914,0.0008793684
55915,0.0026669835
55916,0.0033995267
55917,0.0029900414
55918,0.0023835478
55919,0.0024859302
55920,0.0026051227
55921,0.002036005
55922,0.0011598436
55923,0.0009050726
55924,0.0010547069
55925,0.0008714559
55926,0.00076674466
55927,0.00067164673
55928,0.0011484203
55929,0.0016264573
55930,0.0022074147
55931,0.0024249356
55932,0.0022835352
55933,0.0021705057
55934,0.002241056
55935,0.0019169832
55936,0.0015515082
55937,0.0010396992
55938,0.00081933447
55939,0.0015068778
55940,0.0026169713
55941,0.004839382
55942,0.0061660567
55943,0.0047386955
55944,0.0
55945,0.00072145194
55946,0.0007747123
55947,0.0014933943
55948,0.0022462315
55949,0.0016054574
55950,0.0006841402
55951,0.0013427951
55952,0.0016564397
55953,0.0014827547
55954,0.0016314065
55955,0.0016159555
55956,0.0015763887
55957,0.0015703399
55958,0.0016839372
55959,0.0018541784
55960,0.0017612338
55961,0.0016365718
55962,0.0012737205
55963,0.0010188884
55964,0.0006668632
55965,0.0010164576
55966,0.0022493908
55967,0.0052297926
55968,0.005778429
55969,0.0040033464
55970,0.003329267
55971,0.0036991471
55972,0.0037398122
55973,0.003275881
55974,0.003399073
55975,0.003181558
55976,0.0026570016
55977,0.0025861622
55978,0.0035085594
55979,0.003937699
55980,0.0046038385
55981,0.0038984413
55982,0.0023819723
55983,0.0018833791
55984,0.0024809614
55985,0.0047910716
55986,0.006389744
55987,0.0079322
55988,0.009201278
55989,0.008303625
55990,0.0062883617
55991,0.004070416
55992,0.0033382068
55993,0.0027261076
55994,0.00309383
55995,0.0036287697
55996,0.004238889
55997,0.0031260229
55998,0.00161188
55999,0.0021531119
56000,0.0019071808
56001,0.0015287563
56002,0.001922789
56003,0.0016402311
56004,0.0017249857
56005,0.0017102782
56006,0.0015384537
56007,0.0012398646
56008,0.0016161716
56009,0.0016934335
56010,0.0013706393
56011,0.001229848
56012,0.0015570882
56013,0.0015571817
56014,0.0012576936
56015,0.00095428445
56016,0.0011330614
56017,0.001269899
56018,0.0013819737
56019,0.0010066465
56020,0.0007947764
56021,0.0009148595
56022,0.0007185821
56023,0.00039533223
56024,0.0006434072
56025,0.0005829876
56026,0.00073808234
56027,0.00080601225
56028,0.00055798993
56029,0.000796934
56030,0.0008158816
56031,0.00074643403
56032,0.0010143078
56033,0.0014125922
56034,0.0016660579
56035,0.0015725994
56036,0.0015830029
56037,0.0013361028
56038,0.0012387844
56039,0.0013119231
56040,0.0010992949
56041,0.00081194827
56042,0.00095751183
56043,0.0009291901
56044,0.0011202487
56045,0.0012757981
56046,0.0014431459
56047,0.0011684935
56048,0.001021057
56049,0.001379592
56050,0.0013989697
56051,0.0014415922
56052,0.0012509648
56053,0.0017267901
56054,0.002021876
56055,0.002261469
56056,0.0022071113
56057,0.0019050738
56058,0.0020896604
56059,0.0016189244
56060,0.0011075769
56061,0.0015165808
56062,0.0015382834
56063,0.0015005295
56064,0.0018418945
56065,0.0019995274
56066,0.0019992362
56067,0.0018188867
56068,0.0018807811
56069,0.0018836727
56070,0.0017244457
56071,0.0013233646
56072,0.00066164933
56073,0.0007563882
56074,0.00090030086
56075,0.0010753117
56076,0.0013660239
56077,0.0013815315
56078,0.0011886685
56079,0.0013700447
56080,0.0012966604
56081,0.0010941201
56082,0.0011615988
56083,0.0024196128
56084,0.0024278024
56085,0.000931005
56086,0.00071732537
56087,0.000572408
56088,0.0009778729
56089,0.0013593175
56090,0.0015941418
56091,0.0012329206
56092,0.001464963
56093,0.0014132926
56094,0.00074071955
56095,0.000637591
56096,0.0014587315
56097,0.0024803279
56098,0.0022085484
56099,0.0013025278
56100,0.0013021032
56101,0.0010601016
56102,0.0014078042
56103,0.0017899184
56104,0.00185399
56105,0.0022029406
56106,0.0026439237
56107,0.0015619217
56108,0.0008097229
56109,0.0011210279
56110,0.00076587114
56111,0.00050290383
56112,0.0009927012
56113,0.0011922378
56114,0.0015552929
56115,0.0016209905
56116,0.0014585918
56117,0.0012514998
56118,0.0010872891
56119,0.0014540753
56120,0.0019300559
56121,0.0020754056
56122,0.0018757298
56123,0.00195235
56124,0.0023567174
56125,0.0025602048
56126,0.0026640573
56127,0.0018469754
56128,0.0014704161
56129,0.0011674968
56130,0.002042855
56131,0.0023900715
56132,0.0020029305
56133,0.0016255624
56134,0.0010663153
56135,0.0010384949
56136,0.0013122336
56137,0.0010985269
56138,0.00076587114
56139,0.0004777975
56140,0.00054825575
56141,0.0010125848
56142,0.001061254
56143,0.0011157452
56144,0.0018034766
56145,0.0020925135
56146,0.0027782416
56147,0.0025866237
56148,0.0019337619
56149,0.0013128546
56150,0.0011481415
56151,0.0013834051
56152,0.0019401027
56153,0.0020630988
56154,0.0019934047
56155,0.0016220136
56156,0.0016638029
56157,0.0015105624
56158,0.0017923882
56159,0.002321819
56160,0.0023823753
56161,0.0017844304
56162,0.0014849907
56163,0.0011824331
56164,0.0009314738
56165,0.0009685125
56166,0.0013418628
56167,0.0012947287
56168,0.0012728748
56169,0.001081465
56170,0.0016189065
56171,0.0018342626
56172,0.002014449
56173,0.0017525037
56174,0.0010298269
56175,0.0014331489
56176,0.0023467923
56177,0.0019734488
56178,0.0010480077
56179,0.0010270537
56180,0.000996184
56181,0.0015096758
56182,0.0017128628
56183,0.0016916451
56184,0.0020455602
56185,0.002514901
56186,0.0020021892
56187,0.0016707677
56188,0.0011389795
56189,0.001224084
56190,0.00039215386
56191,0.0008339455
56192,0.001282215
56193,0.0012424908
56194,0.0008321638
56195,0.0008756205
56196,0.0010830516
56197,0.0009538269
56198,0.0012129297
56199,0.0015210839
56200,0.0019996
56201,0.0017715481
56202,0.0015908523
56203,0.0016369986
56204,0.0012475401
56205,0.0007129709
56206,0.0007300338
56207,0.0010751763
56208,0.001238338
56209,0.0014746457
56210,0.0014850886
56211,0.0010742827
56212,0.0014693667
56213,0.002179658
56214,0.0022121954
56215,0.0026305816
56216,0.002077396
56217,0.0025977837
56218,0.0036578313
56219,0.0037917553
56220,0.003442954
56221,0.0020658057
56222,0.0011330614
56223,0.0025927036
56224,0.0053624385
56225,0.0042553833
56226,0.0011824577
56227,0.0008749888
56228,0.0011427804
56229,0.0012760491
56230,0.0016558599
56231,0.0011987136
56232,0.00050665153
56233,0.00072451134
56234,0.000924291
56235,0.0008183748
56236,0.0009514439
56237,0.0011509012
56238,0.0016142976
56239,0.0023775205
56240,0.0028269454
56241,0.0026052902
56242,0.0021270143
56243,0.0011586888
56244,0.0007997047
56245,0.00074880867
56246,0.00057322095
56247,0.00079158414
56248,0.0017265709
56249,0.0027347414
56250,0.0028596187
56251,0.0023509804
56252,0.0023593463
56253,0.0028199465
56254,0.0025898733
56255,0.0015627414
56256,0.0012374681
56257,0.00095513806
56258,0.00075696514
56259,0.0008186237
56260,0.0010641023
56261,0.0015972971
56262,0.0016958378
56263,0.0015053513
56264,0.0015069165
56265,0.0015430062
56266,0.0016901821
56267,0.0016440593
56268,0.0015030488
56269,0.0015203375
56270,0.0013568959
56271,0.0006313065
56272,0.0007558878
56273,0.0014048655
56274,0.0039236825
56275,0.0064192414
56276,0.0050986963
56277,0.0
56278,0.0006570588
56279,0.00063489215
56280,0.0015293654
56281,0.0023540237
56282,0.0015967505
56283,0.0009900884
56284,0.0016965413
56285,0.0020720796
56286,0.0016632605
56287,0.0018046381
56288,0.0021446743
56289,0.0022374168
56290,0.0021789102
56291,0.0018882096
56292,0.0018891497
56293,0.0014208095
56294,0.0011240871
56295,0.00066860666
56296,0.0009602435
56297,0.0010033161
56298,0.0010992949
56299,0.0020199174
56300,0.004814033
56301,0.0053362967
56302,0.0040143738
56303,0.0034493133
56304,0.0042161914
56305,0.004212041
56306,0.0030549986
56307,0.0025944654
56308,0.0031109692
56309,0.0034808437
56310,0.0031832776
56311,0.003060576
56312,0.0038228217
56313,0.005660975
56314,0.0048165596
56315,0.0029668047
56316,0.0022458558
56317,0.0022203112
56318,0.0033943346
56319,0.0050858026
56320,0.006366655
56321,0.0077270437
56322,0.00853596
56323,0.008227961
56324,0.005641616
56325,0.0051432136
56326,0.0044748657
56327,0.0035877791
56328,0.0035311158
56329,0.004158006
56330,0.003092334
56331,0.0014438919
56332,0.0019417522
56333,0.0017930863
56334,0.0013197529
56335,0.0017019707
56336,0.0015276899
56337,0.001134499
56338,0.0012258897
56339,0.0012636267
56340,0.0014232656
56341,0.0016164777
56342,0.0018420841
56343,0.0018348496
56344,0.0012506857
56345,0.0012738119
56346,0.0010488129
56347,0.0009615156
56348,0.0010421037
56349,0.0010684966
56350,0.001151887
56351,0.0014586716
56352,0.0012398881
56353,0.0010603211
56354,0.0009039142
56355,0.0006345712
56356,0.0005769154
56357,0.0006458002
56358,0.00053503766
56359,0.00049373443
56360,0.0005139517
56361,0.00076229067
56362,0.001138008
56363,0.0010231641
56364,0.00092344044
56365,0.0015186712
56366,0.0015550683
56367,0.0013852762
56368,0.0010942265
56369,0.0013476413
56370,0.0012308415
56371,0.0010669157
56372,0.0012361974
56373,0.00090597256
56374,0.0009085389
56375,0.0010380183
56376,0.0010549552
56377,0.0011090998
56378,0.0011046826
56379,0.0010481466
56380,0.00054650113
56381,0.0008854043
56382,0.0014905463
56383,0.0016785535
56384,0.0018369262
56385,0.0020860082
56386,0.0023089477
56387,0.0025132226
56388,0.0022805892
56389,0.002024264
56390,0.0017987582
56391,0.0018069589
56392,0.0013786635
56393,0.00092831266
56394,0.0013175679
56395,0.0010808189
56396,0.0012401463
56397,0.0016115189
56398,0.0016520238
56399,0.0018353254
56400,0.0016301394
56401,0.001607233
56402,0.0017532508
56403,0.0013995104
56404,0.0011026785
56405,0.00084724074
56406,0.00072431046
56407,0.000943704
56408,0.00114733
56409,0.0011390817
56410,0.0009134587
56411,0.00072334544
56412,0.0011581109
56413,0.001300739
56414,0.0012701739
56415,0.0009822086
56416,0.0021044686
56417,0.0023448942
56418,0.0008882922
56419,0.0008559555
56420,0.00095275836
56421,0.0012019384
56422,0.0011520891
56423,0.0010222534
56424,0.00068303326
56425,0.0012026163
56426,0.0014198056
56427,0.0011993932
56428,0.00080824783
56429,0.0018559198
56430,0.002435319
56431,0.0018214291
56432,0.0010460621
56433,0.0012458126
56434,0.001179229
56435,0.0012686149
56436,0.0015960394
56437,0.0018893653
56438,0.002791514
56439,0.002915956
56440,0.0014200105
56441,0.0006827349
56442,0.0011169704
56443,0.0011206903
56444,0.00044669438
56445,0.00020824194
56446,0.00061315845
56447,0.001021342
56448,0.0013501442
56449,0.0012998661
56450,0.0010417686
56451,0.0010382145
56452,0.0014518319
56453,0.0018861431
56454,0.0020043685
56455,0.0020948627
56456,0.002177975
56457,0.0022866302
56458,0.0026213382
56459,0.0028013492
56460,0.0026938138
56461,0.0024409175
56462,0.0012115373
56463,0.0017551256
56464,0.0019782064
56465,0.0018985545
56466,0.0018732767
56467,0.0015089624
56468,0.00096887304
56469,0.001270403
56470,0.0012994631
56471,0.0006236067
56472,0.00039592074
56473,0.000542975
56474,0.0010849579
56475,0.0010111755
56476,0.0010374574
56477,0.0013672165
56478,0.0011246048
56479,0.0017105334
56480,0.0024326644
56481,0.0023665146
56482,0.0017273125
56483,0.0015664803
56484,0.0020103417
56485,0.0020903288
56486,0.0019465724
56487,0.0014081763
56488,0.0012656979
56489,0.0014543756
56490,0.0011921402
56491,0.0010398112
56492,0.0015526146
56493,0.0019327531
56494,0.0017208302
56495,0.0014269823
56496,0.0012673294
56497,0.0012754559
56498,0.0011905278
56499,0.0014030206
56500,0.0014297738
56501,0.0014379739
56502,0.0012405686
56503,0.0011619244
56504,0.0015239895
56505,0.0024839274
56506,0.0023949738
56507,0.00085632945
56508,0.0014119121
56509,0.002522516
56510,0.0022587518
56511,0.0013325912
56512,0.0009320672
56513,0.0010099083
56514,0.0016946532
56515,0.0025645662
56516,0.0028122885
56517,0.002461955
56518,0.0023913498
56519,0.0020277977
56520,0.0014095397
56521,0.0007704933
56522,0.0012029308
56523,0.0010382145
56524,0.0013870399
56525,0.0017134744
56526,0.0016128006
56527,0.0011526195
56528,0.0009344373
56529,0.0011525184
56530,0.0013910418
56531,0.0017133554
56532,0.0018605557
56533,0.0017308808
56534,0.0012707924
56535,0.0016445726
56536,0.0014922245
56537,0.0010875567
56538,0.00062042504
56539,0.00046813657
56540,0.00080716686
56541,0.00096163666
56542,0.0012469101
56543,0.001446872
56544,0.0013349697
56545,0.0012389958
56546,0.0012511974
56547,0.0017966698
56548,0.0029322396
56549,0.0023865376
56550,0.0021117993
56551,0.0031563202
56552,0.0037246842
56553,0.003973076
56554,0.0030209995
56555,0.0018761021
56556,0.0020210408
56557,0.0053372616
56558,0.004582936
56559,0.0013540832
56560,0.0012342181
56561,0.001534931
56562,0.001334359
56563,0.0017456315
56564,0.0014373261
56565,0.0008180547
56566,0.0012579481
56567,0.0014611436
56568,0.0013918366
56569,0.0012518254
56570,0.0011970615
56571,0.0009636623
56572,0.0017359178
56573,0.002322145
56574,0.002894307
56575,0.0027061775
56576,0.0016683795
56577,0.0010373171
56578,0.0009505258
56579,0.0006110664
56580,0.00073118904
56581,0.0012765735
56582,0.0023328736
56583,0.0029689816
56584,0.0024740305
56585,0.0012712275
56586,0.0019322562
56587,0.0023248256
56588,0.0018384466
56589,0.0018595544
56590,0.0011505218
56591,0.00054292136
56592,0.0010350702
56593,0.0013144497
56594,0.001815876
56595,0.0015424024
56596,0.0010832128
56597,0.0007899279
56598,0.0010046207
56599,0.0012314325
56600,0.001512911
56601,0.0014783711
56602,0.0015847117
56603,0.0016423767
56604,0.0010768533
56605,0.00060267386
56606,0.00064773514
56607,0.003523649
56608,0.005741372
56609,0.0046474724
56610,0.0
56611,0.0007977735
56612,0.000702153
56613,0.001599373
56614,0.0023122227
56615,0.0016860616
56616,0.001230132
56617,0.0021014654
56618,0.002201791
56619,0.001862635
56620,0.0015928999
56621,0.0016445372
56622,0.0014833042
56623,0.001510466
56624,0.001656598
56625,0.0017081497
56626,0.00160812
56627,0.0013604731
56628,0.0010446978
56629,0.0011800432
56630,0.0010460343
56631,0.001058728
56632,0.0020171057
56633,0.003190346
56634,0.004163532
56635,0.0039588544
56636,0.0032477123
56637,0.0034838442
56638,0.0037600533
56639,0.0027823136
56640,0.0022142995
56641,0.002637653
56642,0.0038385787
56643,0.0037604866
56644,0.002930512
56645,0.0046591433
56646,0.006908837
56647,0.0063726045
56648,0.004736152
56649,0.004722022
56650,0.0039117746
56651,0.0031692858
56652,0.003406813
56653,0.0048203585
56654,0.006066237
56655,0.008589421
56656,0.008737532
56657,0.007030842
56658,0.007199113
56659,0.0067855045
56660,0.004883492
56661,0.0048017325
56662,0.005100466
56663,0.00294463
56664,0.0019888296
56665,0.0018465815
56666,0.001538851
56667,0.0017481139
56668,0.00207556
56669,0.0015970056
56670,0.0010121536
56671,0.00087694905
56672,0.0012819426
56673,0.0016585819
56674,0.0016154511
56675,0.0021102277
56676,0.0024635384
56677,0.0020245227
56678,0.0013826054
56679,0.00087797723
56680,0.0009568733
56681,0.0008949836
56682,0.00066799694
56683,0.00061087584
56684,0.0008992982
56685,0.00072779786
56686,0.0006800012
56687,0.0005993811
56688,0.00050365564
56689,0.0005131016
56690,0.00037000596
56691,0.0003817748
56692,0.00032939197
56693,0.0007453415
56694,0.0010425505
56695,0.0012889161
56696,0.000989765
56697,0.0010666974
56698,0.0018832091
56699,0.0018602898
56700,0.0013313239
56701,0.00088445056
56702,0.0010634182
56703,0.0013041579
56704,0.0013347516
56705,0.0014581927
56706,0.001119339
56707,0.001170559
56708,0.0010440848
56709,0.00088075735
56710,0.000906101
56711,0.00095486373
56712,0.0009854035
56713,0.0008035893
56714,0.0011076557
56715,0.0018284143
56716,0.0021916025
56717,0.0018521996
56718,0.0018327546
56719,0.0018882096
56720,0.0017959083
56721,0.0011315707
56722,0.0012475635
56723,0.0015506076
56724,0.0011879827
56725,0.0008521388
56726,0.00088963454
56727,0.0012308415
56728,0.0010289788
56729,0.0011988593
56730,0.0019553292
56731,0.002219236
56732,0.0019596855
56733,0.0019029184
56734,0.0018456986
56735,0.0017917061
56736,0.0013549856
56737,0.0011083911
56738,0.00089939527
56739,0.0009021094
56740,0.0014255336
56741,0.0017069054
56742,0.0011908701
56743,0.00084051554
56744,0.00069477776
56745,0.0008080678
56746,0.00095978874
56747,0.0009774859
56748,0.0008730908
56749,0.0017571806
56750,0.001927989
56751,0.0007932002
56752,0.00090487965
56753,0.000991704
56754,0.0008765175
56755,0.0006669505
56756,0.00062932103
56757,0.0007846787
56758,0.0013406693
56759,0.0016653414
56760,0.0018657575
56761,0.0013300116
56762,0.0020354046
56763,0.0025243843
56764,0.0017198321
56765,0.0008778115
56766,0.0010782848
56767,0.0012659049
56768,0.00096396427
56769,0.0012699447
56770,0.0020666085
56771,0.0032794152
56772,0.0029594183
56773,0.0010058077
56774,0.00058328704
56775,0.0010849846
56776,0.0010822989
56777,0.00046388977
56778,0.0006453043
56779,0.0008766835
56780,0.0009646886
56781,0.0008953412
56782,0.0010139061
56783,0.0009424078
56784,0.0015769979
56785,0.002000444
56786,0.0020987908
56787,0.001780806
56788,0.001599373
56789,0.0015569947
56790,0.001604841
56791,0.0022426008
56792,0.002784938
56793,0.0033237727
56794,0.0035559118
56795,0.0026913278
56796,0.0023655307
56797,0.0022105635
56798,0.0017776816
56799,0.0018453675
56800,0.001961155
56801,0.0014682572
56802,0.0011808322
56803,0.0012599825
56804,0.0006883388
56805,0.00049231766
56806,0.0007161478
56807,0.0010413495
56808,0.0011472793
56809,0.0009879404
56810,0.0010160566
56811,0.000851558
56812,0.0012755472
56813,0.0020568683
56814,0.002524592
56815,0.0018002138
56816,0.0018619944
56817,0.0019339424
56818,0.0015417608
56819,0.0011666489
56820,0.00061505416
56821,0.0006975787
56822,0.0008724572
56823,0.0009858465
56824,0.0010860572
56825,0.0011187148
56826,0.0010275353
56827,0.0012789879
56828,0.0013823739
56829,0.0013876902
56830,0.0016540309
56831,0.0012174324
56832,0.0011143618
56833,0.0014967426
56834,0.0013507692
56835,0.00081338076
56836,0.00086360564
56837,0.0015664616
56838,0.0026160702
56839,0.0023764798
56840,0.0009353401
56841,0.0013095029
56842,0.0023051128
56843,0.0022640799
56844,0.0020373769
56845,0.001280716
56846,0.0008390253
56847,0.0016834013
56848,0.0027167073
56849,0.0035945866
56850,0.002951935
56851,0.0020976118
56852,0.0015042876
56853,0.0008266899
56854,0.0009855807
56855,0.0013164851
56856,0.0012618751
56857,0.0013541692
56858,0.0015851157
56859,0.0015795795
56860,0.0015162162
56861,0.0010888405
56862,0.0008853057
56863,0.0013131871
56864,0.001696833
56865,0.0019865308
56866,0.0018170297
56867,0.0014404814
56868,0.0015972971
56869,0.0011809061
56870,0.0009689331
56871,0.0007019043
56872,0.0006091105
56873,0.00092015683
56874,0.0013450474
56875,0.0016992325
56876,0.002094057
56877,0.002111882
56878,0.0016422704
56879,0.0010886267
56880,0.0011656756
56881,0.0023552845
56882,0.0025991949
56883,0.0019447923
56884,0.0027932755
56885,0.003571999
56886,0.0037061586
56887,0.0032122198
56888,0.0024596485
56889,0.0017510749
56890,0.0041124206
56891,0.00393696
56892,0.0015088659
56893,0.0012708153
56894,0.0012847773
56895,0.0011516343
56896,0.0015580972
56897,0.0014991518
56898,0.0010536026
56899,0.0013299898
56900,0.0013516092
56901,0.0014266152
56902,0.0010120098
56903,0.00087873935
56904,0.00062117516
56905,0.0012395595
56906,0.001607577
56907,0.00232311
56908,0.0026094872
56909,0.0019432954
56910,0.001548034
56911,0.0011905278
56912,0.0006852029
56913,0.0008773804
56914,0.0013217581
56915,0.0020658197
56916,0.0028847689
56917,0.002469568
56918,0.0013632086
56919,0.001988215
56920,0.0020408167
56921,0.0015697283
56922,0.0019608433
56923,0.001478942
56924,0.00067229645
56925,0.00065452914
56926,0.0008011954
56927,0.0011838352
56928,0.00090757734
56929,0.0006004484
56930,0.00075731106
56931,0.0007703422
56932,0.0010959009
56933,0.0015365419
56934,0.0014464093
56935,0.0013338136
56936,0.0014322753
56937,0.0010429414
56938,0.00071935117
56939,0.00075907685
56940,0.002944205
56941,0.005337649
56942,0.0054680197
56943,0.0
56944,0.0012292563
56945,0.0008681768
56946,0.0014760463
56947,0.002065397
56948,0.0015007816
56949,0.0010374574
56950,0.0020565288
56951,0.0022528816
56952,0.0016345966
56953,0.000974026
56954,0.0008672377
56955,0.00072394876
56956,0.001105578
56957,0.0013905605
56958,0.0012056616
56959,0.0013115903
56960,0.0011877377
56961,0.00078256166
56962,0.0012561422
56963,0.0010813574
56964,0.00091339496
56965,0.0017878521
56966,0.0027701217
56967,0.0033454264
56968,0.003569505
56969,0.0034983747
56970,0.0037496826
56971,0.003915478
56972,0.0031182764
56973,0.0029996524
56974,0.0035136323
56975,0.004767859
56976,0.0043926765
56977,0.0052905767
56978,0.005921698
56979,0.0063919756
56980,0.0070280307
56981,0.005519776
56982,0.0050074584
56983,0.004757354
56984,0.004019069
56985,0.0035510059
56986,0.003668787
56987,0.004422121
56988,0.007234147
56989,0.00850223
56990,0.008035422
56991,0.0077849175
56992,0.007850825
56993,0.0061181705
56994,0.006010612
56995,0.005478766
56996,0.0037916172
56997,0.0027289353
56998,0.0022212416
56999,0.0016548753
57000,0.00202366
57001,0.002375304
57002,0.0018961463
57003,0.0011235174
57004,0.0009981686
57005,0.0009626954
57006,0.0013154014
57007,0.0016174136
57008,0.002141143
57009,0.0024048088
57010,0.0021578243
57011,0.0015827271
57012,0.0012633734
57013,0.00094985194
57014,0.0008265138
57015,0.0008132734
57016,0.0006993288
57017,0.0006976621
57018,0.00048300755
57019,0.00047724898
57020,0.00051626825
57021,0.0006851179
57022,0.00081680855
57023,0.00066804053
57024,0.00072048313
57025,0.0006612093
57026,0.0009393145
57027,0.0011562749
57028,0.001089081
57029,0.0007438562
57030,0.00087232376
57031,0.0018439317
57032,0.0018609156
57033,0.0012862037
57034,0.0008418649
57035,0.00063699734
57036,0.00079631293
57037,0.0009912049
57038,0.0012113451
57039,0.0011970858
57040,0.0011850884
57041,0.0011217805
57042,0.00090690365
57043,0.0012823966
57044,0.0014027508
57045,0.0014186366
57046,0.001426105
57047,0.001543289
57048,0.0022733803
57049,0.0028070782
57050,0.002794036
57051,0.0025401188
57052,0.001714595
57053,0.0013445496
57054,0.0013903512
57055,0.0013565741
57056,0.0015311722
57057,0.0014394708
57058,0.0012023984
57059,0.0014004044
57060,0.0015443636
57061,0.0011729434
57062,0.0012699447
57063,0.0022285148
57064,0.002997556
57065,0.0025438855
57066,0.0019670823
57067,0.0016448557
57068,0.001307323
57069,0.00091262994
57070,0.0009581499
57071,0.0010318033
57072,0.0012258184
57073,0.0013798029
57074,0.0013805832
57075,0.00076167955
57076,0.0006361744
57077,0.00047633334
57078,0.00068994367
57079,0.00081841036
57080,0.00065926975
57081,0.00075334235
57082,0.0014826369
57083,0.001321582
57084,0.00050820014
57085,0.0008180547
57086,0.0011464927
57087,0.0010574902
57088,0.0006439046
57089,0.0007006593
57090,0.0008130229
57091,0.0010418245
57092,0.0015890218
57093,0.001966875
57094,0.002082168
57095,0.0028525367
57096,0.0029970803
57097,0.0018034442
57098,0.0009748623
57099,0.0005489454
57100,0.0013477062
57101,0.0014628556
57102,0.001590651
57103,0.002213366
57104,0.0029952638
57105,0.002707199
57106,0.0015900471
57107,0.0010273653
57108,0.0010843675
57109,0.0013244638
57110,0.0007632827
57111,0.00075850147
57112,0.00081584597
57113,0.0008167373
57114,0.000937112
57115,0.00125811
57116,0.0014219767
57117,0.00188058
57118,0.0026046534
57119,0.0021682654
57120,0.0014840496
57121,0.00095851434
57122,0.0011024146
57123,0.0012388784
57124,0.0017650303
57125,0.0022445207
57126,0.0034615262
57127,0.0040077204
57128,0.0034605172
57129,0.0029163854
57130,0.0025959008
57131,0.002534234
57132,0.0026367037
57133,0.0029508108
57134,0.0022627425
57135,0.001223085
57136,0.0012305104
57137,0.0009295972
57138,0.0008056149
57139,0.0010493677
57140,0.0010927892
57141,0.001021342
57142,0.0010814919
57143,0.0010250114
57144,0.00079099566
57145,0.0008831004
57146,0.0012932668
57147,0.0018119612
57148,0.001326769
57149,0.0016248103
57150,0.0015033393
57151,0.0009929651
57152,0.00082432776
57153,0.0006426831
57154,0.00070111605
57155,0.00067030214
57156,0.0007926497
57157,0.001027337
57158,0.0008334568
57159,0.00091444585
57160,0.0016170717
57161,0.002370238
57162,0.0022773328
57163,0.0020497104
57164,0.0014254518
57165,0.0007403658
57166,0.001203221
57167,0.0013402569
57168,0.00093059853
57169,0.00090667896
57170,0.0020811192
57171,0.002889154
57172,0.0021553815
57173,0.00091980887
57174,0.0012998661
57175,0.0019043556
57176,0.0018530164
57177,0.002194217
57178,0.0016472603
57179,0.00148352
57180,0.0020625487
57181,0.0027638634
57182,0.004098888
57183,0.0033408648
57184,0.0018220681
57185,0.0011773271
57186,0.0009730694
57187,0.0012231087
57188,0.0015970967
57189,0.0011257171
57190,0.00089104014
57191,0.0015379429
57192,0.0018578477
57193,0.0018761175
57194,0.0014532345
57195,0.0005792816
57196,0.0009995671
57197,0.0012468167
57198,0.0017182914
57199,0.0015975886
57200,0.001286
57201,0.001119495
57202,0.00077317056
57203,0.0008025746
57204,0.00089923345
57205,0.0009388806
57206,0.0013167504
57207,0.0015211414
57208,0.0013120562
57209,0.0012108645
57210,0.002137824
57211,0.002609175
57212,0.0019092093
57213,0.0014707525
57214,0.0011597683
57215,0.0018355156
57216,0.001988815
57217,0.0022782783
57218,0.0023299777
57219,0.0024136999
57220,0.0022704853
57221,0.0024262555
57222,0.0020217607
57223,0.0029802527
57224,0.0030382716
57225,0.0015502509
57226,0.0011633263
57227,0.00095343014
57228,0.0015695428
57229,0.0018213172
57230,0.0021780417
57231,0.0016461115
57232,0.0016702625
57233,0.0015616608
57234,0.0017907149
57235,0.0015879041
57236,0.0012192718
57237,0.00078360236
57238,0.0013203924
57239,0.0015080555
57240,0.0022066631
57241,0.0023237488
57242,0.0017949195
57243,0.0018160683
57244,0.0014937061
57245,0.00074405177
57246,0.0008248924
57247,0.0010458116
57248,0.0018867448
57249,0.002684799
57250,0.0024112025
57251,0.0020520943
57252,0.002187096
57253,0.0017908125
57254,0.0012151832
57255,0.0015218874
57256,0.001502216
57257,0.0012992615
57258,0.00119297
57259,0.0012547513
57260,0.001406915
57261,0.0015023322
57262,0.0012972439
57263,0.00103279
57264,0.0011161102
57265,0.0017668433
57266,0.0019911258
57267,0.0017991465
57268,0.0010468963
57269,0.0010007602
57270,0.0009680015
57271,0.001004128
57272,0.0012589425
57273,0.002650004
57274,0.004269456
57275,0.0052470546
57276,0.0
57277,0.0016997976
57278,0.001462577
57279,0.0017094271
57280,0.0016547873
57281,0.0011641266
57282,0.000664108
57283,0.0019981295
57284,0.0023923232
57285,0.0014953224
57286,0.0007932736
57287,0.0010552035
57288,0.00087165623
57289,0.001171578
57290,0.0010786356
57291,0.0007187845
57292,0.0012809206
57293,0.0013506183
57294,0.0011641016
57295,0.0016536085
57296,0.0013531586
57297,0.00085008715
57298,0.00090735283
57299,0.0015706179
57300,0.002367523
57301,0.0030303681
57302,0.0034753461
57303,0.0042374334
57304,0.0044489116
57305,0.0042156805
57306,0.0036209335
57307,0.0038945947
57308,0.005159626
57309,0.004679693
57310,0.006723657
57311,0.0067826263
57312,0.0060459473
57313,0.0073149386
57314,0.005114438
57315,0.0022044461
57316,0.0028345846
57317,0.003447676
57318,0.0034201648
57319,0.0030057007
57320,0.0035935987
57321,0.0059434404
57322,0.0079140505
57323,0.0080590965
57324,0.0074362764
57325,0.0072614322
57326,0.006405371
57327,0.00682685
57328,0.0063315243
57329,0.0047661313
57330,0.0028671403
57331,0.002393211
57332,0.001378389
57333,0.0014699212
57334,0.0021451763
57335,0.0018943803
57336,0.0011838845
57337,0.0008418649
57338,0.0006605928
57339,0.0008047836
57340,0.0012495448
57341,0.0017853924
57342,0.0022464518
57343,0.0023189972
57344,0.0018080699
57345,0.0014473345
57346,0.0010795526
57347,0.0007521438
57348,0.0005300645
57349,0.00047718798
57350,0.0008138458
57351,0.0007563882
57352,0.0008318839
57353,0.000805109
57354,0.0009771286
57355,0.0009161947
57356,0.00083296775
57357,0.00093184866
57358,0.00083860895
57359,0.0009188908
57360,0.0011796978
57361,0.00089055
57362,0.00092803047
57363,0.0014310352
57364,0.0017327461
57365,0.0016943784
57366,0.0011632262
57367,0.0008602967
57368,0.0009820901
57369,0.0010100523
57370,0.0009431487
57371,0.0007555412
57372,0.0006914185
57373,0.0010197165
57374,0.0011327788
57375,0.00083951076
57376,0.0011962833
57377,0.0013127659
57378,0.001269257
57379,0.00135966
57380,0.0012915554
57381,0.0021112065
57382,0.0030953253
57383,0.0033467398
57384,0.0030058362
57385,0.0022403805
57386,0.0015594788
57387,0.001770825
57388,0.002355062
57389,0.0028558609
57390,0.0028427455
57391,0.0022942796
57392,0.0017529852
57393,0.0014594895
57394,0.0010190883
57395,0.0013525778
57396,0.0022260842
57397,0.0031478903
57398,0.0027864424
57399,0.0015339068
57400,0.0008876367
57401,0.0007681857
57402,0.0007486532
57403,0.0006323199
57404,0.0007083021
57405,0.0007890432
57406,0.00074849767
57407,0.00082528044
57408,0.0007799167
57409,0.0007479531
57410,0.00047461948
57411,0.00084765285
57412,0.0007920987
57413,0.000747992
57414,0.0008760857
57415,0.0011771293
57416,0.0012518951
57417,0.00089514616
57418,0.0008566692
57419,0.0011673472
57420,0.0011751001
57421,0.00095251395
57422,0.00095043395
57423,0.00090716034
57424,0.0008621891
57425,0.0010634182
57426,0.0013825843
57427,0.0026440998
57428,0.0035753055
57429,0.003553382
57430,0.002149229
57431,0.0013427084
57432,0.0010261749
57433,0.0017477976
57434,0.0021153796
57435,0.0024219211
57436,0.0023201138
57437,0.0022203503
57438,0.0020303796
57439,0.00188058
57440,0.001783892
57441,0.001623036
57442,0.0015182687
57443,0.00093222334
57444,0.0008495049
57445,0.0008950486
57446,0.0009525445
57447,0.0009723513
57448,0.0014906048
57449,0.0018092286
57450,0.0022375989
57451,0.002705629
57452,0.0018427949
57453,0.001215255
57454,0.00089475594
57455,0.0010333817
57456,0.0009636623
57457,0.0011997814
57458,0.0018014098
57459,0.002458465
57460,0.003351198
57461,0.003568347
57462,0.003462703
57463,0.00313852
57464,0.0025644074
57465,0.0026910899
57466,0.0031580164
57467,0.0029034333
57468,0.0020046588
57469,0.001481989
57470,0.0012382439
57471,0.000945491
57472,0.0014804564
57473,0.0016319415
57474,0.0013725915
57475,0.0016725957
57476,0.0019833932
57477,0.0014354823
57478,0.0010095335
57479,0.0010684694
57480,0.0012159254
57481,0.00079620327
57482,0.0011242424
57483,0.0008447983
57484,0.000787862
57485,0.0007414264
57486,0.000643362
57487,0.0007676172
57488,0.00057963317
57489,0.0008856672
57490,0.0011374196
57491,0.0011363701
57492,0.0015341345
57493,0.0024159052
57494,0.0027462111
57495,0.0026886554
57496,0.0023113037
57497,0.0020399038
57498,0.0012528943
57499,0.0012142487
57500,0.0010739033
57501,0.0010225382
57502,0.000946414
57503,0.00213574
57504,0.0027032185
57505,0.0018479364
57506,0.0014824799
57507,0.0014821265
57508,0.001942786
57509,0.0016660404
57510,0.0017917061
57511,0.0014615618
57512,0.0018059761
57513,0.002219957
57514,0.0023273656
57515,0.0040062456
57516,0.0037268715
57517,0.0014244715
57518,0.00085152383
57519,0.0012428656
57520,0.0014148362
57521,0.0014455036
57522,0.0009030767
57523,0.00089758134
57524,0.0013778188
57525,0.0016992154
57526,0.0017298043
57527,0.0014153504
57528,0.00077053107
57529,0.0008299575
57530,0.0010123261
57531,0.0011035227
57532,0.0010025036
57533,0.00091822544
57534,0.00086552446
57535,0.00071683835
57536,0.00049508834
57537,0.00060973136
57538,0.00067030214
57539,0.0013628029
57540,0.0017135933
57541,0.0015975705
57542,0.0010037802
57543,0.0020658197
57544,0.0036472497
57545,0.0029983036
57546,0.001705848
57547,0.0014136427
57548,0.0016163876
57549,0.0021934875
57550,0.0025236234
57551,0.002321092
57552,0.0013281503
57553,0.0011427294
57554,0.001830848
57555,0.001971132
57556,0.0019520071
57557,0.001982586
57558,0.0010502271
57559,0.0008065176
57560,0.00087625184
57561,0.0017203396
57562,0.0023184323
57563,0.0023420625
57564,0.0017893817
57565,0.001374562
57566,0.0013679826
57567,0.0014441136
57568,0.0018034442
57569,0.0014797485
57570,0.0011732412
57571,0.001534969
57572,0.0016941036
57573,0.0023615656
57574,0.0021289838
57575,0.0014426215
57576,0.0017668762
57577,0.001544194
57578,0.0009762942
57579,0.0014872819
57580,0.0018046058
57581,0.0018934583
57582,0.0019356272
57583,0.0019691822
57584,0.0025913112
57585,0.002481454
57586,0.002032142
57587,0.0014264928
57588,0.00093012926
57589,0.0013039124
57590,0.0014391675
57591,0.0014532144
57592,0.0013617774
57593,0.0014509296
57594,0.0012808525
57595,0.0010892147
57596,0.0009822086
57597,0.0011136302
57598,0.0016580905
57599,0.001452934
57600,0.0008805921
57601,0.0005311615
57602,0.00069280615
57603,0.0008102618
57604,0.000927905
57605,0.0013275146
57606,0.001879357
57607,0.0036897568
57608,0.0058302353
57609,0.0
57610,0.0018902123
57611,0.0015686525
57612,0.0016063636
57613,0.001246233
57614,0.0008706874
57615,0.00064876775
57616,0.0016583363
57617,0.0023314012
57618,0.0018725928
57619,0.0014400773
57620,0.0016524466
57621,0.0012831907
57622,0.0016806675
57623,0.0012540785
57624,0.0012554933
57625,0.0017349283
57626,0.0017155453
57627,0.0018265351
57628,0.0021686277
57629,0.0018244305
57630,0.0012806252
57631,0.0010205439
57632,0.0011276029
57633,0.0016341336
57634,0.0022433014
57635,0.0027669154
57636,0.004019677
57637,0.00420086
57638,0.0036035546
57639,0.0032510264
57640,0.0037784688
57641,0.0049533457
57642,0.0050507397
57643,0.007516417
57644,0.0072465474
57645,0.0060170535
57646,0.0074689044
57647,0.0051578656
57648,0.0019682655
57649,0.0017640572
57650,0.0027455753
57651,0.003636133
57652,0.0038950134
57653,0.0037973698
57654,0.004229906
57655,0.0067742537
57656,0.008104133
57657,0.008904952
57658,0.008545453
57659,0.0068559567
57660,0.0065483144
57661,0.0068228547
57662,0.0047253184
57663,0.0028064041
57664,0.002990207
57665,0.0018588343
57666,0.0015837932
57667,0.001807603
57668,0.0018497938
57669,0.0014260438
57670,0.0009581499
57671,0.0006343877
57672,0.0003707917
57673,0.0010936412
57674,0.0015419496
57675,0.0018637597
57676,0.00207222
57677,0.0020478352
57678,0.0018386682
57679,0.002049469
57680,0.0016429082
57681,0.00094178994
57682,0.0008612772
57683,0.00085544534
57684,0.00070471823
57685,0.0009076415
57686,0.0006645023
57687,0.00070302293
57688,0.0006086325
57689,0.00083265326
57690,0.00092249445
57691,0.0007343267
57692,0.0007481476
57693,0.0009992177
57694,0.0008334219
57695,0.0012981858
57696,0.0016712205
57697,0.0014752771
57698,0.0012501037
57699,0.00086851197
57700,0.0008393721
57701,0.0009507095
57702,0.0007638544
57703,0.00065230206
57704,0.00026018362
57705,0.00074071955
57706,0.0012311961
57707,0.0013058083
57708,0.0010514734
57709,0.0010503933
57710,0.0011152755
57711,0.00089332357
57712,0.0012110086
57713,0.0012607444
57714,0.0016099468
57715,0.0026812411
57716,0.0032537736
57717,0.0034368285
57718,0.0028933417
57719,0.0022114192
57720,0.0018023627
57721,0.0021401506
57722,0.0023762716
57723,0.002300664
57724,0.0018208538
57725,0.0012730577
57726,0.0011673223
57727,0.0017175629
57728,0.0022291285
57729,0.0021833002
57730,0.0026424043
57731,0.0026580421
57732,0.0017285083
57733,0.0013083466
57734,0.0009636925
57735,0.0006611213
57736,0.00050168706
57737,0.0006264007
57738,0.00081933447
57739,0.000962907
57740,0.000980162
57741,0.0009052012
57742,0.0008387478
57743,0.00084179576
57744,0.0012659738
57745,0.0010220826
57746,0.0006713867
57747,0.0008578914
57748,0.0009858465
57749,0.001168643
57750,0.000951658
57751,0.00025372754
57752,0.00073753006
57753,0.0009390046
57754,0.000920315
57755,0.0008566692
57756,0.0006735939
57757,0.0005251551
57758,0.00087415683
57759,0.0013275804
57760,0.002744515
57761,0.0033109374
57762,0.0027823034
57763,0.0020928334
57764,0.0018523567
57765,0.0017007561
57766,0.0022194064
57767,0.0029165251
57768,0.0033367241
57769,0.0026063179
57770,0.0013996768
57771,0.0014130867
57772,0.0016354511
57773,0.0014345493
57774,0.0014269823
57775,0.0013604731
57776,0.0011400521
57777,0.0011010144
57778,0.00091822544
57779,0.000974026
57780,0.0010278185
57781,0.0016337952
57782,0.0024156645
57783,0.0023931016
57784,0.0021743106
57785,0.0017515568
57786,0.00091714715
57787,0.0009672195
57788,0.0012093975
57789,0.0010986594
57790,0.00077335874
57791,0.0011162146
57792,0.0017913162
57793,0.0026232805
57794,0.0032379117
57795,0.0034361763
57796,0.0030602529
57797,0.0019958853
57798,0.0019175144
57799,0.0023923232
57800,0.0027631894
57801,0.0025955755
57802,0.0020850592
57803,0.0014346711
57804,0.0011688671
57805,0.0016436875
57806,0.0021182392
57807,0.0018575343
57808,0.0017128628
57809,0.0022553734
57810,0.002207428
57811,0.0015999916
57812,0.0009232828
57813,0.00079323695
57814,0.0004992446
57815,0.00068566995
57816,0.0006937717
57817,0.0007897805
57818,0.0007312686
57819,0.00077211583
57820,0.0007486532
57821,0.0007895594
57822,0.0011922866
57823,0.0013936128
57824,0.0012770749
57825,0.001834104
57826,0.0026489166
57827,0.0028138713
57828,0.0026420406
57829,0.002050335
57830,0.0021940977
57831,0.0021146638
57832,0.0016848702
57833,0.0007717011
57834,0.0009680616
57835,0.0009434264
57836,0.002069803
57837,0.0023666993
57838,0.0016635054
57839,0.0016559302
57840,0.0018807811
57841,0.0020680162
57842,0.0016021547
57843,0.0010864323
57844,0.0009352157
57845,0.0014382977
57846,0.0019688273
57847,0.00209782
57848,0.0033396624
57849,0.003248689
57850,0.0013245078
57851,0.00067755725
57852,0.0013752182
57853,0.0012893225
57854,0.0011824577
57855,0.001096193
57856,0.0011898187
57857,0.0013122336
57858,0.0016520238
57859,0.0016291571
57860,0.0014266968
57861,0.0007984663
57862,0.0009394694
57863,0.0008081758
57864,0.0008368719
57865,0.0011275512
57866,0.0013267471
57867,0.001470713
57868,0.0012241553
57869,0.00056980905
57870,0.00079737214
57871,0.0007659851
57872,0.0012019142
57873,0.001407432
57874,0.0014168096
57875,0.0010240455
57876,0.0017787619
57877,0.0042476067
57878,0.0037588843
57879,0.0014614423
57880,0.0019109463
57881,0.0019247406
57882,0.0018812453
57883,0.0018518224
57884,0.0017903086
57885,0.0014489222
57886,0.0010570773
57887,0.00089172577
57888,0.0013396922
57889,0.0013941766
57890,0.0015016734
57891,0.00081133866
57892,0.00061315845
57893,0.0006211283
57894,0.001622749
57895,0.0022314382
57896,0.0021078403
57897,0.0017140687
57898,0.0012271709
57899,0.001133421
57900,0.0011588144
57901,0.0015635419
57902,0.0014531944
57903,0.0013350351
57904,0.0014722162
57905,0.0018567351
57906,0.0029888537
57907,0.0027695438
57908,0.0019048598
57909,0.0020770878
57910,0.0020807977
57911,0.0017225376
57912,0.0018023304
57913,0.0016332073
57914,0.0012954478
57915,0.0011217286
57916,0.0015575741
57917,0.0029049865
57918,0.0026818272
57919,0.0019624457
57920,0.0013729731
57921,0.00054570177
57922,0.0009498213
57923,0.0010926028
57924,0.0012528247
57925,0.0008447638
57926,0.00086256035
57927,0.0009895004
57928,0.0011525184
57929,0.0013746043
57930,0.0013327223
57931,0.0016782067
57932,0.0013764028
57933,0.0008364197
57934,0.00089709484
57935,0.0009148277
57936,0.00089286733
57937,0.00090793
57938,0.001192604
57939,0.0017407897
57940,0.0027683876
57941,0.004789899
57942,0.0
57943,0.0013347734
57944,0.0010987917
57945,0.0010409022
57946,0.00070186285
57947,0.0005053286
57948,0.00063204364
57949,0.0011938723
57950,0.0017675844
57951,0.0016587749
57952,0.001630657
57953,0.0016875282
57954,0.0015414398
57955,0.0017078941
57956,0.0013815315
57957,0.0015749665
57958,0.0021672987
57959,0.0020537814
57960,0.0020241202
57961,0.0020791325
57962,0.0017085245
57963,0.0015865106
57964,0.001711843
57965,0.0010842065
57966,0.000695615
57967,0.0011822608
57968,0.0019246348
57969,0.0031718835
57970,0.003268027
57971,0.0032228662
57972,0.003937743
57973,0.0040265718
57974,0.0041728253
57975,0.005524224
57976,0.007051732
57977,0.0069100754
57978,0.007847125
57979,0.00813643
57980,0.0062567643
57981,0.003730056
57982,0.003347705
57983,0.0022914999
57984,0.0034437315
57985,0.004539432
57986,0.0050865007
57987,0.0052576438
57988,0.006545829
57989,0.0077274656
57990,0.0089375675
57991,0.008729034
57992,0.006173849
57993,0.0066182874
57994,0.008468288
57995,0.0057070777
57996,0.002723341
57997,0.0032336665
57998,0.0024275265
57999,0.001805557
58000,0.002065834
58001,0.0021785363
58002,0.0020363624
58003,0.0013486128
58004,0.0011662747
58005,0.000976175
58006,0.0010653597
58007,0.0012080972
58008,0.0017468481
58009,0.0023886098
58010,0.0026832593
58011,0.0025381243
58012,0.0024383764
58013,0.0019748346
58014,0.0016199488
58015,0.0015675018
58016,0.0014794535
58017,0.0009803994
58018,0.00095355225
58019,0.00069280615
58020,0.00082992244
58021,0.0009068395
58022,0.00090075337
58023,0.00071284844
58024,0.000706986
58025,0.00075357413
58026,0.0007821897
58027,0.0010336915
58028,0.0014868709
58029,0.001515333
58030,0.0008975165
58031,0.00079294335
58032,0.0008279563
58033,0.00087827555
58034,0.0008466222
58035,0.00067841576
58036,0.0006360829
58037,0.00034862242
58038,0.0008956337
58039,0.0012767331
58040,0.0013131871
58041,0.0012278348
58042,0.0011452736
58043,0.0011911633
58044,0.0010711898
58045,0.0011680451
58046,0.0013680889
58047,0.0013798663
58048,0.002661828
58049,0.0033647532
58050,0.0035614974
58051,0.0034506968
58052,0.003305932
58053,0.0023330485
58054,0.0018453201
58055,0.001189623
58056,0.0016123675
58057,0.0011762884
58058,0.0010906032
58059,0.001645068
58060,0.0020933063
58061,0.0022606838
58062,0.0017342068
58063,0.0015558728
58064,0.002008256
58065,0.0018158279
58066,0.0014317062
58067,0.0011207941
58068,0.0007741862
58069,0.00042286396
58070,0.0005987981
58071,0.00087399036
58072,0.0009363042
58073,0.0010220257
58074,0.0010540996
58075,0.0011210019
58076,0.0011043401
58077,0.0013854863
58078,0.0011443074
58079,0.0006899858
58080,0.00054345716
58081,0.00072663726
58082,0.0011579602
58083,0.0011682195
58084,0.001056003
58085,0.0009530027
58086,0.00075345824
58087,0.00088438473
58088,0.0010224243
58089,0.0009089872
58090,0.0009091793
58091,0.0011630761
58092,0.0017385145
58093,0.0025369888
58094,0.00257459
58095,0.0016703148
58096,0.0019239542
58097,0.0019701277
58098,0.0015544317
58099,0.0016477726
58100,0.0026671255
58101,0.0035784137
58102,0.0031042544
58103,0.0018512722
58104,0.0017423439
58105,0.0017507091
58106,0.0013122336
58107,0.0009252666
58108,0.0012871763
58109,0.0012770749
58110,0.0009768009
58111,0.0010027068
58112,0.0008778115
58113,0.0009130763
58114,0.0017778781
58115,0.0029030323
58116,0.002631732
58117,0.0018796977
58118,0.0015933566
58119,0.000840377
58120,0.000833771
58121,0.0010683604
58122,0.00088263885
58123,0.00050699606
58124,0.0006095404
58125,0.0012112249
58126,0.0020841658
58127,0.0029852486
58128,0.0039205216
58129,0.0036078808
58130,0.0025413902
58131,0.0022687798
58132,0.0024356178
58133,0.002590199
58134,0.0024383883
58135,0.0020159078
58136,0.0013840991
58137,0.0013381924
58138,0.0014363133
58139,0.0020206375
58140,0.0020905097
58141,0.0013169051
58142,0.0011382893
58143,0.0018592726
58144,0.0016409585
58145,0.0013888222
58146,0.0013375614
58147,0.0012668931
58148,0.0009619393
58149,0.0005861739
58150,0.0007126851
58151,0.00065355015
58152,0.0007431516
58153,0.00043299753
58154,0.0008779441
58155,0.001274794
58156,0.0013065658
58157,0.001355458
58158,0.001906387
58159,0.0026770697
58160,0.002538663
58161,0.002015518
58162,0.0017310657
58163,0.0014371439
58164,0.0020068497
58165,0.002025026
58166,0.0014383786
58167,0.0010130733
58168,0.0012739719
58169,0.0016884765
58170,0.0014093538
58171,0.0009920853
58172,0.0011963806
58173,0.0017086267
58174,0.0018935198
58175,0.0017270428
58176,0.0013754086
58177,0.0016385268
58178,0.0017513408
58179,0.0020042523
58180,0.0021813666
58181,0.0026398918
58182,0.0024673867
58183,0.0012506391
58184,0.0012662266
58185,0.0014704755
58186,0.0011907478
58187,0.00082142756
58188,0.000772455
58189,0.0008910728
58190,0.0007256352
58191,0.001166624
58192,0.0014200924
58193,0.0014377512
58194,0.0009812006
58195,0.0011191571
58196,0.00071084505
58197,0.00090619735
58198,0.00097432476
58199,0.0010570773
58200,0.0013951991
58201,0.001386893
58202,0.00088520703
58203,0.000842556
58204,0.00074627803
58205,0.0010243013
58206,0.0013933413
58207,0.0012713649
58208,0.00081844593
58209,0.0018618536
58210,0.004189885
58211,0.0037371963
58212,0.0008696171
58213,0.0017903086
58214,0.0022326116
58215,0.0021275342
58216,0.001430303
58217,0.0009498213
58218,0.0011496361
58219,0.0015208926
58220,0.001381405
58221,0.0012090604
58222,0.0007699265
58223,0.00087289076
58224,0.0009063901
58225,0.0009188908
58226,0.00061713264
58227,0.0017012352
58228,0.002530338
58229,0.0020596823
58230,0.0012573696
58231,0.0009875572
58232,0.0010917501
58233,0.0012838483
58234,0.0011269574
58235,0.0010225666
58236,0.0011643766
58237,0.0013057414
58238,0.0018401556
58239,0.0029510574
58240,0.0034451173
58241,0.0027369969
58242,0.0020995534
58243,0.0019426811
58244,0.0015364282
58245,0.0013262645
58246,0.0009914398
58247,0.00072378793
58248,0.00050665153
58249,0.0014169123
58250,0.002709606
58251,0.0027244203
58252,0.0023120088
58253,0.0014226314
58254,0.00039680186
58255,0.0006899858
58256,0.0010307592
58257,0.0012620596
58258,0.00088108773
58259,0.0008905174
58260,0.000996622
58261,0.0012950659
58262,0.0016640828
58263,0.0016771485
58264,0.0019580214
58265,0.0017443473
58266,0.0013368432
58267,0.0010493122
58268,0.0005989925
58269,0.000786346
58270,0.0008706874
58271,0.0008655917
58272,0.0010818955
58273,0.001628639
58274,0.001822627
58275,0.0
58276,0.000893747
58277,0.0007688674
58278,0.0007128076
58279,0.00063567096
58280,0.00056806975
58281,0.0005767136
58282,0.0007458489
58283,0.001019174
58284,0.0011676962
58285,0.0012941216
58286,0.0011766595
58287,0.0013669397
58288,0.0015317043
58289,0.0009698038
58290,0.0012932668
58291,0.0018342943
58292,0.0018361022
58293,0.0017009786
58294,0.0015859602
58295,0.00094200624
58296,0.0011327788
58297,0.0016951512
58298,0.0016005189
58299,0.0011501675
58300,0.0005177319
58301,0.0013214499
58302,0.0030601576
58303,0.0036579347
58304,0.0032693
58305,0.0040991297
58306,0.004191823
58307,0.0029607457
58308,0.0054617887
58309,0.006319824
58310,0.0069414787
58311,0.010032152
58312,0.01046761
58313,0.0075107003
58314,0.0049725687
58315,0.0048527448
58316,0.0050597554
58317,0.0050976747
58318,0.0049226624
58319,0.0049053505
58320,0.0052377335
58321,0.006312106
58322,0.006351685
58323,0.00832132
58324,0.009329758
58325,0.006223028
58326,0.0075834417
58327,0.009085078
58328,0.0053357566
58329,0.0031623265
58330,0.003800993
58331,0.0029779961
58332,0.0022182784
58333,0.0021417004
58334,0.0020225379
58335,0.0017769284
58336,0.0010842333
58337,0.0011342167
58338,0.0010853602
58339,0.0013455449
58340,0.0014859899
58341,0.0022541601
58342,0.0029833177
58343,0.0035286094
58344,0.003485097
58345,0.0033991158
58346,0.0028580816
58347,0.0024125057
58348,0.0018016036
58349,0.0015063563
58350,0.0010609797
58351,0.00097533985
58352,0.0008360368
58353,0.0008559895
58354,0.00068935286
58355,0.00067536306
58356,0.00045219852
58357,0.0005666334
58358,0.00063763664
58359,0.00037290496
58360,0.0008067341
58361,0.0012324484
58362,0.0009575422
58363,0.00047974274
58364,0.00060561247
58365,0.0007793941
58366,0.0011091523
58367,0.0013501657
58368,0.001290586
58369,0.001275935
58370,0.00087272405
58371,0.0008849111
58372,0.0013594246
58373,0.0012262932
58374,0.0014505885
58375,0.0012195343
58376,0.000915273
58377,0.0006011266
58378,0.00080148596
58379,0.0012761859
58380,0.001216739
58381,0.002067411
58382,0.0033002577
58383,0.0036503125
58384,0.0038728402
58385,0.0038685545
58386,0.003288747
58387,0.002859008
58388,0.0020007351
58389,0.002016211
58390,0.001708746
58391,0.0015198014
58392,0.0019304932
58393,0.0019450019
58394,0.001906158
58395,0.0014141778
58396,0.0011834418
58397,0.0010634182
58398,0.0011254327
58399,0.0012358442
58400,0.0012115373
58401,0.0009485642
58402,0.00075032294
58403,0.0005371549
58404,0.0009406149
58405,0.00077102194
58406,0.0008583323
58407,0.0008947234
58408,0.0008241159
58409,0.0008147036
58410,0.0012358206
58411,0.0012653529
58412,0.0006941911
58413,0.0006951965
58414,0.0007816686
58415,0.00092969113
58416,0.0011814235
58417,0.0013523196
58418,0.0013272515
58419,0.0010827022
58420,0.0010566917
58421,0.0011777225
58422,0.0012307706
58423,0.0012401228
58424,0.0017697071
58425,0.0020532995
58426,0.0026522106
58427,0.0024368123
58428,0.0015584708
58429,0.001635718
58430,0.0018477158
58431,0.0013501657
58432,0.001419498
58433,0.0022178716
58434,0.00313139
58435,0.0032140042
58436,0.0024014178
58437,0.0020135965
58438,0.0018933661
58439,0.0015681144
58440,0.0012647317
58441,0.001576278
58442,0.0011854566
58443,0.00073186535
58444,0.0009663465
58445,0.000838366
58446,0.0009473054
58447,0.0016248103
58448,0.002841435
58449,0.0026654226
58450,0.002050917
58451,0.0018220202
58452,0.0010595798
58453,0.0012422566
58454,0.0014294684
58455,0.00084809907
58456,0.0005337851
58457,0.00095040334
58458,0.0013945106
58459,0.0019843173
58460,0.0027681773
58461,0.003975266
58462,0.0043803956
58463,0.0037347814
58464,0.0030286005
58465,0.0028002893
58466,0.0023498412
58467,0.0024477637
58468,0.0022481743
58469,0.0021419448
58470,0.0018913359
58471,0.0016910945
58472,0.001691886
58473,0.0017426446
58474,0.001547846
58475,0.0013446362
58476,0.0017062745
58477,0.0013175017
58478,0.0010562786
58479,0.0011815467
58480,0.0014810067
58481,0.0012869049
58482,0.0006436786
58483,0.0005987495
58484,0.00071529386
58485,0.00077317056
58486,0.0005648329
58487,0.0008577557
58488,0.001268936
58489,0.0012076636
58490,0.0013306679
58491,0.0017714823
58492,0.0026141785
58493,0.0025808224
58494,0.0018860814
58495,0.0013404088
58496,0.00090674317
58497,0.0014403804
58498,0.0018830082
58499,0.0015546377
58500,0.001699301
58501,0.0018083113
58502,0.0015918216
58503,0.001280307
58504,0.0010370085
58505,0.00083628047
58506,0.0012098305
58507,0.0013726763
58508,0.001058618
58509,0.0013427518
58510,0.0016551039
58511,0.0018738514
58512,0.0022035085
58513,0.0023237113
58514,0.002458098
58515,0.0017755849
58516,0.0009157816
58517,0.001193531
58518,0.0011462388
58519,0.00087797723
58520,0.00033569336
58521,0.0006461606
58522,0.0008983268
58523,0.0010341137
58524,0.0014056732
58525,0.0016125299
58526,0.0015486168
58527,0.0009945172
58528,0.0011689168
58529,0.0007885266
58530,0.0009757277
58531,0.0009785573
58532,0.0005250443
58533,0.00096848246
58534,0.0011960156
58535,0.00088342984
58536,0.00089090946
58537,0.0007747499
58538,0.0009136817
58539,0.0012608599
58540,0.0011458579
58541,0.0006805574
58542,0.0021750599
58543,0.0036742962
58544,0.0028984873
58545,0.00091304444
58546,0.0014583523
58547,0.0021274248
58548,0.0023913863
58549,0.0017016971
58550,0.0010544033
58551,0.0013119009
58552,0.0017720409
58553,0.0026240237
58554,0.0020499092
58555,0.00096896314
58556,0.00085884077
58557,0.0008667677
58558,0.00072891667
58559,0.001008322
58560,0.0019272944
58561,0.002681187
58562,0.0020224084
58563,0.0011001418
58564,0.0014030413
58565,0.001799373
58566,0.0017239731
58567,0.0010691502
58568,0.0010317187
58569,0.0015322362
58570,0.0017709566
58571,0.0020555945
58572,0.0028607787
58573,0.0042653913
58574,0.0036895124
58575,0.002021876
58576,0.001838035
58577,0.0014527938
58578,0.0010465072
58579,0.0010992949
58580,0.00074639503
58581,0.0009140002
58582,0.0015534392
58583,0.0024516368
58584,0.002674285
58585,0.0023250259
58586,0.0013461504
58587,0.0007640068
58588,0.00074518524
58589,0.00089286733
58590,0.0011168662
58591,0.0005408805
58592,0.00049532345
58593,0.00068397
58594,0.0010753387
58595,0.0015650676
58596,0.001793638
58597,0.002124235
58598,0.0017929239
58599,0.001468812
58600,0.0010899625
58601,0.00070298155
58602,0.0008635383
58603,0.0008510794
58604,0.00092015683
58605,0.0011112757
58606,0.0014322957
58607,0.0012754331
58608,0.0
58609,0.00063690596
58610,0.0007565421
58611,0.0007601879
58612,0.00061774545
58613,0.0005457551
58614,0.00071068126
58615,0.00076438766
58616,0.00059111806
58617,0.0006299681
58618,0.00065181113
58619,0.0008199736
58620,0.0012025678
58621,0.0012353259
58622,0.0007094517
58623,0.0010614459
58624,0.0018326117
58625,0.0016446434
58626,0.0010205153
58627,0.0009723513
58628,0.00058686855
58629,0.0008683779
58630,0.0017070078
58631,0.0018032991
58632,0.0013562524
58633,0.0007839365
58634,0.0016460938
58635,0.0025601366
58636,0.00349924
58637,0.0031838624
58638,0.0039469567
58639,0.0043297135
58640,0.0032269543
58641,0.005701011
58642,0.006362476
58643,0.006479885
58644,0.0106315985
58645,0.0111578815
58646,0.007507906
58647,0.004283509
58648,0.0031581547
58649,0.004208626
58650,0.003907844
58651,0.0031885118
58652,0.0027324525
58653,0.003986364
58654,0.0059191515
58655,0.0066490644
58656,0.008513088
58657,0.009556492
58658,0.006513908
58659,0.008006863
58660,0.009558861
58661,0.00580268
58662,0.0032878707
58663,0.0036964002
58664,0.0033511198
58665,0.0021248925
58666,0.001683747
58667,0.0015749111
58668,0.0014899214
58669,0.0010465627
58670,0.00046726537
58671,0.0011545368
58672,0.0017090355
58673,0.0017640903
58674,0.0020295624
58675,0.002499439
58676,0.0034955367
58677,0.004212407
58678,0.0043226224
58679,0.0034051212
58680,0.002171069
58681,0.0017044143
58682,0.0016633305
58683,0.0012491721
58684,0.0009636623
58685,0.0008370458
58686,0.00065741304
58687,0.0006109235
58688,0.0007428382
58689,0.00084689714
58690,0.0008879973
58691,0.0008248924
58692,0.00068994367
58693,0.0010891879
58694,0.0014372856
58695,0.0009107785
58696,0.0005633883
58697,0.0008163452
58698,0.0011408178
58699,0.0014159671
58700,0.0012149916
58701,0.0011551165
58702,0.0014729474
58703,0.001178266
58704,0.00093940744
58705,0.0014224269
58706,0.0013365166
58707,0.0013837838
58708,0.0011341397
58709,0.0009582107
58710,0.0010001493
58711,0.0013153572
58712,0.0014103653
58713,0.0010528564
58714,0.0012183166
58715,0.0025594658
58716,0.0028752089
58717,0.0031808538
58718,0.0030125966
58719,0.003092315
58720,0.002968717
58721,0.0025846988
58722,0.0024510669
58723,0.0021714442
58724,0.0019687533
58725,0.0021878944
58726,0.0020340602
58727,0.0014785483
58728,0.0011232842
58729,0.0009354335
58730,0.0008025746
58731,0.00080072304
58732,0.0010723303
58733,0.0011312877
58734,0.0011830729
58735,0.00088405557
58736,0.00097321894
58737,0.0013493464
58738,0.0011447652
58739,0.0007758385
58740,0.00069974485
58741,0.0006210346
58742,0.0013214499
58743,0.0014483597
58744,0.001236268
58745,0.0008108363
58746,0.0007925395
58747,0.00073753006
58748,0.00091800356
58749,0.0010077734
58750,0.0012650539
58751,0.0016276021
58752,0.0017256268
58753,0.0012636959
58754,0.00062009663
58755,0.0011009087
58756,0.0014736191
58757,0.0019767347
58758,0.0021219456
58759,0.002501697
58760,0.002051541
58761,0.0012819199
58762,0.0012425845
58763,0.0015971878
58764,0.0017723693
58765,0.001991535
58766,0.0021166725
58767,0.0025838653
58768,0.0033607548
58769,0.003177091
58770,0.0023939528
58771,0.0016202003
58772,0.0013830895
58773,0.001407432
58774,0.0016668263
58775,0.0012501735
58776,0.0007713993
58777,0.00089508115
58778,0.0008635383
58779,0.0014168507
58780,0.0020925135
58781,0.002423555
58782,0.0022264111
58783,0.0020155325
58784,0.0015421949
58785,0.0008505321
58786,0.0013626962
58787,0.0015761118
58788,0.0011408433
58789,0.000979865
58790,0.0010806035
58791,0.001162175
58792,0.001274794
58793,0.0013879419
58794,0.002728082
58795,0.0038032513
58796,0.003675967
58797,0.0036017126
58798,0.0034818053
58799,0.0032131982
58800,0.0030380993
58801,0.0026911115
58802,0.0028084982
58803,0.00210639
58804,0.0020097338
58805,0.001496198
58806,0.0011082861
58807,0.0016246311
58808,0.0016727002
58809,0.0015011306
58810,0.00079569133
58811,0.0005728146
58812,0.00049760967
58813,0.0012260558
58814,0.0012870858
58815,0.001069259
58816,0.0011736875
58817,0.0009670991
58818,0.0011047089
58819,0.00070302293
58820,0.0006758369
58821,0.0011790809
58822,0.0012899996
58823,0.0013396052
58824,0.0015910901
58825,0.002353492
58826,0.0029167945
58827,0.002376088
58828,0.0015164849
58829,0.0011382893
58830,0.00076750346
58831,0.001440643
58832,0.0016354689
58833,0.0021835668
58834,0.0020811611
58835,0.0010345076
58836,0.0011231288
58837,0.0010877708
58838,0.0003817748
58839,0.0007216133
58840,0.0008858972
58841,0.00094816525
58842,0.0011050251
58843,0.0013910418
58844,0.0016885455
58845,0.0022596794
58846,0.0026109924
58847,0.0028496683
58848,0.0020314686
58849,0.00096592476
58850,0.00082142756
58851,0.00065368373
58852,0.0003943002
58853,0.00047271472
58854,0.000766327
58855,0.0010497004
58856,0.0012422332
58857,0.0011426022
58858,0.0012702426
58859,0.0013864732
58860,0.00089566625
58861,0.00084864796
58862,0.00082492776
58863,0.0011228696
58864,0.0011458832
58865,0.0005368297
58866,0.0007546933
58867,0.0011330614
58868,0.00088547
58869,0.00073079084
58870,0.0009261155
58871,0.0011150929
58872,0.0012130497
58873,0.0016933647
58874,0.0020767795
58875,0.0030858237
58876,0.0031303584
58877,0.0017032014
58878,0.00034577237
58879,0.0011292793
58880,0.0022156134
58881,0.0022920712
58882,0.0017690985
58883,0.0014422785
58884,0.0012266965
58885,0.0011208202
58886,0.002485462
58887,0.0020612783
58888,0.0012974907
58889,0.0007249129
58890,0.000501455
58891,0.00081538205
58892,0.0012527549
58893,0.001785751
58894,0.002294939
58895,0.0015387186
58896,0.0007237477
58897,0.0014206457
58898,0.0015325211
58899,0.0010865126
58900,0.0007741862
58901,0.00090233516
58902,0.001662823
58903,0.0021224807
58904,0.0024673867
58905,0.0030109345
58906,0.004799823
58907,0.004467719
58908,0.0019533485
58909,0.0018602898
58910,0.0014870862
58911,0.0013414506
58912,0.0013232547
58913,0.0009943709
58914,0.0013891575
58915,0.0018360388
58916,0.0018308163
58917,0.0020600779
58918,0.0021264944
58919,0.0013309303
58920,0.00087458955
58921,0.00071010774
58922,0.0008527875
58923,0.0009680616
58924,0.0006259824
58925,0.0006861791
58926,0.00082047033
58927,0.0010476467
58928,0.0012328733
58929,0.0013867881
58930,0.0016615974
58931,0.0013776287
58932,0.001394114
58933,0.001346626
58934,0.0015796163
58935,0.001718664
58936,0.0014250231
58937,0.0011009087
58938,0.0009394694
58939,0.0012468868
58940,0.001093375
58941,0.0
58942,0.000684608
58943,0.00094351894
58944,0.0009336272
58945,0.0007870119
58946,0.00080579554
58947,0.00077335874
58948,0.0005711864
58949,0.0002590626
58950,0.0005088297
58951,0.000861142
58952,0.0012166911
58953,0.001744881
58954,0.0014486209
58955,0.0010885999
58956,0.0012089642
58957,0.0021378647
58958,0.0020214585
58959,0.0012989254
58960,0.0010201444
58961,0.00092205266
58962,0.0016751691
58963,0.0021083236
58964,0.0021550576
58965,0.0018080861
58966,0.0015337929
58967,0.0021857517
58968,0.0026795038
58969,0.0038733738
58970,0.004343391
58971,0.004580929
58972,0.0050128256
58973,0.004781695
58974,0.006661532
58975,0.006991665
58976,0.0062924563
58977,0.010308057
58978,0.011412459
58979,0.0085971765
58980,0.0058180476
58981,0.003088369
58982,0.0016840409
58983,0.0012330858
58984,0.0023102835
58985,0.0035479884
58986,0.0040142145
58987,0.006306833
58988,0.0070198267
58989,0.0076751863
58990,0.009777518
58991,0.008740889
58992,0.008593811
58993,0.0089736115
58994,0.00536995
58995,0.0037765503
58996,0.0039279084
58997,0.0030155322
58998,0.0014310556
58999,0.0010743098
59000,0.0013595958
59001,0.0017759618
59002,0.0012695092
59003,0.0006192042
59004,0.0013948027
59005,0.0022680485
59006,0.0021447963
59007,0.0017301071
59008,0.0018868373
59009,0.0023064506
59010,0.003147835
59011,0.0038329489
59012,0.0037549722
59013,0.0030117754
59014,0.0031629247
59015,0.0024985655
59016,0.0016735351
59017,0.0013194442
59018,0.0012694176
59019,0.0011564763
59020,0.0010746348
59021,0.00079084845
59022,0.0006138226
59023,0.0006102085
59024,0.00068328885
59025,0.0006611213
59026,0.0010347327
59027,0.0016039158
59028,0.001388948
59029,0.0011008029
59030,0.0013178772
59031,0.0015972971
59032,0.0015790635
59033,0.0010811689
59034,0.0010233348
59035,0.001363977
59036,0.0012737433
59037,0.0010895085
59038,0.0014519321
59039,0.0014174257
59040,0.0011963563
59041,0.0011834664
59042,0.0013274489
59043,0.0015017703
59044,0.002035562
59045,0.0019877905
59046,0.0010132169
59047,0.0005920528
59048,0.0012332982
59049,0.0015687639
59050,0.001871318
59051,0.0016607214
59052,0.0018140159
59053,0.0022665337
59054,0.0025236118
59055,0.0026554677
59056,0.0024801518
59057,0.0020888941
59058,0.0021478338
59059,0.0023068038
59060,0.001875078
59061,0.0010577104
59062,0.0008606687
59063,0.0007693593
59064,0.00083041325
59065,0.0009472132
59066,0.0007982841
59067,0.0011044454
59068,0.0011712301
59069,0.0012979392
59070,0.0013676634
59071,0.0010986594
59072,0.0008264434
59073,0.001132162
59074,0.001096193
59075,0.001461024
59076,0.0014275532
59077,0.001145553
59078,0.0006735939
59079,0.0007605707
59080,0.00054329645
59081,0.0006636696
59082,0.0007596134
59083,0.0010245285
59084,0.0014668292
59085,0.0018552925
59086,0.0014933164
59087,0.0008887508
59088,0.0011306186
59089,0.0015314382
59090,0.0021026146
59091,0.0021707336
59092,0.0021580805
59093,0.0019265694
59094,0.0012445505
59095,0.0013825843
59096,0.0015529332
59097,0.0017024665
59098,0.002292503
59099,0.0025892102
59100,0.0027700798
59101,0.0033762634
59102,0.003416555
59103,0.0030558081
59104,0.0019742744
59105,0.0013117456
59106,0.0013978458
59107,0.0015968052
59108,0.0012580869
59109,0.0008854372
59110,0.0008751551
59111,0.0010965646
59112,0.0016776517
59113,0.002320954
59114,0.0025018714
59115,0.0023040771
59116,0.0018604463
59117,0.0016003735
59118,0.0011526953
59119,0.001339388
59120,0.0014552558
59121,0.0011391072
59122,0.0008837263
59123,0.0006796587
59124,0.00080427714
59125,0.00085159217
59126,0.0009308799
59127,0.0014013186
59128,0.0020492559
59129,0.0022842744
59130,0.0030752518
59131,0.0031599696
59132,0.0031335456
59133,0.0027212352
59134,0.002824834
59135,0.0033873739
59136,0.002737018
59137,0.0021676344
59138,0.0017168003
59139,0.0013685356
59140,0.0015115062
59141,0.0014252476
59142,0.0011961616
59143,0.0005148004
59144,0.00071975566
59145,0.0007175688
59146,0.0011046563
59147,0.0012482165
59148,0.0012405452
59149,0.0016680481
59150,0.0016032805
59151,0.0020459015
59152,0.001984112
59153,0.0015356893
59154,0.0012361974
59155,0.0012766647
59156,0.0011435951
59157,0.0012445505
59158,0.0021506234
59159,0.0033530472
59160,0.0027677882
59161,0.0016639252
59162,0.0014423996
59163,0.0005712374
59164,0.0013345336
59165,0.0016273876
59166,0.0022545087
59167,0.0020809234
59168,0.001134858
59169,0.001328216
59170,0.0012870632
59171,0.00066934625
59172,0.00068456546
59173,0.0006425925
59174,0.0007341286
59175,0.0009080262
59176,0.0007346437
59177,0.00095355225
59178,0.0015848036
59179,0.0023551362
59180,0.0031686153
59181,0.0025140794
59182,0.0013113907
59183,0.00056022825
59184,0.00045770008
59185,0.0005338941
59186,0.0005385618
59187,0.0007406016
59188,0.0011527457
59189,0.0013653846
59190,0.0010497558
59191,0.0009863187
59192,0.0011407923
59193,0.001083374
59194,0.00095690374
59195,0.0007431516
59196,0.0009049118
59197,0.0010241591
59198,0.00020098785
59199,0.0006527927
59200,0.0010159994
59201,0.00077350927
59202,0.0006823085
59203,0.0011462388
59204,0.0010662881
59205,0.0011992719
59206,0.0021833002
59207,0.002939387
59208,0.0033645197
59209,0.002851118
59210,0.0014306895
59211,0.0011577591
59212,0.0015621453
59213,0.0022318554
59214,0.0021487009
59215,0.0017807569
59216,0.0015722477
59217,0.0009280932
59218,0.0011937991
59219,0.0023864887
59220,0.0018766915
59221,0.0017612173
59222,0.0013699172
59223,0.0012747712
59224,0.001203076
59225,0.0011185587
59226,0.0013025502
59227,0.0015558354
59228,0.0015708588
59229,0.0010483132
59230,0.0017397362
59231,0.001644307
59232,0.00066336256
59233,0.00069799577
59234,0.00067631045
59235,0.0014664918
59236,0.0020422994
59237,0.0025092938
59238,0.003717418
59239,0.004917102
59240,0.004018229
59241,0.0015115831
59242,0.0011720995
59243,0.0009680917
59244,0.0012534285
59245,0.0011842531
59246,0.0008629314
59247,0.0011913099
59248,0.0015606355
59249,0.0014380751
59250,0.0015887653
59251,0.0017822599
59252,0.0010790132
59253,0.000703685
59254,0.0007006593
59255,0.0009168298
59256,0.0011446634
59257,0.0014814587
59258,0.0013992817
59259,0.0011257429
59260,0.0011414809
59261,0.0010019809
59262,0.0010568295
59263,0.0011611979
59264,0.0011420671
59265,0.0014571544
59266,0.0015163121
59267,0.0018887029
59268,0.0018922744
59269,0.0016277989
59270,0.0013537607
59271,0.00058691815
59272,0.000896121
59273,0.0010088702
59274,0.0
59275,0.0010477856
59276,0.0014432064
59277,0.00135447
59278,0.0012645937
59279,0.0010151969
59280,0.00073230267
59281,0.00067350746
59282,0.0008934865
59283,0.0011747781
59284,0.0019441488
59285,0.0021579321
59286,0.0022212022
59287,0.0015502322
59288,0.0011763378
59289,0.0009706437
59290,0.0021667078
59291,0.002144647
59292,0.001522155
59293,0.00096637657
59294,0.0013729307
59295,0.00186201
59296,0.0021918681
59297,0.0018606497
59298,0.0014747246
59299,0.0022177142
59300,0.0031055477
59301,0.0038422467
59302,0.004676601
59303,0.005048123
59304,0.005040819
59305,0.0055659297
59306,0.0061899503
59307,0.008160125
59308,0.00928847
59309,0.008370847
59310,0.008965636
59311,0.009513791
59312,0.00806895
59313,0.007548487
59314,0.006034822
59315,0.0040280675
59316,0.0026025854
59317,0.003725067
59318,0.0043380405
59319,0.0045909053
59320,0.0071559083
59321,0.008554981
59322,0.007952069
59323,0.009933932
59324,0.0094867805
59325,0.0074286214
59326,0.008164728
59327,0.0054944833
59328,0.002940377
59329,0.0034660634
59330,0.002574398
59331,0.0010197165
59332,0.00063434185
59333,0.0010791481
59334,0.0016467655
59335,0.0013587606
59336,0.0007687159
59337,0.001401007
59338,0.0023283032
59339,0.002494742
59340,0.0023823632
59341,0.0021131495
59342,0.0019012507
59343,0.0024417043
59344,0.004006282
59345,0.0043310374
59346,0.003700689
59347,0.0036425067
59348,0.0031531283
59349,0.002746084
59350,0.0019000103
59351,0.0012295166
59352,0.0011662247
59353,0.0013072562
59354,0.0011092835
59355,0.0009824752
59356,0.0009229991
59357,0.0007918415
59358,0.0009161629
59359,0.0014595094
59360,0.0017685061
59361,0.0015854462
59362,0.0011309532
59363,0.0010727374
59364,0.001248776
59365,0.0011505724
59366,0.0009393765
59367,0.0011933114
59368,0.0012328969
59369,0.0012057099
59370,0.0010668883
59371,0.001316662
59372,0.0014638301
59373,0.0011427294
59374,0.0011891336
59375,0.0011548646
59376,0.0011884236
59377,0.0021383276
59378,0.00233543
59379,0.0017557722
59380,0.0014192109
59381,0.0015251349
59382,0.001796443
59383,0.0017684404
59384,0.001510254
59385,0.0016109408
59386,0.0017487464
59387,0.0021663585
59388,0.0023936003
59389,0.0025208194
59390,0.002191018
59391,0.0017622911
59392,0.0022178849
59393,0.0022041688
59394,0.001431625
59395,0.0014054455
59396,0.0010008765
59397,0.00082294963
59398,0.0006885925
59399,0.0007758385
59400,0.0012082659
59401,0.0011309275
59402,0.001030392
59403,0.0011058148
59404,0.0009626954
59405,0.0009538269
59406,0.0011605961
59407,0.0012369035
59408,0.0017577105
59409,0.0017814923
59410,0.0012629586
59411,0.000600109
59412,0.00087272405
59413,0.0009458911
59414,0.0010611991
59415,0.0010489238
59416,0.0009631487
59417,0.0011681946
59418,0.0015582279
59419,0.0015008786
59420,0.0014057147
59421,0.0014345088
59422,0.0015995186
59423,0.0017620268
59424,0.0023366134
59425,0.0022841725
59426,0.0019448223
59427,0.0015872625
59428,0.0014480784
59429,0.0013800982
59430,0.0013645317
59431,0.0022723433
59432,0.0024066356
59433,0.002671356
59434,0.0028998726
59435,0.0032026921
59436,0.0033462266
59437,0.0029784262
59438,0.0016904403
59439,0.0016164777
59440,0.0018586308
59441,0.0019490378
59442,0.0013039124
59443,0.0011492056
59444,0.0013726763
59445,0.0018895655
59446,0.002511601
59447,0.0025420885
59448,0.0019241055
59449,0.0014586117
59450,0.0014643072
59451,0.0010504765
59452,0.0010630898
59453,0.0013728883
59454,0.0012974682
59455,0.0012630047
59456,0.0010986594
59457,0.00087890495
59458,0.0010677064
59459,0.0015537388
59460,0.0016314243
59461,0.0010821107
59462,0.0006975787
59463,0.0012200592
59464,0.0015711366
59465,0.0022981707
59466,0.002848565
59467,0.0032783146
59468,0.003223137
59469,0.0026434392
59470,0.002121452
59471,0.0019426512
59472,0.0019111747
59473,0.0014089614
59474,0.0014063563
59475,0.0014036841
59476,0.0013090583
59477,0.0013624612
59478,0.0013977417
59479,0.0012912398
59480,0.0013140511
59481,0.0016339733
59482,0.0021533822
59483,0.0021655657
59484,0.002567345
59485,0.0027954106
59486,0.0022514083
59487,0.0014080936
59488,0.0011181944
59489,0.00094404316
59490,0.0009834819
59491,0.0017945465
59492,0.0032177418
59493,0.0028879954
59494,0.0024193963
59495,0.0022219883
59496,0.0014921465
59497,0.0016623504
59498,0.0017818842
59499,0.0018178463
59500,0.0017140008
59501,0.0007937137
59502,0.0011545117
59503,0.0010446142
59504,0.0007593452
59505,0.00079773704
59506,0.00071846053
59507,0.00090793
59508,0.0009645377
59509,0.0010309567
59510,0.0013207229
59511,0.0018039445
59512,0.002354407
59513,0.002789449
59514,0.0024477993
59515,0.0016259204
59516,0.00077741244
59517,0.0005691958
59518,0.00050226686
59519,0.0005338941
59520,0.0007412694
59521,0.0009289082
59522,0.0010685239
59523,0.0010233632
59524,0.0011643016
59525,0.0014849122
59526,0.0016722478
59527,0.0016163157
59528,0.001255586
59529,0.0011286348
59530,0.0012016962
59531,0.0005911673
59532,0.0005527495
59533,0.0008847137
59534,0.0008626953
59535,0.0008857658
59536,0.0010871821
59537,0.0011312619
59538,0.0014137662
59539,0.00195314
59540,0.0022920712
59541,0.002151381
59542,0.0016823637
59543,0.00075388304
59544,0.0016547873
59545,0.0020948627
59546,0.0020485173
59547,0.0018339928
59548,0.0015304497
59549,0.0013464963
59550,0.00085778965
59551,0.0011418632
59552,0.0010132169
59553,0.0010997714
59554,0.0017373088
59555,0.0022678815
59556,0.0021749395
59557,0.001955493
59558,0.001179303
59559,0.0010544586
59560,0.0012851397
59561,0.0014118915
59562,0.0009793302
59563,0.0015549747
59564,0.001648267
59565,0.0009616669
59566,0.0008861272
59567,0.0013134973
59568,0.001723703
59569,0.002052945
59570,0.0024341594
59571,0.003928857
59572,0.0046740426
59573,0.0034894869
59574,0.0017833536
59575,0.0013524056
59576,0.0011179602
59577,0.001585079
59578,0.0013031979
59579,0.0011274738
59580,0.001250546
59581,0.001663278
59582,0.0015640073
59583,0.0014796698
59584,0.0015693574
59585,0.001151432
59586,0.0009365528
59587,0.001102916
59588,0.0012183166
59589,0.001676732
59590,0.0020563023
59591,0.0019661796
59592,0.0016828307
59593,0.0016568614
59594,0.0012423972
59595,0.00095808913
59596,0.0009962716
59597,0.0012090363
59598,0.0013902466
59599,0.0016985473
59600,0.0018375599
59601,0.0016255982
59602,0.0016442363
59603,0.0017329813
59604,0.0010899625
59605,0.0009019803
59606,0.0011163971
59607,0.0
59608,0.001601973
59609,0.0017301408
59610,0.0015045777
59611,0.0010473689
59612,0.0007307112
59613,0.0007999594
59614,0.00125811
59615,0.0018007634
59616,0.0019698027
59617,0.0022442355
59618,0.002368494
59619,0.0020007642
59620,0.0017906012
59621,0.0013672591
59622,0.0017769284
59623,0.0024346258
59624,0.0026747966
59625,0.002054334
59626,0.0017522546
59627,0.0018224195
59628,0.0017039019
59629,0.001630175
59630,0.0014567149
59631,0.0015644166
59632,0.0017940924
59633,0.002485263
59634,0.0030060299
59635,0.003876153
59636,0.004481105
59637,0.004291024
59638,0.005014782
59639,0.0061148778
59640,0.008716005
59641,0.010869678
59642,0.010789806
59643,0.0104912305
59644,0.008873855
59645,0.007613784
59646,0.007240444
59647,0.006464092
59648,0.0056936396
59649,0.0051397607
59650,0.004769159
59651,0.006206408
59652,0.0074093086
59653,0.008941315
59654,0.009252955
59655,0.0071279574
59656,0.009293426
59657,0.009920587
59658,0.0068450766
59659,0.0068959473
59660,0.005373017
59661,0.0026778197
59662,0.00318057
59663,0.0017094611
59664,0.0009083787
59665,0.00091256615
59666,0.0010115784
59667,0.0014386417
59668,0.0012693717
59669,0.000810944
59670,0.0010622682
59671,0.0021278763
59672,0.0025929168
59673,0.0034729168
59674,0.0031463183
59675,0.0021542741
59676,0.002184806
59677,0.0034465278
59678,0.0037563825
59679,0.0035028975
59680,0.0034841783
59681,0.0036065255
59682,0.003393683
59683,0.0023284033
59684,0.0014450202
59685,0.0013446362
59686,0.0015708959
59687,0.0013332462
59688,0.0011425767
59689,0.0011328816
59690,0.0011485723
59691,0.001331302
59692,0.0017153587
59693,0.0015600573
59694,0.0012937842
59695,0.0010347889
59696,0.00112388
59697,0.0012042365
59698,0.0011747286
59699,0.0011083124
59700,0.0012465366
59701,0.0011740347
59702,0.0010043599
59703,0.0008659615
59704,0.0013200175
59705,0.0014591903
59706,0.0011618243
59707,0.0012424674
59708,0.0010826753
59709,0.00083735865
59710,0.0018212852
59711,0.002439677
59712,0.0025518814
59713,0.0022524293
59714,0.0021170573
59715,0.0020241058
59716,0.0020830622
59717,0.0020119047
59718,0.0022172418
59719,0.0022485496
59720,0.0020837747
59721,0.0022414194
59722,0.002297702
59723,0.002012787
59724,0.00151243
59725,0.0020368483
59726,0.0020873332
59727,0.0017525037
59728,0.0020131918
59729,0.0015121221
59730,0.00078745553
59731,0.0007453415
59732,0.00069175515
59733,0.0007525693
59734,0.00044578128
59735,0.0007175282
59736,0.0011426276
59737,0.0010528564
59738,0.00073186535
59739,0.0007900753
59740,0.001218651
59741,0.0015366555
59742,0.0016769749
59743,0.0013194883
59744,0.00052902027
59745,0.0010956883
59746,0.0014334534
59747,0.0015483536
59748,0.0014035805
59749,0.0011785377
59750,0.00081570324
59751,0.0010937476
59752,0.0016567209
59753,0.0018265509
59754,0.002166251
59755,0.0024133984
59756,0.002194204
59757,0.0024420856
59758,0.0021063485
59759,0.0017563025
59760,0.0014102415
59761,0.0014186366
59762,0.0015158899
59763,0.0016718822
59764,0.0018508635
59765,0.001971929
59766,0.0026183499
59767,0.0035203435
59768,0.0036794015
59769,0.0038838715
59770,0.0033630922
59771,0.0018539114
59772,0.0019065398
59773,0.0021327946
59774,0.0025720114
59775,0.0021345813
59776,0.0019742302
59777,0.0018411833
59778,0.0017277673
59779,0.0023896452
59780,0.0024248995
59781,0.001667926
59782,0.001151988
59783,0.0011987379
59784,0.0009641454
59785,0.0011946034
59786,0.0013622903
59787,0.0011618994
59788,0.0013221765
59789,0.0016078486
59790,0.0014946411
59791,0.0014119121
59792,0.0017943032
59793,0.0015153522
59794,0.0010986858
59795,0.0008958287
59796,0.0006643271
59797,0.0014377917
59798,0.0019277474
59799,0.0027290208
59800,0.0031383901
59801,0.003076548
59802,0.002838996
59803,0.0018384466
59804,0.0011996843
59805,0.0012218946
59806,0.00096163666
59807,0.0010776907
59808,0.0010746348
59809,0.0014359485
59810,0.0015736539
59811,0.0015493871
59812,0.0011785377
59813,0.0010407903
59814,0.0018297031
59815,0.002537264
59816,0.0021798983
59817,0.001632726
59818,0.0019797212
59819,0.0018470542
59820,0.0010803072
59821,0.0010417686
59822,0.0011836386
59823,0.0014961786
59824,0.0023482058
59825,0.0032786252
59826,0.0027390802
59827,0.0029051066
59828,0.0029900998
59829,0.0026426795
59830,0.0019919004
59831,0.0019806472
59832,0.0016646597
59833,0.0012648238
59834,0.0006102085
59835,0.0011345246
59836,0.0011374708
59837,0.0008178768
59838,0.0009284694
59839,0.0010213705
59840,0.0011255878
59841,0.0013843095
59842,0.0016209725
59843,0.0017797106
59844,0.0018927973
59845,0.0023950345
59846,0.0025972235
59847,0.0026268063
59848,0.0021364894
59849,0.0011881787
59850,0.00077234197
59851,0.0008040962
59852,0.0009112257
59853,0.00079583767
59854,0.0010786356
59855,0.0014419152
59856,0.001840709
59857,0.0021548818
59858,0.0023591735
59859,0.0024096812
59860,0.00224548
59861,0.001870867
59862,0.001439491
59863,0.0013876692
59864,0.00085066893
59865,0.0004421101
59866,0.0005394257
59867,0.0007490418
59868,0.0008726907
59869,0.0010421037
59870,0.0013228807
59871,0.0018137753
59872,0.0018926742
59873,0.0018758384
59874,0.0013489797
59875,0.0007530332
59876,0.0005691958
59877,0.0017345592
59878,0.002112433
59879,0.0018858499
59880,0.0017446809
59881,0.0016193917
59882,0.0012826008
59883,0.0008218172
59884,0.00081237825
59885,0.000893291
59886,0.0013125441
59887,0.0017216249
59888,0.0017704963
59889,0.0015614185
59890,0.001565235
59891,0.0012630969
59892,0.0010983944
59893,0.0011343707
59894,0.0011586888
59895,0.0011368054
59896,0.0015759271
59897,0.0016031354
59898,0.0013065436
59899,0.0013643397
59900,0.0018213012
59901,0.0019303273
59902,0.0019962934
59903,0.0021139618
59904,0.003728753
59905,0.004180219
59906,0.0027329638
59907,0.0018828845
59908,0.0017873801
59909,0.0014128189
59910,0.0015500631
59911,0.0010865394
59912,0.0010865394
59913,0.0012141529
59914,0.0015729695
59915,0.0014752771
59916,0.0014302622
59917,0.0016136846
59918,0.0015389266
59919,0.00137204
59920,0.0014469122
59921,0.0013448743
59922,0.0014381359
59923,0.0011987379
59924,0.0012685918
59925,0.0016299073
59926,0.0020473094
59927,0.0014371844
59928,0.0011451464
59929,0.0011087849
59930,0.0015298411
59931,0.001554956
59932,0.0015915838
59933,0.0013039124
59934,0.000899104
59935,0.0011806596
59936,0.0015806846
59937,0.001221847
59938,0.0008821441
59939,0.00093770196
59940,0.0
59941,0.0017938489
59942,0.0016962839
59943,0.0013697472
59944,0.0008779441
59945,0.0011566273
59946,0.0013691522
59947,0.0020049491
59948,0.0021714442
59949,0.0020587211
59950,0.001951873
59951,0.0018885641
59952,0.0013864522
59953,0.0015905412
59954,0.0017213037
59955,0.00211648
59956,0.002720925
59957,0.003135087
59958,0.0026176386
59959,0.00248456
59960,0.0019731685
59961,0.0015257645
59962,0.0012476568
59963,0.0015233209
59964,0.001567706
59965,0.0016588627
59966,0.001460247
59967,0.0017577932
59968,0.0028574197
59969,0.0034745422
59970,0.0034303612
59971,0.0034952038
59972,0.0042509492
59973,0.0056259376
59974,0.009434887
59975,0.011605734
59976,0.012982663
59977,0.010761514
59978,0.007826844
59979,0.007260366
59980,0.00570023
59981,0.006231618
59982,0.0071732984
59983,0.008544213
59984,0.009984053
59985,0.010734623
59986,0.009899718
59987,0.008508766
59988,0.0067176116
59989,0.007980427
59990,0.008788168
59991,0.0060969605
59992,0.0062247864
59993,0.0049735694
59994,0.0024432533
59995,0.0027053708
59996,0.0016826404
59997,0.0016376917
59998,0.0011662497
59999,0.0007149683
60000,0.0010956883
60001,0.0010555895
60002,0.00081248576
60003,0.0008883905
60004,0.0019757776
60005,0.002675743
60006,0.004157467
60007,0.0035776005
60008,0.0016019912
60009,0.0013033543
60010,0.0022579012
60011,0.0032305778
60012,0.003448824
60013,0.0029095514
60014,0.002872191
60015,0.0031392155
60016,0.0028613484
60017,0.0020635503
60018,0.0017748307
60019,0.001867535
60020,0.0019476187
60021,0.0013356671
60022,0.0016290678
60023,0.0016697745
60024,0.0014944853
60025,0.0013366255
60026,0.0006953221
60027,0.00093284756
60028,0.001358268
60029,0.0018269812
60030,0.0022431328
60031,0.0022206518
60032,0.0019210324
60033,0.0012930867
60034,0.0011546125
60035,0.0008191568
60036,0.0005653479
60037,0.0012084827
60038,0.0013134973
60039,0.0010184599
60040,0.00091980887
60041,0.00096175773
60042,0.00084179576
60043,0.0012335106
60044,0.001789154
60045,0.0023338841
60046,0.0019195017
60047,0.0018169816
60048,0.0015661087
60049,0.0018863745
60050,0.0020190238
60051,0.0020578727
60052,0.0018933968
60053,0.0015843076
60054,0.001864556
60055,0.0019780889
60056,0.0018215409
60057,0.0012518254
60058,0.0013532662
60059,0.0012934018
60060,0.0013261986
60061,0.0022726506
60062,0.0018991983
60063,0.0010310415
60064,0.0008005413
60065,0.0007020287
60066,0.0007216133
60067,0.0006269116
60068,0.0009341258
60069,0.0015346846
60070,0.0011296658
60071,0.0009025287
60072,0.0007508658
60073,0.0010027939
60074,0.0013686632
60075,0.0017713838
60076,0.0016827615
60077,0.0010904431
60078,0.0013288513
60079,0.0013338136
60080,0.0012068439
60081,0.0013207229
60082,0.0012427251
60083,0.00074463827
60084,0.0011664244
60085,0.0029292505
60086,0.0032228932
60087,0.0031494987
60088,0.0029054373
60089,0.0022442224
60090,0.002071349
60091,0.0019919735
60092,0.0014590507
60093,0.0016884593
60094,0.0018466129
60095,0.0018419577
60096,0.0017160203
60097,0.0017241081
60098,0.0018107721
60099,0.002310271
60100,0.0034311416
60101,0.003775849
60102,0.0043789735
60103,0.0035439173
60104,0.0017678313
60105,0.0015030681
60106,0.0015263176
60107,0.0025950822
60108,0.002622093
60109,0.002533269
60110,0.0018651802
60111,0.0017340726
60112,0.0020640015
60113,0.0016413131
60114,0.0014097667
60115,0.0015382078
60116,0.0010521375
60117,0.00085500296
60118,0.0011770304
60119,0.0011912365
60120,0.0008722904
60121,0.001227503
60122,0.0015719145
60123,0.0015099649
60124,0.0016124035
60125,0.0019230917
60126,0.00170878
60127,0.0017276999
60128,0.0017758143
60129,0.0012960767
60130,0.0012344304
60131,0.0014068736
60132,0.0024787316
60133,0.0035161495
60134,0.0032419271
60135,0.0023962373
60136,0.0013889899
60137,0.00054527493
60138,0.00048004597
60139,0.00067622436
60140,0.0010675974
60141,0.0013033319
60142,0.0015874275
60143,0.0014115204
60144,0.0011680202
60145,0.0005747421
60146,0.00077632605
60147,0.00214204
60148,0.0024315517
60149,0.0015077468
60150,0.0008390253
60151,0.0012254859
60152,0.0014772092
60153,0.0017232301
60154,0.0018945955
60155,0.0012474469
60156,0.0012651229
60157,0.0021978484
60158,0.0027623994
60159,0.0024750773
60160,0.0027027554
60161,0.0029167945
60162,0.002932954
60163,0.002031927
60164,0.0017700853
60165,0.0013962626
60166,0.0009314113
60167,0.00083888654
60168,0.0012880805
60169,0.0012879448
60170,0.0010734968
60171,0.0008607702
60172,0.00095119915
60173,0.0010460621
60174,0.0012802616
60175,0.0011974504
60176,0.0009531859
60177,0.0015091938
60178,0.0024552785
60179,0.0025341078
60180,0.002568161
60181,0.0021144713
60182,0.001259867
60183,0.001209253
60184,0.0013927146
60185,0.0011220399
60186,0.0011634264
60187,0.0012173129
60188,0.001203342
60189,0.0013047826
60190,0.0018244465
60191,0.0022031916
60192,0.0022008258
60193,0.0023080653
60194,0.0021663585
60195,0.0016439
60196,0.001365342
60197,0.0010617475
60198,0.00067845866
60199,0.0006115901
60200,0.00073855533
60201,0.0007547704
60202,0.0009791221
60203,0.0012802843
60204,0.0017145611
60205,0.0018166131
60206,0.0017748963
60207,0.0011707827
60208,0.00081933447
60209,0.00063544203
60210,0.0014079282
60211,0.0021657674
60212,0.002298196
60213,0.0018884254
60214,0.0015700619
60215,0.0010710811
60216,0.0006864336
60217,0.0005487333
60218,0.00092554966
60219,0.0012337937
60220,0.0011611728
60221,0.0008168798
60222,0.0004752323
60223,0.0006881274
60224,0.0008672377
60225,0.0008476872
60226,0.0008339106
60227,0.0008535721
60228,0.0013673655
60229,0.0018037024
60230,0.0018712558
60231,0.0020163264
60232,0.0018595387
60233,0.0019605614
60234,0.0017169868
60235,0.0015555922
60236,0.0019046307
60237,0.0030877565
60238,0.003228388
60239,0.0019552547
60240,0.0017524539
60241,0.0016140633
60242,0.0010885999
60243,0.0010257494
60244,0.0008667677
60245,0.0010756094
60246,0.0013173028
60247,0.0015464728
60248,0.0015767395
60249,0.001332198
60250,0.0011265441
60251,0.0009102031
60252,0.0011127675
60253,0.0012429125
60254,0.0014439927
60255,0.0012119696
60256,0.0010148241
60257,0.00098499
60258,0.0015307539
60259,0.0018595387
60260,0.0013760645
60261,0.0009385706
60262,0.0010054025
60263,0.0012008968
60264,0.0012737205
60265,0.0010605956
60266,0.0007477974
60267,0.00050498295
60268,0.0008788056
60269,0.0012693029
60270,0.0013603448
60271,0.0010649498
60272,0.0011146491
60273,0.0
60274,0.0018715202
60275,0.0016827097
60276,0.001048785
60277,0.00089146465
60278,0.00090757734
60279,0.0011226363
60280,0.0018863591
60281,0.0016022273
60282,0.0012627512
60283,0.0010371488
60284,0.0010497281
60285,0.0009089552
60286,0.0011144662
60287,0.001285185
60288,0.00114222
60289,0.002092903
60290,0.0024488217
60291,0.0017506593
60292,0.0018424948
60293,0.001595018
60294,0.0016174316
60295,0.001623538
60296,0.0015925162
60297,0.0017152908
60298,0.0013623544
60299,0.00083978806
60300,0.0006636258
60301,0.0018905356
60302,0.0024307256
60303,0.0032912416
60304,0.003270306
60305,0.0021420128
60306,0.0037283
60307,0.0055411886
60308,0.008645999
60309,0.01163251
60310,0.0107133975
60311,0.008115682
60312,0.008335818
60313,0.006637854
60314,0.0065674996
60315,0.0070157708
60316,0.009104496
60317,0.009939043
60318,0.009925552
60319,0.007361694
60320,0.0061999853
60321,0.0065284977
60322,0.007275919
60323,0.007444018
60324,0.0060011433
60325,0.0052805333
60326,0.0039699473
60327,0.0022856882
60328,0.0022503221
60329,0.0017402213
60330,0.0020767516
60331,0.0012267678
60332,0.0004043579
60333,0.0008839239
60334,0.0009330035
60335,0.00085534324
60336,0.0007793941
60337,0.0020055731
60338,0.0029180415
60339,0.0044972417
60340,0.003821946
60341,0.0008891437
60342,0.0010544033
60343,0.00198442
60344,0.002513709
60345,0.0025168331
60346,0.0022762846
60347,0.002211156
60348,0.0032312265
60349,0.0032794152
60350,0.0023148644
60351,0.002398192
60352,0.0024971906
60353,0.0020076619
60354,0.0012322122
60355,0.0018420999
60356,0.0018648837
60357,0.0016053123
60358,0.0013223746
60359,0.00092567544
60360,0.0010604858
60361,0.0010097929
60362,0.0012757524
60363,0.0017497115
60364,0.0020575756
60365,0.002457648
60366,0.0023693047
60367,0.0019985957
60368,0.0011539065
60369,0.0004517478
60370,0.0008653227
60371,0.0008646161
60372,0.0006104469
60373,0.00058323715
60374,0.0008606687
60375,0.00095156627
60376,0.0011386472
60377,0.0014385405
60378,0.0016605987
60379,0.0009683923
60380,0.0007334146
60381,0.00089469086
60382,0.0018289713
60383,0.0020227395
60384,0.0015614372
60385,0.0010377379
60386,0.00090962736
60387,0.0015017121
60388,0.0015851341
60389,0.0014781152
60390,0.0011950418
60391,0.00093822944
60392,0.00095119915
60393,0.0012007998
60394,0.002258391
60395,0.002026922
60396,0.0012040432
60397,0.0009663465
60398,0.00070710946
60399,0.0006759661
60400,0.0011546629
60401,0.0015795979
60402,0.0016887696
60403,0.0011235174
60404,0.0009806666
60405,0.00089949236
60406,0.0010602113
60407,0.0012293983
60408,0.0013658107
60409,0.0014318079
60410,0.0014820872
60411,0.0016608615
60412,0.0013228367
60413,0.00080770755
60414,0.0008467597
60415,0.0010204013
60416,0.0008914973
60417,0.0014611834
60418,0.0033466355
60419,0.0034892866
60420,0.0028372013
60421,0.0026454974
60422,0.0016542772
60423,0.0013541047
60424,0.0014124068
60425,0.0012069886
60426,0.0012148718
60427,0.0011097032
60428,0.0011978149
60429,0.00089913636
60430,0.0010634182
60431,0.0008679421
60432,0.0012273133
60433,0.0020864825
60434,0.0032134969
60435,0.004388494
60436,0.0037014359
60437,0.002605134
60438,0.0019180607
60439,0.0012162843
60440,0.0014308318
60441,0.0018294168
60442,0.0019406127
60443,0.0019350407
60444,0.0015723773
60445,0.0014219357
60446,0.0011239577
60447,0.0015352534
60448,0.0017864354
60449,0.0013428167
60450,0.0011574071
60451,0.0012517556
60452,0.0009971184
60453,0.0007833795
60454,0.00088724314
60455,0.0010970422
60456,0.00139976
60457,0.0019735373
60458,0.002016745
60459,0.0018411991
60460,0.0019026584
60461,0.0023313262
60462,0.00195314
60463,0.0015115254
60464,0.0015244286
60465,0.0018403295
60466,0.0031765688
60467,0.0034428695
60468,0.0026011649
60469,0.0017190872
60470,0.0007260362
60471,0.000584035
60472,0.00069293217
60473,0.0012080972
60474,0.0016286569
60475,0.0015474323
60476,0.0013243979
60477,0.0011533768
60478,0.0010423551
60479,0.0010200589
60480,0.0021050079
60481,0.0020875423
60482,0.0010884127
60483,0.00085931504
60484,0.00094908563
60485,0.0011320078
60486,0.0019672746
60487,0.0029534823
60488,0.0019137466
60489,0.00090484746
60490,0.0014948747
60491,0.0021125157
60492,0.0021023792
60493,0.0019289246
60494,0.0025953066
60495,0.0030124325
60496,0.0025760478
60497,0.001702552
60498,0.0011810539
60499,0.0007561958
60500,0.00091800356
60501,0.0012775535
60502,0.0014585519
60503,0.0011220399
60504,0.000867808
60505,0.00095122977
60506,0.0010797683
60507,0.00092492055
60508,0.0007546933
60509,0.00072104845
60510,0.001428776
60511,0.002070829
60512,0.0019921488
60513,0.0023014357
60514,0.0018928588
60515,0.0012587577
60516,0.0017539478
60517,0.0018062663
60518,0.00074083736
60519,0.0011436715
60520,0.0013181863
60521,0.0011337547
60522,0.001304024
60523,0.0015189395
60524,0.0013460856
60525,0.0012693029
60526,0.0018827918
60527,0.0024175793
60528,0.0022270123
60529,0.0018775287
60530,0.0012796476
60531,0.0008129871
60532,0.0007633971
60533,0.000742799
60534,0.0007984299
60535,0.00095599086
60536,0.00081370276
60537,0.0010883325
60538,0.001534438
60539,0.0012195343
60540,0.0008264434
60541,0.00083446887
60542,0.0006176983
60543,0.0008878334
60544,0.0018441053
60545,0.0023867204
60546,0.002077578
60547,0.0015587882
60548,0.0011365494
60549,0.0007186225
60550,0.00064272835
60551,0.0008595521
60552,0.0013026618
60553,0.0010664791
60554,0.0006673867
60555,0.00043820892
60556,0.00063882227
60557,0.0005803357
60558,0.0010278185
60559,0.001672004
60560,0.0018969903
60561,0.0020066032
60562,0.0019981733
60563,0.0020011715
60564,0.002065411
60565,0.0017919822
60566,0.0014101177
60567,0.0010481745
60568,0.0009810227
60569,0.0016376917
60570,0.0027321756
60571,0.002653911
60572,0.0019037136
60573,0.002209668
60574,0.0018271564
60575,0.0011422455
60576,0.0007776745
60577,0.000918479
60578,0.0009988098
60579,0.0010569672
60580,0.001487771
60581,0.0016092055
60582,0.001056003
60583,0.00076875376
60584,0.0008195831
60585,0.0010762045
60586,0.0014528739
60587,0.0016540837
60588,0.0016280849
60589,0.00158585
60590,0.0017185286
60591,0.0020065163
60592,0.0017100399
60593,0.0010728459
60594,0.0007085075
60595,0.000696702
60596,0.0004419784
60597,0.00040500518
60598,0.00031121945
60599,0.00030584264
60600,0.00060824986
60601,0.00083296775
60602,0.0011154843
60603,0.0013048719
60604,0.0014577735
60605,0.001509483
60606,0.0
60607,0.0012637419
60608,0.0010412936
60609,0.0008047836
60610,0.0008332822
60611,0.0006713
60612,0.0008615137
60613,0.0013726339
60614,0.0012194627
60615,0.0010971217
60616,0.00088303443
60617,0.0005295701
60618,0.000813166
60619,0.0011360627
60620,0.00082679547
60621,0.0006668196
60622,0.0017213206
60623,0.0017337537
60624,0.0006825644
60625,0.00086670055
60626,0.0011356784
60627,0.0013680464
60628,0.001549988
60629,0.0019550165
60630,0.0020163264
60631,0.0015504762
60632,0.0008025383
60633,0.0009774264
60634,0.0016089343
60635,0.0021688156
60636,0.0039392286
60637,0.0039266488
60638,0.0022438723
60639,0.002439355
60640,0.0045990758
60641,0.005489104
60642,0.009358136
60643,0.010119658
60644,0.008464664
60645,0.007333523
60646,0.006406593
60647,0.0059395707
60648,0.0057523004
60649,0.0065098945
60650,0.0063954126
60651,0.005386293
60652,0.004409203
60653,0.003821489
60654,0.0052966685
60655,0.006255931
60656,0.005586264
60657,0.0053766393
60658,0.005279045
60659,0.003832197
60660,0.0022277832
60661,0.0021521114
60662,0.0018516023
60663,0.0020752093
60664,0.0011348836
60665,0.00032043457
60666,0.00063149084
60667,0.0007880097
60668,0.0009265553
60669,0.0007141537
60670,0.0020058344
60671,0.003025476
60672,0.00437159
60673,0.0037346256
60674,0.0013869769
60675,0.0013657042
60676,0.0020450477
60677,0.0017879824
60678,0.0020772559
60679,0.0022243054
60680,0.0017616799
60681,0.0030148565
60682,0.0033132308
60683,0.0025306484
60684,0.0030620117
60685,0.0030021353
60686,0.0015957841
60687,0.0011204565
60688,0.0017289629
60689,0.0016303357
60690,0.001574486
60691,0.0017442472
60692,0.0017968641
60693,0.0017107035
60694,0.0014471535
60695,0.0011751001
60696,0.000980251
60697,0.0011544109
60698,0.0016948594
60699,0.0018752952
60700,0.0017363201
60701,0.0013083466
60702,0.0010058366
60703,0.00084231416
60704,0.000686815
60705,0.00044617284
60706,0.00053214683
60707,0.0008189436
60708,0.0011648514
60709,0.0011609723
60710,0.0014700796
60711,0.0015993183
60712,0.0012182449
60713,0.00080308213
60714,0.0009740559
60715,0.0021228096
60716,0.0027846768
60717,0.0020025817
60718,0.0012708153
60719,0.0009825345
60720,0.0013720613
60721,0.0016804077
60722,0.0015016734
60723,0.0011559225
60724,0.0010382707
60725,0.0007301534
60726,0.0011669731
60727,0.0027782312
60728,0.002990645
60729,0.001770825
60730,0.0010641844
60731,0.0008426596
60732,0.0007580025
60733,0.0013848139
60734,0.001541081
60735,0.0012151113
60736,0.0009744741
60737,0.001225106
60738,0.0015467362
60739,0.0016086267
60740,0.0014992295
60741,0.00114804
60742,0.0008797655
60743,0.0010334662
60744,0.0011201968
60745,0.0009241965
60746,0.0007952889
60747,0.0008738905
60748,0.00096106145
60749,0.00069636776
60750,0.0015065881
60751,0.0032962693
60752,0.0032696829
60753,0.0022436648
60754,0.001854194
60755,0.0014803188
60756,0.001295695
60757,0.0011901367
60758,0.0011554692
60759,0.00092138955
60760,0.00069578236
60761,0.0010037512
60762,0.00096682826
60763,0.0016161356
60764,0.0017860606
60765,0.0019901756
60766,0.0021551386
60767,0.0024874166
60768,0.0034093577
60769,0.0034399517
60770,0.0030091652
60771,0.002494532
60772,0.0016548225
60773,0.00092837535
60774,0.0011153538
60775,0.0011688422
60776,0.0012352081
60777,0.0010790672
60778,0.001146188
60779,0.0011052093
60780,0.0018051057
60781,0.002084822
60782,0.0017840063
60783,0.0015041328
60784,0.0015686896
60785,0.0012028582
60786,0.00087777834
60787,0.00091939745
60788,0.0032346924
60789,0.004394379
60790,0.00449873
60791,0.0034274072
60792,0.0023156563
60793,0.0015881606
60794,0.0022944065
60795,0.0020632118
60796,0.0018223876
60797,0.001203463
60798,0.0016028811
60799,0.0029951083
60800,0.003480944
60801,0.0026593667
60802,0.0015389645
60803,0.0008922804
60804,0.00085690705
60805,0.00068626396
60806,0.0014376095
60807,0.0013791278
60808,0.0010891077
60809,0.0010021551
60810,0.0011979121
60811,0.0010604858
60812,0.00092400756
60813,0.0018221639
60814,0.0016001371
60815,0.0010838037
60816,0.0012208223
60817,0.0010486463
60818,0.0005579378
60819,0.0019530803
60820,0.0037180756
60821,0.0027849276
60822,0.0017961513
60823,0.0019388722
60824,0.0018924283
60825,0.0015866573
60826,0.001171553
60827,0.0015968416
60828,0.0022097602
60829,0.0020497246
60830,0.0015189778
60831,0.00116022
60832,0.0010800108
60833,0.0011058939
60834,0.0012461162
60835,0.0014326004
60836,0.0013532232
60837,0.0010762315
60838,0.0008622566
60839,0.0008106209
60840,0.0007285173
60841,0.00083885185
60842,0.0010265718
60843,0.0016839372
60844,0.0022025178
60845,0.0018906126
60846,0.0019461986
60847,0.0015444013
60848,0.0010225382
60849,0.0018146576
60850,0.001990497
60851,0.00093798124
60852,0.0010966442
60853,0.0013398008
60854,0.0013289389
60855,0.0016283173
60856,0.0016774435
60857,0.0009162264
60858,0.0010935348
60859,0.0016993866
60860,0.0021762238
60861,0.0024026053
60862,0.0021600216
60863,0.0013277339
60864,0.0006793589
60865,0.00061774545
60866,0.00062009663
60867,0.0006262613
60868,0.00076666876
60869,0.0007921722
60870,0.0011661
60871,0.001739502
60872,0.0013744561
60873,0.00073753006
60874,0.00088658684
60875,0.00070128206
60876,0.00058478204
60877,0.0015786395
60878,0.0022798744
60879,0.002363315
60880,0.0016759854
60881,0.00095796766
60882,0.00079202524
60883,0.00075738796
60884,0.00095763337
60885,0.0015910169
60886,0.001198495
60887,0.00065051496
60888,0.00058413466
60889,0.0007884528
60890,0.0029128506
60891,0.0038435266
60892,0.0038863958
60893,0.0030527208
60894,0.002309515
60895,0.0021099104
60896,0.0020544615
60897,0.001773584
60898,0.0012840976
60899,0.0008496077
60900,0.00089381216
60901,0.0014218539
60902,0.0022730092
60903,0.0033494432
60904,0.0034253602
60905,0.002828191
60906,0.0027724742
60907,0.0027757683
60908,0.0021898756
60909,0.0014234291
60910,0.0011732412
60911,0.0008518314
60912,0.001004157
60913,0.0016371231
60914,0.0017495618
60915,0.0012447141
60916,0.0010667247
60917,0.0009626349
60918,0.0010782308
60919,0.0012227756
60920,0.0011050777
60921,0.0012190092
60922,0.0016732569
60923,0.002011138
60924,0.0022411728
60925,0.0016685366
60926,0.00087125547
60927,0.00077628857
60928,0.00070949266
60929,0.00026822503
60930,0.00050911563
60931,0.00044098956
60932,0.0005520119
60933,0.00075604185
60934,0.0008849769
60935,0.00097133307
60936,0.0010570498
60937,0.0014019
60938,0.0016216727
60939,0.0
60940,0.00074236793
60941,0.0003696912
60942,0.0008133092
60943,0.0011977664
60944,0.0007624434
60945,0.0011651762
60946,0.0016801133
60947,0.0021912174
60948,0.002462014
60949,0.002351723
60950,0.0017404386
60951,0.0016735351
60952,0.0017487298
60953,0.0012165715
60954,0.0014833827
60955,0.0018756677
60956,0.0016427842
60957,0.00064773514
60958,0.00060561247
60959,0.0008167373
60960,0.0007426031
60961,0.0018571739
60962,0.0023395137
60963,0.0020777322
60964,0.0016653414
60965,0.0012114412
60966,0.0018646808
60967,0.0023439755
60968,0.0021865903
60969,0.0044570426
60970,0.0044450965
60971,0.0019487541
60972,0.0019344841
60973,0.0049878564
60974,0.0050258776
60975,0.0062723462
60976,0.008608547
60977,0.008142859
60978,0.006455063
60979,0.0053286008
60980,0.004057432
60981,0.0042892876
60982,0.0048267124
60983,0.0051372857
60984,0.0037875623
60985,0.002853822
60986,0.0021946414
60987,0.003708702
60988,0.005863283
60989,0.004949225
60990,0.00476734
60991,0.0059073195
60992,0.003970988
60993,0.002599833
60994,0.0025055215
60995,0.0020334735
60996,0.0018090998
60997,0.00094425894
60998,0.0006467909
60999,0.0010424947
61000,0.0013358196
61001,0.001594726
61002,0.0011206643
61003,0.001391732
61004,0.0026061838
61005,0.0043412796
61006,0.0043705576
61007,0.003113382
61008,0.0019075318
61009,0.00173419
61010,0.0015506451
61011,0.0015300122
61012,0.0017365548
61013,0.0018550415
61014,0.00294104
61015,0.003133137
61016,0.0023975365
61017,0.003065156
61018,0.0032669313
61019,0.0018109971
61020,0.0014908392
61021,0.0015430062
61022,0.001314029
61023,0.0018922129
61024,0.0029035937
61025,0.0033706732
61026,0.0031508014
61027,0.00249592
61028,0.0016066353
61029,0.0011127675
61030,0.000695866
61031,0.00055353873
61032,0.00048828125
61033,0.0008856672
61034,0.0009089552
61035,0.0010406226
61036,0.00093717413
61037,0.00080565107
61038,0.00047627225
61039,0.0008271826
61040,0.001364425
61041,0.001562462
61042,0.001370873
61043,0.0015614372
61044,0.0016312638
61045,0.0016283888
61046,0.0009424387
61047,0.0009564474
61048,0.0021355355
61049,0.003309056
61050,0.0024731597
61051,0.0013783256
61052,0.0012142248
61053,0.0010993743
61054,0.001468277
61055,0.0014500868
61056,0.0012898642
61057,0.0010347608
61058,0.00073214364
61059,0.0012332038
61060,0.0038529048
61061,0.004114147
61062,0.0022294286
61063,0.0014898822
61064,0.0013166398
61065,0.00092969113
61066,0.0016076675
61067,0.0016170717
61068,0.00054345716
61069,0.0011977177
61070,0.0016653414
61071,0.001689941
61072,0.0013096806
61073,0.0009958918
61074,0.00081659475
61075,0.0007243506
61076,0.0006838849
61077,0.00045045745
61078,0.0005606956
61079,0.0007175282
61080,0.00080990256
61081,0.0007008669
61082,0.00040052505
61083,0.0012924338
61084,0.002705898
61085,0.0031269258
61086,0.0031536543
61087,0.002210603
61088,0.0012933343
61089,0.0010757716
61090,0.0009662862
61091,0.00101448
61092,0.0011188189
61093,0.0012375622
61094,0.0016688331
61095,0.0016752385
61096,0.0020136544
61097,0.0020040635
61098,0.0017327461
61099,0.0016415259
61100,0.0015300122
61101,0.0020892008
61102,0.0024566294
61103,0.002463751
61104,0.0026719442
61105,0.002278112
61106,0.0016270299
61107,0.0009530332
61108,0.00086316746
61109,0.0011905034
61110,0.0015668889
61111,0.0018505018
61112,0.0017717123
61113,0.0020789925
61114,0.002448572
61115,0.002261469
61116,0.0019024749
61117,0.0019247255
61118,0.0015576675
61119,0.001304738
61120,0.0013004929
61121,0.0040854323
61122,0.0049429587
61123,0.004211923
61124,0.0034483513
61125,0.0023468295
61126,0.0019295431
61127,0.0019371753
61128,0.0017973015
61129,0.0016801478
61130,0.0017235847
61131,0.002189543
61132,0.0028490452
61133,0.0028635447
61134,0.002416038
61135,0.0017036457
61136,0.0012580175
61137,0.00088075735
61138,0.00071927026
61139,0.001452353
61140,0.0012050339
61141,0.0007706444
61142,0.0010568295
61143,0.0013052509
61144,0.0011338317
61145,0.0009349978
61146,0.0014842065
61147,0.0013430985
61148,0.0012041399
61149,0.0016017186
61150,0.0013592532
61151,0.0011901611
61152,0.001933506
61153,0.0045753284
61154,0.0038836165
61155,0.0025135817
61156,0.0024164354
61157,0.0021203677
61158,0.001523894
61159,0.0011564763
61160,0.0009428709
61161,0.0014328645
61162,0.0012757296
61163,0.0011465688
61164,0.0012240602
61165,0.0015905047
61166,0.0014984722
61167,0.0015186712
61168,0.0015926441
61169,0.0014268804
61170,0.0010283281
61171,0.0008675061
61172,0.0012337937
61173,0.0011641516
61174,0.0009131082
61175,0.00082188804
61176,0.001827666
61177,0.0022482001
61178,0.001555349
61179,0.001712149
61180,0.0015891317
61181,0.0013406259
61182,0.0018847538
61183,0.0016972617
61184,0.00073519815
61185,0.0006389134
61186,0.0013195544
61187,0.0015669633
61188,0.0017775507
61189,0.0019588685
61190,0.0016209725
61191,0.0018113186
61192,0.0020821819
61193,0.0019405826
61194,0.0020903149
61195,0.0019936091
61196,0.0014918149
61197,0.0012244644
61198,0.0007334146
61199,0.00048875785
61200,0.00044204426
61201,0.000694694
61202,0.00076045585
61203,0.00096595485
61204,0.001444698
61205,0.0010692318
61206,0.00031037666
61207,0.0006644585
61208,0.0007848641
61209,0.0006142018
61210,0.0013353402
61211,0.0019698027
61212,0.0024907491
61213,0.0025247186
61214,0.0016621052
61215,0.0009995963
61216,0.0010121536
61217,0.0011147796
61218,0.0018027986
61219,0.0014941931
61220,0.0006015138
61221,0.00091939745
61222,0.0028851219
61223,0.0043629664
61224,0.0047432994
61225,0.0038801003
61226,0.0030823888
61227,0.002197279
61228,0.0017588692
61229,0.0013620339
61230,0.0008963483
61231,0.0008778115
61232,0.0010032872
61233,0.0014653404
61234,0.0017493954
61235,0.0025123886
61236,0.0035570492
61237,0.00403737
61238,0.0039088717
61239,0.003463846
61240,0.0034483513
61241,0.0032713204
61242,0.0029071397
61243,0.002248692
61244,0.0015338878
61245,0.0013944688
61246,0.0017701347
61247,0.0019472152
61248,0.0017109247
61249,0.0010093029
61250,0.0010045337
61251,0.00093940744
61252,0.00093723624
61253,0.0005099724
61254,0.001011492
61255,0.0016495732
61256,0.0020448628
61257,0.0022329637
61258,0.0016156132
61259,0.0007419758
61260,0.0007021116
61261,0.0007596517
61262,0.00080785167
61263,0.0011187929
61264,0.0012818291
61265,0.0013012536
61266,0.0012501968
61267,0.0013636142
61268,0.0011545117
61269,0.0011319306
61270,0.0016624203
61271,0.0016080295
61272,0.0
61273,0.00080590387
61274,0.00075661903
61275,0.0011301294
61276,0.0014636512
61277,0.0010559754
61278,0.0011998056
61279,0.0016856128
61280,0.0020767516
61281,0.0026708657
61282,0.0026393626
61283,0.0019461388
61284,0.0021060307
61285,0.0021283822
61286,0.0014167274
61287,0.0013869979
61288,0.0015477708
61289,0.0011659003
61290,0.00060431357
61291,0.0006575901
61292,0.0009363353
61293,0.0009103629
61294,0.0026668527
61295,0.002959792
61296,0.0016421641
61297,0.0011574071
61298,0.001249964
61299,0.002218436
61300,0.0032982817
61301,0.0029175128
61302,0.0043291287
61303,0.004300157
61304,0.001965839
61305,0.0024288092
61306,0.00480624
61307,0.004389263
61308,0.0028045783
61309,0.0061089206
61310,0.0074088294
61311,0.007262815
61312,0.006550252
61313,0.0049275435
61314,0.004750332
61315,0.0042839507
61316,0.0040595336
61317,0.002869322
61318,0.0020411161
61319,0.0018908742
61320,0.0027209143
61321,0.005939649
61322,0.005344531
61323,0.0042159017
61324,0.0060736067
61325,0.0050369375
61326,0.0033038978
61327,0.0025932312
61328,0.0018360071
61329,0.0011229733
61330,0.00081381004
61331,0.0010626243
61332,0.0014791781
61333,0.0017806588
61334,0.0020547165
61335,0.0013693648
61336,0.0010708093
61337,0.001571007
61338,0.0033456439
61339,0.004146883
61340,0.0033453568
61341,0.0014866556
61342,0.0011627007
61343,0.001567446
61344,0.0014127777
61345,0.0013213839
61346,0.002008401
61347,0.002568014
61348,0.0027329104
61349,0.0026016124
61350,0.0030102192
61351,0.0029906253
61352,0.0016757597
61353,0.0009188275
61354,0.00085690705
61355,0.0012688213
61356,0.0020865523
61357,0.0026800034
61358,0.0028668153
61359,0.0027365289
61360,0.002233498
61361,0.0014036013
61362,0.0008679421
61363,0.00063024525
61364,0.00040052505
61365,0.0004840308
61366,0.0005060768
61367,0.00057169574
61368,0.0006550625
61369,0.00069716136
61370,0.00070673897
61371,0.00077730016
61372,0.0009965053
61373,0.0013668332
61374,0.0011637765
61375,0.0010436666
61376,0.0011887664
61377,0.0014864402
61378,0.0020341172
61379,0.001638438
61380,0.0015416098
61381,0.0021308558
61382,0.0032040824
61383,0.002597089
61384,0.0010844212
61385,0.001267651
61386,0.0012746342
61387,0.0015543381
61388,0.0014506888
61389,0.0013704483
61390,0.0015078433
61391,0.001571396
61392,0.0037752863
61393,0.0052003767
61394,0.0046269493
61395,0.0021368163
61396,0.0018702134
61397,0.0020128158
61398,0.0014225701
61399,0.0018029116
61400,0.0017959245
61401,0.001625437
61402,0.0016094225
61403,0.0014192109
61404,0.0012714564
61405,0.0011680202
61406,0.0010547345
61407,0.0010769074
61408,0.0009736375
61409,0.0007496244
61410,0.0005711355
61411,0.0006488126
61412,0.0005549565
61413,0.00051790045
61414,0.00072787784
61415,0.00093012926
61416,0.0013258255
61417,0.0022926044
61418,0.0029968375
61419,0.0035195332
61420,0.0025504439
61421,0.0011581864
61422,0.0009518109
61423,0.0008612434
61424,0.0010164576
61425,0.0013968877
61426,0.0014258397
61427,0.0015472819
61428,0.0013805832
61429,0.0015953645
61430,0.0014317875
61431,0.00071354216
61432,0.0009999456
61433,0.0012147041
61434,0.001801232
61435,0.002249753
61436,0.001814433
61437,0.0023466684
61438,0.0024771225
61439,0.0021975967
61440,0.001374202
61441,0.0013852553
61442,0.0019106874
61443,0.001836118
61444,0.0016489555
61445,0.0011459849
61446,0.0011740595
61447,0.0017621093
61448,0.0020892704
61449,0.001988654
61450,0.0018311342
61451,0.0016601079
61452,0.0016593188
61453,0.0015340017
61454,0.004337242
61455,0.0040955143
61456,0.001364105
61457,0.0019810733
61458,0.0016599676
61459,0.0015876292
61460,0.0013251009
61461,0.0011768326
61462,0.0017525037
61463,0.0021968947
61464,0.0025398552
61465,0.0026287443
61466,0.0021589703
61467,0.0019402676
61468,0.0014255336
61469,0.0010630076
61470,0.00067277247
61471,0.0005391019
61472,0.0013712974
61473,0.0012869728
61474,0.0015294795
61475,0.0019541827
61476,0.0023311016
61477,0.0018514609
61478,0.0017438633
61479,0.0014224474
61480,0.0007357917
61481,0.0007541532
61482,0.00145107
61483,0.0013620766
61484,0.0015675018
61485,0.0038767385
61486,0.0049989535
61487,0.003710836
61488,0.0020041652
61489,0.0025534092
61490,0.0023914226
61491,0.0020938623
61492,0.0015880507
61493,0.0011510276
61494,0.0010247558
61495,0.0007709087
61496,0.00095863576
61497,0.0012947737
61498,0.001837354
61499,0.0017019536
61500,0.0017621589
61501,0.0017225037
61502,0.0012766875
61503,0.0011777473
61504,0.0014145687
61505,0.001664345
61506,0.001272829
61507,0.0009900884
61508,0.0005666334
61509,0.0017343075
61510,0.0023724595
61511,0.0018872846
61512,0.0015512832
61513,0.0015968052
61514,0.0016208469
61515,0.0017719587
61516,0.0013350351
61517,0.0007829707
61518,0.00060474686
61519,0.0010812228
61520,0.001364425
61521,0.0014290204
61522,0.0016508431
61523,0.0016645724
61524,0.0018458563
61525,0.0018569075
61526,0.0014883187
61527,0.001381679
61528,0.0012305104
61529,0.0014509496
61530,0.0015771086
61531,0.001589443
61532,0.001133883
61533,0.00068757735
61534,0.0007341682
61535,0.0008607702
61536,0.0011551669
61537,0.0015100613
61538,0.0012005817
61539,0.0005608513
61540,0.0008066258
61541,0.00071821746
61542,0.00026995555
61543,0.0008397188
61544,0.0014429644
61545,0.0022024913
61546,0.0026811976
61547,0.0021863242
61548,0.0016880456
61549,0.0015988997
61550,0.001677721
61551,0.0019683393
61552,0.0017960866
61553,0.0011243201
61554,0.0012146562
61555,0.0038485362
61556,0.004358722
61557,0.0032399786
61558,0.001573247
61559,0.0021482944
61560,0.0018198305
61561,0.0013113018
61562,0.00078782503
61563,0.000673421
61564,0.00096595485
61565,0.0009706737
61566,0.0017886334
61567,0.0018595856
61568,0.002198603
61569,0.0026779391
61570,0.0035476356
61571,0.0037630089
61572,0.0035898227
61573,0.0033617937
61574,0.0030275146
61575,0.0031232191
61576,0.0027938692
61577,0.0024415732
61578,0.002308847
61579,0.0023707047
61580,0.0023872936
61581,0.0020507325
61582,0.0014086929
61583,0.0015598148
61584,0.0010936678
61585,0.00096667773
61586,0.0010940934
61587,0.0015774777
61588,0.001982586
61589,0.0019303273
61590,0.0018053314
61591,0.0013238264
61592,0.0003819272
61593,0.00060170726
61594,0.00090426835
61595,0.0009502502
61596,0.0016648346
61597,0.0019078979
61598,0.0019472003
61599,0.0016693039
61600,0.0019232279
61601,0.0014718801
61602,0.0012308651
61603,0.0017773706
61604,0.0014850886
61605,0.0
61606,0.0012358677
61607,0.001032621
61608,0.0011042346
61609,0.0016600903
61610,0.0015539824
61611,0.0015025259
61612,0.0015041714
61613,0.00095866615
61614,0.0015740793
61615,0.0015656439
61616,0.0009517192
61617,0.0014642873
61618,0.0018323576
61619,0.0013676634
61620,0.0010624325
61621,0.0010152829
61622,0.0007538058
61623,0.00052059087
61624,0.000767238
61625,0.0009521166
61626,0.0009148595
61627,0.0032173258
61628,0.003158597
61629,0.00095513806
61630,0.0009795679
61631,0.0013366038
61632,0.002474207
61633,0.0037398434
61634,0.0034712069
61635,0.0042878147
61636,0.004200167
61637,0.0023385433
61638,0.0025677306
61639,0.003997286
61640,0.0036258493
61641,0.0021162874
61642,0.0033849587
61643,0.0052173124
61644,0.0060094646
61645,0.0056461487
61646,0.0045670066
61647,0.004472498
61648,0.0043573594
61649,0.0032285322
61650,0.0027427648
61651,0.0022285278
61652,0.0017859302
61653,0.0025560407
61654,0.005694074
61655,0.005647664
61656,0.0043814187
61657,0.0057661165
61658,0.005068979
61659,0.003897844
61660,0.0026403216
61661,0.0012574622
61662,0.0008697175
61663,0.0009958333
61664,0.0015840689
61665,0.0014964703
61666,0.0017110438
61667,0.002070787
61668,0.0016171257
61669,0.0011681697
61670,0.0008944306
61671,0.0015515458
61672,0.0031410228
61673,0.003380347
61674,0.0019505902
61675,0.0007650727
61676,0.0016135944
61677,0.0014350767
61678,0.0010669157
61679,0.0019584969
61680,0.0026575164
61681,0.0026386017
61682,0.0025063113
61683,0.002900575
61684,0.0028766259
61685,0.001955195
61686,0.0014025848
61687,0.0015933749
61688,0.0017437465
61689,0.0019662238
61690,0.0017799232
61691,0.0013265716
61692,0.0019119969
61693,0.0024902583
61694,0.0018750003
61695,0.0008186237
61696,0.0005767136
61697,0.000343831
61698,0.0006617813
61699,0.0006823938
61700,0.0006015138
61701,0.00045578848
61702,0.00034594067
61703,0.00069887086
61704,0.00091971393
61705,0.0010750139
61706,0.001265146
61707,0.0006133008
61708,0.0006652027
61709,0.0008525486
61710,0.001334359
61711,0.0017929077
61712,0.0016011916
61713,0.0017031843
61714,0.0018986159
61715,0.0024063091
61716,0.002304835
61717,0.0013210534
61718,0.0010714615
61719,0.0013950113
61720,0.0018670517
61721,0.0020139578
61722,0.0018735096
61723,0.0021238788
61724,0.003733355
61725,0.005161831
61726,0.00518037
61727,0.0038486042
61728,0.001613919
61729,0.0019689603
61730,0.0021240432
61731,0.0016005554
61732,0.0018945494
61733,0.0017534002
61734,0.0019095751
61735,0.0016154691
61736,0.0012881256
61737,0.0010313237
61738,0.0011335236
61739,0.00083735865
61740,0.00078271044
61741,0.0007492361
61742,0.0008759528
61743,0.0007143575
61744,0.000724672
61745,0.0005942118
61746,0.00048875785
61747,0.00071935117
61748,0.0008530946
61749,0.00092164223
61750,0.0016620177
61751,0.002554093
61752,0.0036897413
61753,0.003475723
61754,0.0016873386
61755,0.0008848782
61756,0.0006643271
61757,0.0012432636
61758,0.0013720188
61759,0.00067264267
61760,0.00086545723
61761,0.0011476345
61762,0.0015121414
61763,0.0012630969
61764,0.0008005413
61765,0.00092777953
61766,0.0011605961
61767,0.001881663
61768,0.0021170161
61769,0.0014216492
61770,0.0015156211
61771,0.002008995
61772,0.0024207674
61773,0.0019850358
61774,0.0017410239
61775,0.001615343
61776,0.0011217545
61777,0.00081212743
61778,0.0005041177
61779,0.00041947796
61780,0.0009808743
61781,0.0013819737
61782,0.0016163697
61783,0.0015420816
61784,0.0019175144
61785,0.0018927512
61786,0.0016313887
61787,0.0035214098
61788,0.0032788205
61789,0.0009942246
61790,0.0012818291
61791,0.001359553
61792,0.001259451
61793,0.0010151396
61794,0.001181325
61795,0.0017373423
61796,0.0017324438
61797,0.0016093864
61798,0.0014597885
61799,0.0014759083
61800,0.0020690716
61801,0.001973316
61802,0.0017752734
61803,0.0014805155
61804,0.00149431
61805,0.0015733211
61806,0.0011837615
61807,0.0018586621
61808,0.0022580302
61809,0.0021637238
61810,0.0015714515
61811,0.0017882265
61812,0.001567056
61813,0.0010711626
61814,0.0009007857
61815,0.0009635113
61816,0.0012021805
61817,0.0020066032
61818,0.004318534
61819,0.0045723184
61820,0.0028112119
61821,0.0014687327
61822,0.0022270384
61823,0.002182527
61824,0.0022270514
61825,0.0019883614
61826,0.0017973662
61827,0.0011464927
61828,0.000680258
61829,0.00080720294
61830,0.0010092163
61831,0.0018976039
61832,0.0018807966
61833,0.0018688746
61834,0.0017430787
61835,0.0011213652
61836,0.0014879275
61837,0.0017703812
61838,0.0014919905
61839,0.001180635
61840,0.0010755823
61841,0.0006601962
61842,0.0014380143
61843,0.0020969734
61844,0.0020714332
61845,0.0019777946
61846,0.0018757143
61847,0.0016370696
61848,0.0015016928
61849,0.00075191155
61850,0.0006995369
61851,0.0008488537
61852,0.0009127575
61853,0.0011113543
61854,0.0008135596
61855,0.0008692824
61856,0.00081370276
61857,0.0009641152
61858,0.0010498391
61859,0.0011246825
61860,0.00089055
61861,0.00083009776
61862,0.001200921
61863,0.0013342282
61864,0.0017277673
61865,0.0016649395
61866,0.001549988
61867,0.0013529221
61868,0.0011395159
61869,0.0012008968
61870,0.0015545067
61871,0.001340322
61872,0.00076229067
61873,0.0009689331
61874,0.0009485642
61875,0.00071248086
61876,0.0007313482
61877,0.0007186225
61878,0.0014884947
61879,0.0025937362
61880,0.0026615653
61881,0.0019646839
61882,0.0018711003
61883,0.0020337168
61884,0.0018777922
61885,0.0017260483
61886,0.0010990301
61887,0.001249638
61888,0.0039790054
61889,0.0037063863
61890,0.0012190569
61891,0.0005416333
61892,0.0010417686
61893,0.0011883746
61894,0.0009984892
61895,0.000831464
61896,0.00053947966
61897,0.0006164721
61898,0.00085948437
61899,0.0019947183
61900,0.002315141
61901,0.0020186778
61902,0.002176237
61903,0.002337099
61904,0.0026647784
61905,0.0029039343
61906,0.0028597715
61907,0.0024602166
61908,0.0026884822
61909,0.0025524744
61910,0.0025167752
61911,0.0025721472
61912,0.002657407
61913,0.002999109
61914,0.002628988
61915,0.0022572568
61916,0.0017560374
61917,0.001438763
61918,0.001413972
61919,0.0014036634
61920,0.0018319128
61921,0.002095835
61922,0.0017046191
61923,0.0013445496
61924,0.00092003035
61925,0.00081173313
61926,0.0011008558
61927,0.0016103626
61928,0.0014169739
61929,0.0016950654
61930,0.00157969
61931,0.0015334703
61932,0.0021129567
61933,0.0027065862
61934,0.0025333841
61935,0.0021281908
61936,0.0024257635
61937,0.0017565346
61938,0.0
61939,0.0016478079
61940,0.0014279609
61941,0.0018067495
61942,0.0020150992
61943,0.0019809853
61944,0.0015669633
61945,0.0010784467
61946,0.0009502502
61947,0.0013238704
61948,0.0013425134
61949,0.00084448815
61950,0.001002097
61951,0.0015336032
61952,0.0014563553
61953,0.0012972214
61954,0.0010152829
61955,0.0009387566
61956,0.0009689331
61957,0.0014866556
61958,0.0014839123
61959,0.0014658368
61960,0.003469068
61961,0.0036707458
61962,0.0018624476
61963,0.0016260279
61964,0.0019474245
61965,0.0023975729
61966,0.0033625122
61967,0.0037575213
61968,0.0041149673
61969,0.0034882773
61970,0.0024674574
61971,0.0023834258
61972,0.002719106
61973,0.0024805977
61974,0.002105326
61975,0.003171287
61976,0.0034851471
61977,0.0038847406
61978,0.0037062056
61979,0.0024963864
61980,0.0026738062
61981,0.0033987819
61982,0.0026596403
61983,0.002629442
61984,0.0026407735
61985,0.0027345927
61986,0.003796358
61987,0.005805513
61988,0.0059758523
61989,0.004873935
61990,0.0047580455
61991,0.0046176496
61992,0.0043825344
61993,0.0025669937
61994,0.0008160243
61995,0.00065803254
61996,0.0010296856
61997,0.0017404219
61998,0.0013253645
61999,0.0013882563
62000,0.0015426854
62001,0.0012206316
62002,0.0010531328
62003,0.0007491972
62004,0.00081841036
62005,0.0026558512
62006,0.0034950122
62007,0.002535715
62008,0.00087319076
62009,0.001412448
62010,0.0015222506
62011,0.0015587695
62012,0.0020807555
62013,0.0027238007
62014,0.0023792337
62015,0.0023055167
62016,0.002985775
62017,0.0029358896
62018,0.0018607591
62019,0.0018897966
62020,0.0021378375
62021,0.0015030681
62022,0.001500801
62023,0.0016777384
62024,0.0012289484
62025,0.0017384643
62026,0.002580044
62027,0.0022152981
62028,0.0010850115
62029,0.0005352552
62030,0.0003951113
62031,0.0006869845
62032,0.000612351
62033,0.0003715758
62034,0.00040154107
62035,0.00030307044
62036,0.00076552905
62037,0.0009991303
62038,0.0010726016
62039,0.0012406625
62040,0.000987233
62041,0.00085306045
62042,0.0005937218
62043,0.00096538226
62044,0.0011802898
62045,0.0012005331
62046,0.0014665712
62047,0.0016064903
62048,0.0015379429
62049,0.002028343
62050,0.0017765189
62051,0.0011287637
62052,0.0013614782
62053,0.0017482471
62054,0.002023358
62055,0.0018810133
62056,0.002406539
62057,0.00445524
62058,0.0049187173
62059,0.0037759414
62060,0.0017439801
62061,0.0014761252
62062,0.001990234
62063,0.0023885123
62064,0.0021110135
62065,0.0020379769
62066,0.0016277989
62067,0.0013220004
62068,0.001259451
62069,0.0012510346
62070,0.00082025747
62071,0.0006857124
62072,0.0005466609
62073,0.00077309523
62074,0.0007733211
62075,0.0006746732
62076,0.00047688294
62077,0.00057042163
62078,0.00062033127
62079,0.0005556379
62080,0.0006510516
62081,0.00061358546
62082,0.0006289047
62083,0.0015060278
62084,0.0024338965
62085,0.0031979997
62086,0.0034580857
62087,0.0022869357
62088,0.0009903531
62089,0.0007129709
62090,0.0014399156
62091,0.001411706
62092,0.00084231416
62093,0.0008408271
62094,0.0010103404
62095,0.0016657434
62096,0.0014855394
62097,0.00068918394
62098,0.0011915297
62099,0.0013174133
62100,0.0017140178
62101,0.0018735252
62102,0.0010638561
62103,0.0010018357
62104,0.0013973877
62105,0.002182327
62106,0.0022793256
62107,0.0022201408
62108,0.0018576283
62109,0.0012382204
62110,0.00071529386
62111,0.0004277907
62112,0.0003087785
62113,0.0006825644
62114,0.0011432132
62115,0.001334359
62116,0.0012864299
62117,0.0017627369
62118,0.0015727475
62119,0.0012849133
62120,0.0027925877
62121,0.0027473979
62122,0.00087342405
62123,0.0012448076
62124,0.0016002462
62125,0.0013460207
62126,0.0007941903
62127,0.001523894
62128,0.0018137431
62129,0.0014936671
62130,0.0010731171
62131,0.00082542154
62132,0.0013493248
62133,0.002461352
62134,0.0022875338
62135,0.0015085766
62136,0.001242889
62137,0.0014775638
62138,0.0013851081
62139,0.0012348782
62140,0.0015606169
62141,0.0018468178
62142,0.0013163083
62143,0.000994605
62144,0.00157934
62145,0.0014836574
62146,0.0011892315
62147,0.00089104014
62148,0.0010427738
62149,0.0016528516
62150,0.0020910527
62151,0.003545108
62152,0.0032197312
62153,0.00093409466
62154,0.0008622566
62155,0.0013651288
62156,0.0017838595
62157,0.0022754406
62158,0.002468684
62159,0.0022346443
62160,0.0017006192
62161,0.0014186366
62162,0.0021051322
62163,0.0022853825
62164,0.0028873303
62165,0.0025509347
62166,0.0018472748
62167,0.0014645854
62168,0.0010721403
62169,0.0015049066
62170,0.0016208289
62171,0.0010579305
62172,0.0011551165
62173,0.0010692863
62174,0.0011612981
62175,0.0014985887
62176,0.0016079028
62177,0.0018325322
62178,0.001915753
62179,0.0020361624
62180,0.002027769
62181,0.0018648837
62182,0.0013172807
62183,0.0011803637
62184,0.0010476467
62185,0.000821144
62186,0.00082188804
62187,0.0006630554
62188,0.0005208703
62189,0.00067195
62190,0.00072903646
62191,0.0009815565
62192,0.001294279
62193,0.00091444585
62194,0.0007007008
62195,0.00052725687
62196,0.00062248565
62197,0.0010254087
62198,0.0011472539
62199,0.0011669982
62200,0.001030505
62201,0.00072104845
62202,0.0009866727
62203,0.0013943019
62204,0.0013232327
62205,0.0006399602
62206,0.00096956367
62207,0.00095404044
62208,0.00069339405
62209,0.0006275612
62210,0.0007561958
62211,0.0017234328
62212,0.0024228704
62213,0.0027282208
62214,0.0016707329
62215,0.001804622
62216,0.0025500446
62217,0.002552611
62218,0.0020756582
62219,0.0014492035
62220,0.0015055253
62221,0.0039128307
62222,0.00355799
62223,0.0012381264
62224,0.00063749973
62225,0.00082432776
62226,0.0009963299
62227,0.0012744287
62228,0.0011406902
62229,0.0009518415
62230,0.0008997835
62231,0.0013606871
62232,0.0022983733
62233,0.0022701905
62234,0.0012925464
62235,0.0015126802
62236,0.002071391
62237,0.0018218445
62238,0.0021741767
62239,0.0022574887
62240,0.0018581923
62241,0.0019291962
62242,0.0021011468
62243,0.0021901014
62244,0.002189623
62245,0.0024195767
62246,0.0032084666
62247,0.0030099677
62248,0.0026699502
62249,0.0021544227
62250,0.0021725965
62251,0.0023611712
62252,0.001902689
62253,0.0016393792
62254,0.0017727305
62255,0.0011147273
62256,0.00082661945
62257,0.0010000038
62258,0.0011461372
62259,0.0016199488
62260,0.001787836
62261,0.0015135073
62262,0.0013671312
62263,0.0014132308
62264,0.0012916004
62265,0.002189716
62266,0.0029290516
62267,0.0030442623
62268,0.002618928
62269,0.003106391
62270,0.0021331357
62271,0.0
62272,0.0013772695
62273,0.0014786074
62274,0.0020424132
62275,0.0017164951
62276,0.0014156998
62277,0.0008574163
62278,0.0007661371
62279,0.00094333384
62280,0.0010053735
62281,0.0012701281
62282,0.001358268
62283,0.0011202747
62284,0.00095040334
62285,0.0011717518
62286,0.0017555732
62287,0.001861541
62288,0.0019445829
62289,0.0017970423
62290,0.0017297034
62291,0.0015276517
62292,0.0014586716
62293,0.003046193
62294,0.003183049
62295,0.0017759781
62296,0.0018402821
62297,0.0020668057
62298,0.0020536396
62299,0.0022833187
62300,0.0032170634
62301,0.0042480864
62302,0.0035311817
62303,0.0027755797
62304,0.0027305027
62305,0.0020271805
62306,0.002028745
62307,0.0020068644
62308,0.0039988216
62309,0.004098924
62310,0.0030279951
62311,0.00296806
62312,0.0013538467
62313,0.0019619712
62314,0.0023400362
62315,0.002799655
62316,0.0030305122
62317,0.0035904306
62318,0.0036200492
62319,0.004486142
62320,0.005987393
62321,0.0060773864
62322,0.0048129265
62323,0.0041452823
62324,0.0040948745
62325,0.003988357
62326,0.002556371
62327,0.0009612129
62328,0.0007853831
62329,0.0013861583
62330,0.0018362448
62331,0.0013366255
62332,0.0013477494
62333,0.0016041698
62334,0.0014950499
62335,0.0012117774
62336,0.0009135862
62337,0.000786383
62338,0.0021168785
62339,0.0032962959
62340,0.0028296106
62341,0.0013230566
62342,0.00086222286
62343,0.0011463912
62344,0.001491932
62345,0.0018905664
62346,0.0025482406
62347,0.0022196032
62348,0.0020082416
62349,0.002730897
62350,0.0027854082
62351,0.0018093893
62352,0.0020177404
62353,0.0024189271
62354,0.0016234842
62355,0.0012355379
62356,0.001480535
62357,0.00094089337
62358,0.0013703845
62359,0.0023936003
62360,0.0022262281
62361,0.0015979166
62362,0.0010457003
62363,0.00046993603
62364,0.0005542218
62365,0.000611114
62366,0.0007372143
62367,0.0006959915
62368,0.0007607237
62369,0.00084820203
62370,0.0006732049
62371,0.0008274288
62372,0.001140384
62373,0.001224607
62374,0.0012365269
62375,0.0008877023
62376,0.0009797461
62377,0.0007413479
62378,0.0008387131
62379,0.0008487509
62380,0.0011072615
62381,0.0017673209
62382,0.0022532174
62383,0.0020462854
62384,0.0014898237
62385,0.0017378113
62386,0.0019821601
62387,0.0020585232
62388,0.0020478778
62389,0.0036607978
62390,0.0050800713
62391,0.0057121087
62392,0.004711718
62393,0.004223185
62394,0.0033043472
62395,0.0027562818
62396,0.0030849937
62397,0.0026844847
62398,0.0023238615
62399,0.0019917397
62400,0.0016417918
62401,0.0018076353
62402,0.0016520943
62403,0.0011984465
62404,0.0010461456
62405,0.0009053298
62406,0.00078267325
62407,0.0006852029
62408,0.0006224389
62409,0.0007599965
62410,0.00088316627
62411,0.0008434536
62412,0.00075692666
62413,0.00062239217
62414,0.0008907134
62415,0.00093019183
62416,0.0012189853
62417,0.0019854903
62418,0.002883992
62419,0.0036211826
62420,0.0028471139
62421,0.0018528594
62422,0.0010067621
62423,0.001278305
62424,0.0012257947
62425,0.00075113703
62426,0.00055053364
62427,0.0006609892
62428,0.0014749812
62429,0.0015270992
62430,0.0007937137
62431,0.0015400609
62432,0.0017859954
62433,0.0016161716
62434,0.0014083002
62435,0.0010970422
62436,0.0009878519
62437,0.0011746542
62438,0.0017805934
62439,0.0021504203
62440,0.0025213389
62441,0.0020058344
62442,0.0016209905
62443,0.00091654406
62444,0.0006249587
62445,0.0003616526
62446,0.00077365973
62447,0.0008944306
62448,0.000551326
62449,0.0009057798
62450,0.0013309959
62451,0.0010454219
62452,0.0007530332
62453,0.0018953787
62454,0.0019356572
62455,0.0008756205
62456,0.0013116125
62457,0.0015593108
62458,0.0011309789
62459,0.00076621305
62460,0.0015871892
62461,0.0015516583
62462,0.0008834628
62463,0.000767238
62464,0.00059440767
62465,0.0012897964
62466,0.0025463668
62467,0.002374152
62468,0.0013802036
62469,0.0008959911
62470,0.0011035755
62471,0.0008651545
62472,0.0009875572
62473,0.0010676791
62474,0.0014356647
62475,0.000832828
62476,0.00087118865
62477,0.0012345247
62478,0.001253475
62479,0.0011004327
62480,0.0010898557
62481,0.0013291579
62482,0.001705592
62483,0.0019499336
62484,0.0024152908
62485,0.0021095793
62486,0.0009384155
62487,0.00042279513
62488,0.0011415574
62489,0.0014339406
62490,0.0019814258
62491,0.0021503798
62492,0.0025053357
62493,0.0027171143
62494,0.002179925
62495,0.0024233868
62496,0.0027608396
62497,0.0028971515
62498,0.0025108592
62499,0.0014679796
62500,0.0011127937
62501,0.0013657255
62502,0.0020373627
62503,0.0016140091
62504,0.0012902702
62505,0.0013370609
62506,0.0009850491
62507,0.0013693648
62508,0.001485265
62509,0.0011569795
62510,0.001133498
62511,0.0016467125
62512,0.0021215617
62513,0.0023910697
62514,0.0023510298
62515,0.002085701
62516,0.0018109008
62517,0.0012554933
62518,0.00090487965
62519,0.0007706444
62520,0.0007601496
62521,0.00080043223
62522,0.0010281582
62523,0.00068876153
62524,0.0007131342
62525,0.0011880808
62526,0.0008793684
62527,0.00058681896
62528,0.0006935619
62529,0.0006820525
62530,0.0007911428
62531,0.00050157105
62532,0.0005466609
62533,0.0009153684
62534,0.0012841655
62535,0.0012514998
62536,0.0013273831
62537,0.0010772586
62538,0.00040993356
62539,0.00087893807
62540,0.00085001864
62541,0.00085306045
62542,0.0010309567
62543,0.0011072089
62544,0.0014473144
62545,0.0017915437
62546,0.0024596604
62547,0.0019890785
62548,0.0024140493
62549,0.0028599037
62550,0.0028951517
62551,0.0022446762
62552,0.0013962834
62553,0.0018308321
62554,0.0040475647
62555,0.003758807
62556,0.0012001938
62557,0.0011113805
62558,0.0012580175
62559,0.0014192109
62560,0.0017755849
62561,0.0014822443
62562,0.001185604
62563,0.0012254622
62564,0.0019095751
62565,0.0023372113
62566,0.0022161913
62567,0.0019726374
62568,0.0023264776
62569,0.002767599
62570,0.0022812018
62571,0.001771893
62572,0.0014235722
62573,0.0013126772
62574,0.0016297644
62575,0.0020381196
62576,0.0019585711
62577,0.0018927203
62578,0.00196723
62579,0.0019904387
62580,0.0024367168
62581,0.0022667006
62582,0.0021572441
62583,0.0026314445
62584,0.0031789225
62585,0.0026887094
62586,0.002345738
62587,0.0019894587
62588,0.0012266254
62589,0.0016035528
62590,0.0016940349
62591,0.0018734165
62592,0.00202058
62593,0.0016430854
62594,0.0014151448
62595,0.0010211995
62596,0.0012763683
62597,0.0011707827
62598,0.0014548557
62599,0.0025414473
62600,0.003050804
62601,0.0034842368
62602,0.0036529347
62603,0.0025045688
62604,0.0
62605,0.0011490283
62606,0.0015373182
62607,0.001826296
62608,0.0012298243
62609,0.0009188275
62610,0.0008741901
62611,0.000861142
62612,0.00076381635
62613,0.00069175515
62614,0.0011904056
62615,0.0014995206
62616,0.001551527
62617,0.001510466
62618,0.0017954059
62619,0.0021392393
62620,0.002058382
62621,0.0018770327
62622,0.00134247
62623,0.0010953696
62624,0.0008680427
62625,0.00090442924
62626,0.0021381779
62627,0.0026120956
62628,0.0017876243
62629,0.0017973015
62630,0.0018912745
62631,0.0014950888
62632,0.0018149622
62633,0.0028289112
62634,0.0036854397
62635,0.0029613257
62636,0.002824896
62637,0.0035093639
62638,0.0032045909
62639,0.0023810435
62640,0.0021025038
62641,0.0048094
62642,0.004886882
62643,0.0026320748
62644,0.0022515506
62645,0.0009680616
62646,0.0017778617
62647,0.0027485734
62648,0.0029716368
62649,0.0033256724
62650,0.003547209
62651,0.0037240668
62652,0.0036052745
62653,0.004498361
62654,0.0052694655
62655,0.0042508123
62656,0.0036611794
62657,0.0037915097
62658,0.00306185
62659,0.0019029949
62660,0.0011364726
62661,0.0006497987
62662,0.0012884871
62663,0.0016661801
62664,0.00095860544
62665,0.0013538038
62666,0.0015054866
62667,0.0012795794
62668,0.0009397172
62669,0.000860804
62670,0.0009837482
62671,0.0022821839
62672,0.0034877015
62673,0.0034456071
62674,0.0019143852
62675,0.0013587606
62676,0.0010272803
62677,0.0011338574
62678,0.0018505646
62679,0.002236441
62680,0.0020076619
62681,0.0022671758
62682,0.0027351459
62683,0.0030903192
62684,0.002357705
62685,0.0022020685
62686,0.0023108376
62687,0.0015272897
62688,0.0012284036
62689,0.0013804778
62690,0.0012640413
62691,0.0018389373
62692,0.0020325428
62693,0.0017839574
62694,0.0015144108
62695,0.00092268374
62696,0.00055939646
62697,0.000501513
62698,0.0011295112
62699,0.0011505724
62700,0.00092296756
62701,0.0010103117
62702,0.0009311613
62703,0.0005894911
62704,0.00047810195
62705,0.0006978707
62706,0.0010017195
62707,0.001226483
62708,0.0010989242
62709,0.000958909
62710,0.0008437986
62711,0.0009189225
62712,0.00066577125
62713,0.0011227918
62714,0.002594757
62715,0.0027799802
62716,0.0020782785
62717,0.0016670707
62718,0.001840788
62719,0.0020903985
62720,0.002159981
62721,0.0020907186
62722,0.0043893494
62723,0.0065032924
62724,0.0063573048
62725,0.0054535232
62726,0.0049932506
62727,0.0048674583
62728,0.0047396473
62729,0.0047353227
62730,0.0036153751
62731,0.0031888953
62732,0.0024167004
62733,0.0018486292
62734,0.0019104437
62735,0.0018345482
62736,0.0014448591
62737,0.001214081
62738,0.0010237328
62739,0.0008152036
62740,0.00070965674
62741,0.0006943587
62742,0.0007715125
62743,0.0011621248
62744,0.001291082
62745,0.0011695143
62746,0.0009124705
62747,0.0009366461
62748,0.00096039503
62749,0.0012471669
62750,0.001962861
62751,0.0023952776
62752,0.003288862
62753,0.0033975828
62754,0.0028844157
62755,0.0026939758
62756,0.0017650303
62757,0.0010625147
62758,0.0005748434
62759,0.00075804093
62760,0.0008652554
62761,0.0016858199
62762,0.0019309906
62763,0.0012793064
62764,0.0018200384
62765,0.0019582147
62766,0.001572803
62767,0.001304961
62768,0.0009366461
62769,0.0009168298
62770,0.0012707924
62771,0.0016143337
62772,0.0020254427
62773,0.0022596922
62774,0.0022649409
62775,0.001878443
62776,0.0013185395
62777,0.0010287242
62778,0.0008676403
62779,0.0009278423
62780,0.0006395508
62781,0.0007392643
62782,0.0013702358
62783,0.0016781894
62784,0.0013829211
62785,0.0012210369
62786,0.0019067993
62787,0.0019050279
62788,0.0012909243
62789,0.0011061833
62790,0.0012966829
62791,0.001061583
62792,0.0009719022
62793,0.0018025242
62794,0.0018765985
62795,0.0010647858
62796,0.0006938136
62797,0.0009845467
62798,0.0014727893
62799,0.0021216166
62800,0.0021070256
62801,0.0013089026
62802,0.0008732241
62803,0.00078642
62804,0.00051790045
62805,0.00066769193
62806,0.0008148465
62807,0.0012233467
62808,0.000883331
62809,0.0010947849
62810,0.0012641794
62811,0.0011705093
62812,0.0007033127
62813,0.00071149983
62814,0.0007640068
62815,0.00097136304
62816,0.0016450858
62817,0.001827252
62818,0.0014009238
62819,0.0011963806
62820,0.0013553937
62821,0.0016328687
62822,0.0025451665
62823,0.003295713
62824,0.0032899857
62825,0.0031554904
62826,0.0032036735
62827,0.0023935272
62828,0.0019214869
62829,0.0018358803
62830,0.0013362117
62831,0.0010645945
62832,0.0005557426
62833,0.00074471644
62834,0.0016570722
62835,0.0023844147
62836,0.0017154604
62837,0.0012967951
62838,0.0014851474
62839,0.0011864383
62840,0.0013440299
62841,0.0010358009
62842,0.0006857548
62843,0.0008936819
62844,0.001452373
62845,0.0021312656
62846,0.0025721472
62847,0.0022870756
62848,0.0016364118
62849,0.0012567445
62850,0.00078475283
62851,0.0007329383
62852,0.0007605707
62853,0.0007042225
62854,0.0005831373
62855,0.0009875278
62856,0.0010130733
62857,0.0014540753
62858,0.0016608265
62859,0.0012317633
62860,0.00095857505
62861,0.00097823
62862,0.00074643403
62863,0.00119983
62864,0.0013695561
62865,0.0016048047
62866,0.0016167298
62867,0.0020535546
62868,0.0015307539
62869,0.0011102277
62870,0.0008566692
62871,0.0004456507
62872,0.0007899279
62873,0.00097277027
62874,0.0011693649
62875,0.0010689868
62876,0.00089949236
62877,0.0011663246
62878,0.0013229247
62879,0.0023484288
62880,0.002243107
62881,0.002514531
62882,0.0032642041
62883,0.0029666673
62884,0.0015882523
62885,0.00081755646
62886,0.0019855197
62887,0.0038169702
62888,0.0036638097
62889,0.0018803169
62890,0.001762192
62891,0.0015392292
62892,0.001452353
62893,0.0015627227
62894,0.0009963592
62895,0.0007546933
62896,0.0010926295
62897,0.0018659758
62898,0.00230664
62899,0.002239341
62900,0.002231725
62901,0.0024992411
62902,0.0024748067
62903,0.0018858036
62904,0.0014418142
62905,0.0010095047
62906,0.00089338876
62907,0.0010480911
62908,0.001310125
62909,0.0012679494
62910,0.0014606057
62911,0.0013924428
62912,0.0010287242
62913,0.00152248
62914,0.0016958207
62915,0.0014526736
62916,0.0019456302
62917,0.0028588248
62918,0.002966167
62919,0.0028497602
62920,0.002307359
62921,0.0015624061
62922,0.001961897
62923,0.0019852999
62924,0.0020919573
62925,0.0024615647
62926,0.0021393346
62927,0.0018267899
62928,0.0013559733
62929,0.0011866591
62930,0.0011813989
62931,0.001332482
62932,0.0023559516
62933,0.0027428176
62934,0.0035403103
62935,0.0036389814
62936,0.002756303
62937,0.0
62938,0.0012643635
62939,0.001555667
62940,0.0012982531
62941,0.0008731241
62942,0.000947459
62943,0.0008010138
62944,0.0007075621
62945,0.0005666848
62946,0.0005295701
62947,0.00049497077
62948,0.0011984708
62949,0.0017783201
62950,0.0020527467
62951,0.001932693
62952,0.0014287352
62953,0.000783268
62954,0.0008620878
62955,0.0010633088
62956,0.0012610676
62957,0.0010482577
62958,0.0008649526
62959,0.0016349884
62960,0.0018458879
62961,0.0014238585
62962,0.0011550158
62963,0.0011339088
62964,0.00073902804
62965,0.0015772193
62966,0.0022151012
62967,0.003094526
62968,0.0028771923
62969,0.0026876917
62970,0.00363305
62971,0.0037982739
62972,0.0030304354
62973,0.0025427411
62974,0.005026752
62975,0.005894526
62976,0.0046703736
62977,0.0024503425
62978,0.0016420577
62979,0.0027621358
62980,0.0040863655
62981,0.003769392
62982,0.0036027306
62983,0.003022993
62984,0.0026319642
62985,0.002643285
62986,0.0033855434
62987,0.0041849576
62988,0.0037956524
62989,0.003855487
62990,0.0035409515
62991,0.0018488339
62992,0.0011541335
62993,0.0011614484
62994,0.0011753725
62995,0.0017164951
62996,0.0015670004
62997,0.000924165
62998,0.0015348742
62999,0.00189012
63000,0.0013223086
63001,0.0008299575
63002,0.00068897277
63003,0.0010880919
63004,0.002107274
63005,0.0035443609
63006,0.003952807
63007,0.0032781458
63008,0.002022466
63009,0.0019405676
63010,0.0017923882
63011,0.0017947573
63012,0.0019184855
63013,0.0018098558
63014,0.002657407
63015,0.0027799068
63016,0.0030111761
63017,0.003098915
63018,0.0024922208
63019,0.002052208
63020,0.0014111493
63021,0.0010320854
63022,0.0011680202
63023,0.0014831865
63024,0.0017741418
63025,0.0015910352
63026,0.0013992817
63027,0.0015089237
63028,0.0011080498
63029,0.00076236704
63030,0.0010719774
63031,0.0018564372
63032,0.0015306209
63033,0.0012442698
63034,0.0012101432
63035,0.0011259756
63036,0.0011726704
63037,0.0009404293
63038,0.00068634877
63039,0.00060175563
63040,0.0007972991
63041,0.0011043136
63042,0.0011080235
63043,0.0012969298
63044,0.0010365313
63045,0.000907032
63046,0.0015408733
63047,0.0036464515
63048,0.003502723
63049,0.0021056437
63050,0.0019807061
63051,0.0018581923
63052,0.0020406027
63053,0.0019109158
63054,0.0018427634
63055,0.005086049
63056,0.007016463
63057,0.005227388
63058,0.0048048836
63059,0.0041204733
63060,0.0048218677
63061,0.0052125016
63062,0.006007561
63063,0.006008743
63064,0.005611994
63065,0.004226795
63066,0.0031854252
63067,0.0023568657
63068,0.002088323
63069,0.0019442237
63070,0.001805557
63071,0.0014515512
63072,0.001011866
63073,0.0008811868
63074,0.00064363336
63075,0.0004092941
63076,0.0007936404
63077,0.0009739065
63078,0.0009903531
63079,0.0010049682
63080,0.00097118324
63081,0.0009474897
63082,0.0013262645
63083,0.0015942149
63084,0.0019695514
63085,0.0031667687
63086,0.0035695538
63087,0.0034012215
63088,0.0032327212
63089,0.0022083637
63090,0.001369641
63091,0.00083662843
63092,0.0007430341
63093,0.00078259886
63094,0.0013673655
63095,0.0016732742
63096,0.0011205605
63097,0.0016977589
63098,0.0021572981
63099,0.0022018703
63100,0.0018351509
63101,0.0011142835
63102,0.001256235
63103,0.0016256699
63104,0.001916725
63105,0.0020817905
63106,0.0019348151
63107,0.0020436384
63108,0.0017713016
63109,0.0014177542
63110,0.0011346271
63111,0.0009245114
63112,0.0007903331
63113,0.00058408483
63114,0.00096764066
63115,0.0018171577
63116,0.0018107721
63117,0.001120924
63118,0.0011799445
63119,0.0015264319
63120,0.0015993183
63121,0.0011920182
63122,0.00087638467
63123,0.0013161534
63124,0.0010978378
63125,0.0009273403
63126,0.0015481092
63127,0.0018536289
63128,0.0012247734
63129,0.0006068127
63130,0.0011942866
63131,0.0015926624
63132,0.0017511247
63133,0.0014800435
63134,0.0009282186
63135,0.0007629013
63136,0.0007380429
63137,0.000579834
63138,0.0006965349
63139,0.00082057674
63140,0.0010954493
63141,0.00066072494
63142,0.0009683923
63143,0.001067979
63144,0.0008439366
63145,0.0008393374
63146,0.00107993
63147,0.0012424674
63148,0.0013535243
63149,0.0020612078
63150,0.0020673126
63151,0.0018361815
63152,0.0027781788
63153,0.0033994839
63154,0.004367107
63155,0.004587525
63156,0.004218055
63157,0.0037090473
63158,0.0032084575
63159,0.002938149
63160,0.0017227402
63161,0.0010575728
63162,0.00093987206
63163,0.00084638153
63164,0.0008351313
63165,0.00097166264
63166,0.00078586466
63167,0.0016735003
63168,0.002587276
63169,0.0018103542
63170,0.0010097929
63171,0.0012537536
63172,0.001414795
63173,0.0014206457
63174,0.0011363957
63175,0.001067979
63176,0.0008264786
63177,0.0010944924
63178,0.0016999346
63179,0.0024141578
63180,0.0023623174
63181,0.0017240575
63182,0.0009951023
63183,0.0006586072
63184,0.0007334146
63185,0.000720887
63186,0.000688677
63187,0.00071419444
63188,0.0009974102
63189,0.0012479833
63190,0.001460526
63191,0.0012864074
63192,0.00073285884
63193,0.00094684446
63194,0.0012049855
63195,0.00094175903
63196,0.0013783046
63197,0.0018343101
63198,0.002030193
63199,0.0026130648
63200,0.003373478
63201,0.00338243
63202,0.002547521
63203,0.0008968028
63204,0.00073961855
63205,0.0010453663
63206,0.0012321649
63207,0.0011685184
63208,0.0007494691
63209,0.00065599487
63210,0.0010788514
63211,0.00143459
63212,0.0022523517
63213,0.0021705057
63214,0.0024053291
63215,0.0032393406
63216,0.0026780479
63217,0.0014260031
63218,0.0014412489
63219,0.0024441227
63220,0.0034270592
63221,0.0033989616
63222,0.002672565
63223,0.0023413543
63224,0.0012983875
63225,0.0012534285
63226,0.0015274993
63227,0.00096595485
63228,0.0006572359
63229,0.0008382618
63230,0.0014401985
63231,0.0018862357
63232,0.0017754537
63233,0.001618367
63234,0.0020557926
63235,0.0018526395
63236,0.0016792989
63237,0.0010812228
63238,0.00097265054
63239,0.000636586
63240,0.00063042995
63241,0.0011633263
63242,0.0011428568
63243,0.0015073993
63244,0.001468812
63245,0.001166599
63246,0.0014419152
63247,0.0015370343
63248,0.0013194663
63249,0.0014769925
63250,0.0020939596
63251,0.0022524293
63252,0.0025742848
63253,0.0022549347
63254,0.001970172
63255,0.0017487132
63256,0.0018598518
63257,0.0019390823
63258,0.0023127387
63259,0.0021028914
63260,0.0019985372
63261,0.001935537
63262,0.0016975017
63263,0.0015346846
63264,0.0013291579
63265,0.0011778214
63266,0.0016673326
63267,0.002792254
63268,0.002984059
63269,0.0022132345
63270,0.0
63271,0.0011328302
63272,0.001049229
63273,0.0007210888
63274,0.0006598434
63275,0.0011937747
63276,0.0009689331
63277,0.0008073471
63278,0.0010375415
63279,0.0009637227
63280,0.0007921355
63281,0.001122403
63282,0.0016544708
63283,0.001686821
63284,0.0016356468
63285,0.0013381706
63286,0.0015921324
63287,0.0015381699
63288,0.0013759799
63289,0.0016045508
63290,0.0014044718
63291,0.0009723214
63292,0.00086670055
63293,0.0012802843
63294,0.0010786356
63295,0.0008426596
63296,0.0008955362
63297,0.0011668984
63298,0.002097015
63299,0.0026672564
63300,0.0029960312
63301,0.0026216048
63302,0.0019488586
63303,0.0027900331
63304,0.003957634
63305,0.003827014
63306,0.0032476138
63307,0.0048879953
63308,0.0065845386
63309,0.006693371
63310,0.0052862843
63311,0.004456167
63312,0.004604022
63313,0.0047598314
63314,0.004085774
63315,0.0033415703
63316,0.0031816221
63317,0.0020780824
63318,0.0021236048
63319,0.0025519955
63320,0.0034047365
63321,0.0038898767
63322,0.004328194
63323,0.0033456092
63324,0.0015507765
63325,0.00089055
63326,0.0008816821
63327,0.0011484963
63328,0.0013616706
63329,0.001250546
63330,0.0007191893
63331,0.001668397
63332,0.0021192282
63333,0.0013444197
63334,0.000730751
63335,0.00095848396
63336,0.0010421037
63337,0.0010421876
63338,0.0024774866
63339,0.0037268635
63340,0.0037700483
63341,0.0030757438
63342,0.0024180487
63343,0.0026040052
63344,0.0023860254
63345,0.0022036142
63346,0.0016140813
63347,0.0024747362
63348,0.0031453932
63349,0.0032854355
63350,0.0032363385
63351,0.0025392936
63352,0.0016967643
63353,0.0009121515
63354,0.0007361081
63355,0.0008461064
63356,0.0011668734
63357,0.0010897489
63358,0.0007700021
63359,0.0010138773
63360,0.0013513508
63361,0.0013925682
63362,0.0014005499
63363,0.0018293214
63364,0.0021605606
63365,0.001535784
63366,0.0013491522
63367,0.0013418628
63368,0.0012405921
63369,0.0011411493
63370,0.0010917501
63371,0.0008879973
63372,0.0008706874
63373,0.00097477273
63374,0.0009498826
63375,0.0010533815
63376,0.0014366983
63377,0.001090363
63378,0.0013081019
63379,0.0019969493
63380,0.0040285657
63381,0.0037994692
63382,0.0018304029
63383,0.0019076843
63384,0.0018665997
63385,0.0019978674
63386,0.0019269622
63387,0.0017977548
63388,0.0053241807
63389,0.0075651864
63390,0.005947983
63391,0.0050908932
63392,0.0047602896
63393,0.0040890994
63394,0.004245544
63395,0.005029802
63396,0.0056854705
63397,0.00599265
63398,0.0054336074
63399,0.004775995
63400,0.003589936
63401,0.0024403927
63402,0.0025013597
63403,0.002060996
63404,0.0013972835
63405,0.001047869
63406,0.0010647038
63407,0.0009871151
63408,0.00092803047
63409,0.0008978731
63410,0.00064602547
63411,0.0008039876
63412,0.0012117774
63413,0.0013112575
63414,0.0011785377
63415,0.001500355
63416,0.0016758117
63417,0.0014815372
63418,0.0028529142
63419,0.0030358376
63420,0.0029913161
63421,0.0029336386
63422,0.0022414844
63423,0.0012438955
63424,0.00089933054
63425,0.0007088771
63426,0.00086438045
63427,0.0011198589
63428,0.0012429125
63429,0.0010325365
63430,0.0014573941
63431,0.0016660404
63432,0.0023674
63433,0.0024256436
63434,0.0013234526
63435,0.0013607726
63436,0.0012203692
63437,0.0023087964
63438,0.0021594556
63439,0.0013655551
63440,0.0015461717
63441,0.0016622803
63442,0.0014758294
63443,0.00085544534
63444,0.00096547266
63445,0.0010195738
63446,0.0011643016
63447,0.0013314768
63448,0.0016572829
63449,0.0012793519
63450,0.0009304421
63451,0.0011221695
63452,0.0012732863
63453,0.0013774596
63454,0.0010088414
63455,0.0006623527
63456,0.0012159254
63457,0.0010520822
63458,0.00096794136
63459,0.0019159657
63460,0.002041216
63461,0.0013866831
63462,0.0005986037
63463,0.0014601871
63464,0.0017142894
63465,0.0017736005
63466,0.0016396454
63467,0.0012186032
63468,0.0008831004
63469,0.0007425639
63470,0.00076232885
63471,0.0006609892
63472,0.000769624
63473,0.000796386
63474,0.0003208884
63475,0.0008319539
63476,0.00090716034
63477,0.0008551731
63478,0.0011516595
63479,0.0011737123
63480,0.0011641266
63481,0.0012426549
63482,0.0022422115
63483,0.002684517
63484,0.0029990994
63485,0.0032273422
63486,0.004033699
63487,0.005474456
63488,0.0057587223
63489,0.005008522
63490,0.0034282564
63491,0.0026583048
63492,0.0019423215
63493,0.0011863157
63494,0.00072591595
63495,0.0010111467
63496,0.0012025194
63497,0.0013939053
63498,0.0013779878
63499,0.0011802898
63500,0.0021012577
63501,0.002318633
63502,0.0017251543
63503,0.0008451427
63504,0.0010373732
63505,0.0013045595
63506,0.0011953827
63507,0.001280216
63508,0.0013637423
63509,0.00084868225
63510,0.00069372973
63511,0.0007418581
63512,0.0019069976
63513,0.0028280984
63514,0.002356705
63515,0.0009462295
63516,0.0007447946
63517,0.0011828515
63518,0.0013750489
63519,0.0013599596
63520,0.0011353196
63521,0.00097061374
63522,0.0009472747
63523,0.0009524528
63524,0.00090619735
63525,0.000851558
63526,0.00096033444
63527,0.0011654758
63528,0.001220727
63529,0.0014791781
63530,0.0016523233
63531,0.0016017004
63532,0.0024367168
63533,0.003237633
63534,0.0036012197
63535,0.0029604903
63536,0.001382416
63537,0.0011983736
63538,0.0009550161
63539,0.0008457623
63540,0.000937112
63541,0.0010048813
63542,0.00090981927
63543,0.0013065658
63544,0.0016757423
63545,0.0018962384
63546,0.0018860506
63547,0.0026836605
63548,0.0033121766
63549,0.002513431
63550,0.0010657693
63551,0.001220727
63552,0.002650136
63553,0.0029572935
63554,0.0024916136
63555,0.0030049745
63556,0.0023655184
63557,0.00077527564
63558,0.0011948469
63559,0.001472315
63560,0.0013450906
63561,0.0012278348
63562,0.0007882313
63563,0.0008251747
63564,0.0013984911
63565,0.0011588394
63566,0.0013465828
63567,0.0016067077
63568,0.001294279
63569,0.0009877341
63570,0.0005894911
63571,0.00083247846
63572,0.0007591535
63573,0.0010819493
63574,0.0014571943
63575,0.0015516583
63576,0.0014704557
63577,0.0015008592
63578,0.0015561347
63579,0.0017306118
63580,0.0018530793
63581,0.0020120784
63582,0.0017179357
63583,0.0016525346
63584,0.0015493683
63585,0.0019372053
63586,0.0018351985
63587,0.0015969145
63588,0.0014046583
63589,0.0013236725
63590,0.0014432064
63591,0.0016635054
63592,0.0016628755
63593,0.0014532545
63594,0.0017621259
63595,0.0017979328
63596,0.0017085926
63597,0.0014428635
63598,0.0020225667
63599,0.00219143
63600,0.002034103
63601,0.002108434
63602,0.0018787839
63603,0.0
63604,0.0006497987
63605,0.0007846787
63606,0.0006866455
63607,0.0006935619
63608,0.0011605711
63609,0.0012142487
63610,0.00067030214
63611,0.00072831754
63612,0.0012431466
63613,0.0015360115
63614,0.0017726484
63615,0.0017932161
63616,0.0015538326
63617,0.002016745
63618,0.0020273242
63619,0.0020603887
63620,0.0017094611
63621,0.0009827123
63622,0.001129537
63623,0.0014806726
63624,0.00088727596
63625,0.00078627194
63626,0.000684608
63627,0.000648992
63628,0.0009197772
63629,0.0011382381
63630,0.0010225666
63631,0.0017012352
63632,0.002211314
63633,0.0027584455
63634,0.0027396858
63635,0.002256212
63636,0.002423543
63637,0.0036902064
63638,0.004049951
63639,0.0038793653
63640,0.003853758
63641,0.0054212417
63642,0.006867345
63643,0.0067159086
63644,0.006047319
63645,0.004751784
63646,0.003836296
63647,0.0030816805
63648,0.0026231697
63649,0.0025053474
63650,0.0019441637
63651,0.002032013
63652,0.002547818
63653,0.002786129
63654,0.0035571966
63655,0.004018432
63656,0.0030300224
63657,0.001787901
63658,0.00085176306
63659,0.0012065062
63660,0.0011444092
63661,0.0009285635
63662,0.000685967
63663,0.0006684325
63664,0.0014431459
63665,0.0019881418
63666,0.0015245432
63667,0.001110909
63668,0.0011566525
63669,0.0008744897
63670,0.0007368194
63671,0.0009530027
63672,0.0026448593
63673,0.0034197308
63674,0.0033035895
63675,0.002527173
63676,0.0020734977
63677,0.0017073146
63678,0.0013800139
63679,0.0010508919
63680,0.0021576758
63681,0.0035771856
63682,0.0033849673
63683,0.003101431
63684,0.0029439183
63685,0.0018828072
63686,0.0009752802
63687,0.0010294595
63688,0.001289616
63689,0.0015248104
63690,0.001034592
63691,0.00060421723
63692,0.0009319423
63693,0.0012583645
63694,0.001710176
63695,0.0017806261
63696,0.0019288491
63697,0.0014174462
63698,0.001041573
63699,0.0014156383
63700,0.0012001938
63701,0.0013048719
63702,0.0014786074
63703,0.0014997729
63704,0.0011385705
63705,0.0010798222
63706,0.0011728194
63707,0.00083791453
63708,0.0010445864
63709,0.0018675193
63710,0.001717207
63711,0.0017219968
63712,0.0018919822
63713,0.0033930913
63714,0.003262001
63715,0.0016610367
63716,0.0022009844
63717,0.0022791978
63718,0.0018930279
63719,0.0021025732
63720,0.003714301
63721,0.005834462
63722,0.0070298193
63723,0.006487776
63724,0.005124347
63725,0.0038376234
63726,0.003044291
63727,0.0030843804
63728,0.0030136977
63729,0.0037434213
63730,0.0044773887
63731,0.0047013415
63732,0.0047028335
63733,0.004156683
63734,0.0031568366
63735,0.0023775818
63736,0.0021121989
63737,0.0015155443
63738,0.0011497374
63739,0.0011228177
63740,0.0010097065
63741,0.00091304444
63742,0.0007534969
63743,0.000773923
63744,0.0012007998
63745,0.0015798558
63746,0.0014241855
63747,0.0009448444
63748,0.0010528011
63749,0.0011064464
63750,0.0012855473
63751,0.0019825567
63752,0.0024130968
63753,0.0025668575
63754,0.002857267
63755,0.0026331581
63756,0.0017051825
63757,0.001161248
63758,0.0006109711
63759,0.0008147036
63760,0.0006760091
63761,0.00083742815
63762,0.0009630581
63763,0.0013705544
63764,0.0015517708
63765,0.0024832594
63766,0.0028089127
63767,0.0019322411
63768,0.0009871151
63769,0.0008749555
63770,0.0023586184
63771,0.00224798
63772,0.0013207229
63773,0.0013943019
63774,0.0017150363
63775,0.0015205289
63776,0.0011766842
63777,0.0017023811
63778,0.001966801
63779,0.0018144972
63780,0.0014639494
63781,0.00119236
63782,0.0009279364
63783,0.0007715502
63784,0.0008849769
63785,0.001019174
63786,0.0010855478
63787,0.0007799167
63788,0.0006401876
63789,0.0011473047
63790,0.0014396933
63791,0.0019834812
63792,0.0024399038
63793,0.0019970806
63794,0.0012757524
63795,0.0007686781
63796,0.0017251543
63797,0.0020571796
63798,0.0019089654
63799,0.0014710692
63800,0.0009670991
63801,0.00095162744
63802,0.00091895415
63803,0.0009124705
63804,0.0006510963
63805,0.0005366128
63806,0.0008451427
63807,0.000888849
63808,0.00105716
63809,0.001149003
63810,0.0012544962
63811,0.0012853888
63812,0.00087648426
63813,0.00039921494
63814,0.00095659954
63815,0.0018072488
63816,0.0021312383
63817,0.0027437196
63818,0.0029071898
63819,0.003759132
63820,0.0049441713
63821,0.0048584267
63822,0.004384679
63823,0.0037583346
63824,0.002748891
63825,0.0013668971
63826,0.00085466244
63827,0.0009774561
63828,0.0013255181
63829,0.0014290815
63830,0.0017930213
63831,0.0018128925
63832,0.0033693
63833,0.0042019477
63834,0.0038178316
63835,0.0026401344
63836,0.0016875628
63837,0.0015335083
63838,0.0013276023
63839,0.0012186749
63840,0.001408321
63841,0.0015008786
63842,0.0008239746
63843,0.00062714366
63844,0.00086438045
63845,0.0017393513
63846,0.0028387294
63847,0.0025601706
63848,0.00089289993
63849,0.0010507812
63850,0.0014212602
63851,0.0013522765
63852,0.0013828159
63853,0.0014628755
63854,0.001458033
63855,0.0010977052
63856,0.0009264297
63857,0.0008332822
63858,0.00076932146
63859,0.000831604
63860,0.0011863157
63861,0.0014722162
63862,0.0016105975
63863,0.0010985533
63864,0.0008343642
63865,0.0010049972
63866,0.0014870862
63867,0.0027221546
63868,0.002859914
63869,0.0022144178
63870,0.00223398
63871,0.0020976258
63872,0.0017515734
63873,0.0013084356
63874,0.0019626534
63875,0.0021074398
63876,0.002219931
63877,0.0018949027
63878,0.0018100808
63879,0.0018827763
63880,0.0031080772
63881,0.0034916713
63882,0.00239597
63883,0.0012825328
63884,0.0013511785
63885,0.0031497483
63886,0.0033790898
63887,0.002130323
63888,0.002806736
63889,0.0023620217
63890,0.000690028
63891,0.0007507107
63892,0.0013265716
63893,0.0015585081
63894,0.0014782727
63895,0.0011451464
63896,0.000809615
63897,0.0009905881
63898,0.00076716207
63899,0.001056003
63900,0.0010258345
63901,0.0008713557
63902,0.0009412026
63903,0.00094070775
63904,0.0008014133
63905,0.0006847355
63906,0.000903721
63907,0.0012138652
63908,0.0011176477
63909,0.0009607283
63910,0.001255725
63911,0.0014094157
63912,0.001600919
63913,0.0019581998
63914,0.0019188648
63915,0.0013687058
63916,0.0010461734
63917,0.0011987379
63918,0.0014371034
63919,0.0011398223
63920,0.00095766375
63921,0.0007567344
63922,0.00059597247
63923,0.0010402029
63924,0.0012793064
63925,0.0011412768
63926,0.0010122686
63927,0.0010629256
63928,0.0010552035
63929,0.0010719774
63930,0.0014307912
63931,0.0023995144
63932,0.0022891108
63933,0.0016475783
63934,0.0016873212
63935,0.0015108899
63936,0.0
63937,0.0007984299
63938,0.0006611213
63939,0.00058188825
63940,0.00068392744
63941,0.0011823839
63942,0.0011416338
63943,0.001100565
63944,0.0016022637
63945,0.0019498888
63946,0.0020531437
63947,0.0018472433
63948,0.0015194375
63949,0.0012175759
63950,0.0016542772
63951,0.001956594
63952,0.0023014357
63953,0.0020436526
63954,0.0013381706
63955,0.00093144254
63956,0.0016371231
63957,0.001610977
63958,0.0015394561
63959,0.0010780148
63960,0.0009460449
63961,0.0012881934
63962,0.0013712974
63963,0.0008091116
63964,0.0011550409
63965,0.0019335662
63966,0.0028431858
63967,0.0030114758
63968,0.00226372
63969,0.0020781665
63970,0.0029524772
63971,0.0036940768
63972,0.0043461374
63973,0.0046705417
63974,0.005256775
63975,0.0060531255
63976,0.0063122027
63977,0.0055838255
63978,0.0042016287
63979,0.0030015341
63980,0.003051367
63981,0.0025411267
63982,0.0020041796
63983,0.0015369207
63984,0.0014961786
63985,0.0022816227
63986,0.0029395851
63987,0.003316576
63988,0.003360876
63989,0.002655698
63990,0.0016833667
63991,0.0009883232
63992,0.0011718512
63993,0.00093844655
63994,0.0006766546
63995,0.0003928953
63996,0.00045770008
63997,0.0011555448
63998,0.001572766
63999,0.0013553078
64000,0.0015905595
64001,0.0019414374
64002,0.0016030082
64003,0.0010997978
64004,0.0008793353
64005,0.0009892357
64006,0.0019632909
64007,0.0021479016
64008,0.0017868915
64009,0.00089123606
64010,0.0009907937
64011,0.0012462097
64012,0.001270655
64013,0.0022314773
64014,0.0040704445
64015,0.0036830462
64016,0.0027576224
64017,0.0030448262
64018,0.0022343968
64019,0.0011973532
64020,0.0012408267
64021,0.0016458463
64022,0.0021106275
64023,0.0017501272
64024,0.0010406505
64025,0.0006611213
64026,0.00041669348
64027,0.00085070316
64028,0.0010285544
64029,0.0011722733
64030,0.0010168297
64031,0.0014016093
64032,0.0018418155
64033,0.0018422263
64034,0.002009531
64035,0.0018396336
64036,0.0014160288
64037,0.0010429692
64038,0.0012250347
64039,0.00147648
64040,0.0008863242
64041,0.0011515837
64042,0.00223136
64043,0.0021778012
64044,0.0014397539
64045,0.0013803934
64046,0.002487943
64047,0.0032604216
64048,0.002759764
64049,0.0030438893
64050,0.0030032306
64051,0.0020300928
64052,0.0024864571
64053,0.0045064217
64054,0.006514663
64055,0.0077010226
64056,0.007002147
64057,0.004479988
64058,0.002141347
64059,0.0025959457
64060,0.0032304158
64061,0.003556812
64062,0.0038041235
64063,0.0042714938
64064,0.0042097047
64065,0.004593846
64066,0.004249518
64067,0.003329704
64068,0.0030305411
64069,0.0027388358
64070,0.0017634633
64071,0.0012060478
64072,0.0012931768
64073,0.0011657255
64074,0.00077177654
64075,0.00048318828
64076,0.0007453415
64077,0.0012535214
64078,0.0012849359
64079,0.000735119
64080,0.0006401876
64081,0.0009139365
64082,0.0010529946
64083,0.0015877208
64084,0.0019131686
64085,0.0024599798
64086,0.0028029175
64087,0.0037913332
64088,0.003439791
64089,0.001761399
64090,0.0012570918
64091,0.00077853474
64092,0.0010568295
64093,0.001041042
64094,0.0007846787
64095,0.00058537896
64096,0.0011828515
64097,0.0013693222
64098,0.002204367
64099,0.002633103
64100,0.0021611934
64101,0.0011512298
64102,0.001525421
64103,0.0023507327
64104,0.0020615465
64105,0.0010864055
64106,0.0008679421
64107,0.0013853603
64108,0.0017759126
64109,0.00212455
64110,0.002323586
64111,0.0019700096
64112,0.001534969
64113,0.0010405947
64114,0.0005601763
64115,0.00042594987
64116,0.00050336664
64117,0.00069849595
64118,0.0009746533
64119,0.0010699121
64120,0.000831394
64121,0.0006520343
64122,0.0008373934
64123,0.0014903705
64124,0.0022684333
64125,0.0023010182
64126,0.0016202183
64127,0.0009667981
64128,0.0008467253
64129,0.0015655882
64130,0.0021035417
64131,0.0021001354
64132,0.0014534147
64133,0.0007699643
64134,0.0010272803
64135,0.0013288076
64136,0.0015894612
64137,0.0018404719
64138,0.0015075537
64139,0.0013942184
64140,0.0017372753
64141,0.0019769704
64142,0.001917393
64143,0.0016853538
64144,0.0013051617
64145,0.0008502925
64146,0.0007911428
64147,0.00093409466
64148,0.0017548768
64149,0.0024110938
64150,0.0028042255
64151,0.0032638118
64152,0.0044046654
64153,0.0049103317
64154,0.0037931444
64155,0.002880791
64156,0.0030179438
64157,0.0024138445
64158,0.0015172524
64159,0.0007233052
64160,0.0012361503
64161,0.001606128
64162,0.0011473047
64163,0.0017708744
64164,0.0014966453
64165,0.004107882
64166,0.0047349166
64167,0.0039520925
64168,0.003166061
64169,0.0025179198
64170,0.0018124108
64171,0.0015282803
64172,0.001777387
64173,0.0018934583
64174,0.0015065687
64175,0.0009167345
64176,0.0009696537
64177,0.0015833705
64178,0.0021433167
64179,0.0026113156
64180,0.002232755
64181,0.0007209273
64182,0.000967761
64183,0.0010747161
64184,0.0006941072
64185,0.00089774345
64186,0.0012899318
64187,0.0012169542
64188,0.0008679421
64189,0.00080308213
64190,0.0009097553
64191,0.0009833339
64192,0.0010566643
64193,0.0012738119
64194,0.0019534975
64195,0.0018989991
64196,0.0010398112
64197,0.001295313
64198,0.0015682257
64199,0.0015980987
64200,0.0017642222
64201,0.002035805
64202,0.0022748138
64203,0.002504011
64204,0.0025999898
64205,0.002532097
64206,0.002277026
64207,0.0028283247
64208,0.002988172
64209,0.0027050588
64210,0.0022235857
64211,0.0015354808
64212,0.0024651564
64213,0.0036511177
64214,0.003226828
64215,0.0016591258
64216,0.0011789575
64217,0.0014380954
64218,0.0033432944
64219,0.0037953611
64220,0.0020790205
64221,0.0022009183
64222,0.0017640243
64223,0.00064023305
64224,0.0010721132
64225,0.0014457854
64226,0.0019361684
64227,0.0018570955
64228,0.0013421014
64229,0.0007622143
64230,0.0006485434
64231,0.00077264337
64232,0.0012339824
64233,0.001697536
64234,0.0021611261
64235,0.002239055
64236,0.00197672
64237,0.0014118297
64238,0.0011382126
64239,0.0011630261
64240,0.001211201
64241,0.0009446904
64242,0.00077999133
64243,0.0013430119
64244,0.0017159354
64245,0.0019926745
64246,0.002211314
64247,0.0014890812
64248,0.00096248375
64249,0.000947981
64250,0.0009843102
64251,0.0013667693
64252,0.0009124705
64253,0.00087462284
64254,0.0007105584
64255,0.0005587718
64256,0.0010688506
64257,0.0012259609
64258,0.0011339088
64259,0.0009614248
64260,0.00077917
64261,0.0006913343
64262,0.00070061773
64263,0.0015507014
64264,0.0024241793
64265,0.0021256458
64266,0.0016348104
64267,0.0014282055
64268,0.0012039948
64269,0.0
64270,0.00079268636
64271,0.00084868225
64272,0.000787862
64273,0.00090030086
64274,0.0011541587
64275,0.0011222992
64276,0.0014478171
64277,0.0016789349
64278,0.0014977922
64279,0.0013362553
64280,0.0008975489
64281,0.0008114463
64282,0.00091689324
64283,0.0015038231
64284,0.0022364538
64285,0.0022632827
64286,0.00186276
64287,0.0013753452
64288,0.00074974087
64289,0.001250802
64290,0.0013541477
64291,0.0013586321
64292,0.0010476467
64293,0.0009199671
64294,0.0011669731
64295,0.0010884663
64296,0.00053203746
64297,0.00063895894
64298,0.0013130098
64299,0.0024841148
64300,0.0032853559
64301,0.0031003517
64302,0.0024871826
64303,0.0025669937
64304,0.0034041123
64305,0.004533716
64306,0.0051526777
64307,0.0058985236
64308,0.005765642
64309,0.005901434
64310,0.0054983487
64311,0.0053076902
64312,0.00426277
64313,0.0032666016
64314,0.00250286
64315,0.00192989
64316,0.0016402134
64317,0.0016440947
64318,0.0021775875
64319,0.0028265028
64320,0.0028121849
64321,0.002249766
64322,0.0020917903
64323,0.0014613826
64324,0.0010306463
64325,0.0009822679
64326,0.0008410002
64327,0.0006978707
64328,0.00028362474
64329,0.0006115425
64330,0.0010104557
64331,0.0009971475
64332,0.0011035491
64333,0.0017633642
64334,0.00220723
64335,0.0021607492
64336,0.0015001803
64337,0.0010365313
64338,0.0009168298
64339,0.0014344276
64340,0.0017725007
64341,0.0016288176
64342,0.0012050096
64343,0.001528604
64344,0.0015939227
64345,0.0014371844
64346,0.0025128403
64347,0.004127545
64348,0.0036743358
64349,0.0025365988
64350,0.0030590734
64351,0.002589244
64352,0.0014825584
64353,0.0012210608
64354,0.001194311
64355,0.0018811835
64356,0.0018924897
64357,0.001298522
64358,0.00081431057
64359,0.0005792816
64360,0.00065426226
64361,0.0005833868
64362,0.0006377736
64363,0.0010573526
64364,0.0013081686
64365,0.0016600202
64366,0.001805267
64367,0.0018223237
64368,0.0013996352
64369,0.00088727596
64370,0.001080415
64371,0.0011936041
64372,0.0013756625
64373,0.00092164223
64374,0.0010012545
64375,0.0021634279
64376,0.0022346182
64377,0.0014744484
64378,0.0012893225
64379,0.0017776162
64380,0.00305677
64381,0.0032065974
64382,0.0040483843
64383,0.0038699987
64384,0.0022609797
64385,0.0024530846
64386,0.0044576367
64387,0.0066954186
64388,0.007037375
64389,0.0061430037
64390,0.0039126226
64391,0.0023003605
64392,0.0025050568
64393,0.0028669576
64394,0.002785826
64395,0.0028692915
64396,0.0036689376
64397,0.004328382
64398,0.0048164204
64399,0.004518431
64400,0.0035670744
64401,0.0032550793
64402,0.0028175924
64403,0.0018442
64404,0.0012931768
64405,0.0017802011
64406,0.0019399526
64407,0.0015259933
64408,0.00081477506
64409,0.0009366461
64410,0.001427798
64411,0.0013602806
64412,0.00083380594
64413,0.0006798728
64414,0.00071149983
64415,0.0013126994
64416,0.0016964726
64417,0.001483677
64418,0.0021975306
64419,0.0030300033
64420,0.004634705
64421,0.0040182145
64422,0.0019374005
64423,0.0016915763
64424,0.0010728459
64425,0.0005997694
64426,0.00087638467
64427,0.0009127575
64428,0.0006020941
64429,0.00075090455
64430,0.00082932605
64431,0.0013402351
64432,0.0024191558
64433,0.0032610463
64434,0.002550056
64435,0.0018934737
64436,0.0021526117
64437,0.0017566173
64438,0.0011144924
64439,0.00072903646
64440,0.0011004327
64441,0.0015320652
64442,0.0018277456
64443,0.001656633
64444,0.0013014772
64445,0.001284075
64446,0.0011046826
64447,0.0013065212
64448,0.0012001938
64449,0.00093384535
64450,0.0006567043
64451,0.000863336
64452,0.0008119841
64453,0.0006899858
64454,0.00063818414
64455,0.00039533223
64456,0.0012741317
64457,0.0021048558
64458,0.0017875754
64459,0.0012132417
64460,0.0013585679
64461,0.0011137348
64462,0.0014403602
64463,0.0018346751
64464,0.0018548218
64465,0.0012607906
64466,0.00077204045
64467,0.0013593389
64468,0.0017207963
64469,0.00196652
64470,0.002458986
64471,0.0026955525
64472,0.002674579
64473,0.002984576
64474,0.00317971
64475,0.0030796682
64476,0.0025272304
64477,0.0018062823
64478,0.0014168507
64479,0.0021144988
64480,0.0035393485
64481,0.0040969993
64482,0.0043049934
64483,0.0046211085
64484,0.004718076
64485,0.0045574764
64486,0.0040051416
64487,0.00265825
64488,0.0014715637
64489,0.0020368483
64490,0.0021001631
64491,0.0016741784
64492,0.0012728062
64493,0.0015118911
64494,0.0019109311
64495,0.0011870024
64496,0.0013008062
64497,0.0014631341
64498,0.004587893
64499,0.004632186
64500,0.0025097926
64501,0.0031138961
64502,0.003027255
64503,0.0023337344
64504,0.0016293179
64505,0.0018902431
64506,0.0020676362
64507,0.0018545864
64508,0.0014217516
64509,0.0014509696
64510,0.0018902278
64511,0.0020495967
64512,0.001990161
64513,0.0017428951
64514,0.0011537804
64515,0.0014278591
64516,0.0016818274
64517,0.0012042848
64518,0.0007574264
64519,0.0011527204
64520,0.0012304868
64521,0.0008019216
64522,0.0009608192
64523,0.0008234446
64524,0.0008296769
64525,0.0009603647
64526,0.0011950175
64527,0.0022138788
64528,0.0024923843
64529,0.0020111233
64530,0.0016608265
64531,0.0014213625
64532,0.0010766101
64533,0.00077883375
64534,0.0011705342
64535,0.0014815569
64536,0.0015931922
64537,0.0021217125
64538,0.0027849276
64539,0.0032195142
64540,0.0030513573
64541,0.0024969226
64542,0.0017504764
64543,0.0017873149
64544,0.0018477316
64545,0.0030012238
64546,0.0033415703
64547,0.0025554143
64548,0.0012472601
64549,0.0015179045
64550,0.0019128644
64551,0.0028575214
64552,0.003333251
64553,0.0023847565
64554,0.0017790073
64555,0.0012979616
64556,0.0010790132
64557,0.0014969953
64558,0.0017162408
64559,0.0019306439
64560,0.0018580983
64561,0.002026319
64562,0.0025657462
64563,0.0028384116
64564,0.0030156479
64565,0.0028845165
64566,0.0029870225
64567,0.0029129405
64568,0.002797544
64569,0.0025664382
64570,0.002291157
64571,0.0017792364
64572,0.0014041817
64573,0.0013055854
64574,0.001000062
64575,0.0007921355
64576,0.0013119454
64577,0.0015587695
64578,0.0019271132
64579,0.002397937
64580,0.0014933164
64581,0.000831779
64582,0.00096203
64583,0.0011630511
64584,0.001565737
64585,0.0012694863
64586,0.0014746457
64587,0.0011523165
64588,0.0009895298
64589,0.0012138652
64590,0.0013686632
64591,0.0011268283
64592,0.00078952254
64593,0.00079452
64594,0.0011435696
64595,0.0014466507
64596,0.0018584428
64597,0.0019260255
64598,0.0015400609
64599,0.0016128006
64600,0.0014192109
64601,0.001099586
64602,0.0
64603,0.00097277027
64604,0.0011908701
64605,0.0009153366
64606,0.001067052
64607,0.0010768262
64608,0.00077688816
64609,0.0010012835
64610,0.0009275913
64611,0.00080065033
64612,0.0011311333
64613,0.0011645015
64614,0.00091231096
64615,0.0008796662
64616,0.001204454
64617,0.001941977
64618,0.0021148704
64619,0.001773108
64620,0.0013807729
64621,0.0008518314
64622,0.0008076715
64623,0.0005328574
64624,0.000481015
64625,0.0003708702
64626,0.0006711266
64627,0.00080925546
64628,0.0007324219
64629,0.0005659653
64630,0.00058756245
64631,0.00090619735
64632,0.002014218
64633,0.0029853755
64634,0.0032172352
64635,0.002685406
64636,0.0025826262
64637,0.0030952313
64638,0.0034577237
64639,0.0039862837
64640,0.0042527975
64641,0.0046663587
64642,0.0051020687
64643,0.005158176
64644,0.0051504006
64645,0.0047402247
64646,0.0037327236
64647,0.002828901
64648,0.0017327461
64649,0.0018494949
64650,0.001732343
64651,0.0018252439
64652,0.0022615204
64653,0.00232044
64654,0.002345738
64655,0.0019609176
64656,0.0012266965
64657,0.0010934017
64658,0.0011324191
64659,0.00088871806
64660,0.00058083696
64661,0.0008168442
64662,0.0010132169
64663,0.0010131308
64664,0.00065834203
64665,0.00075202767
64666,0.0010253805
64667,0.0015897725
64668,0.0021073432
64669,0.0018230262
64670,0.0015153906
64671,0.0014710494
64672,0.0020924858
64673,0.0021343904
64674,0.002028343
64675,0.0018176863
64676,0.001820582
64677,0.0014322753
64678,0.001283168
64679,0.0027085426
64680,0.0042971037
64681,0.004016186
64682,0.0029400007
64683,0.0028533936
64684,0.0026452334
64685,0.0019063108
64686,0.001476756
64687,0.0008783418
64688,0.0012819199
64689,0.0017188333
64690,0.0015096565
64691,0.0010414054
64692,0.0006241199
64693,0.0008483393
64694,0.00077512546
64695,0.0009141594
64696,0.0013116125
64697,0.0015256691
64698,0.0015699692
64699,0.0017853109
64700,0.001311435
64701,0.0008566692
64702,0.0010381585
64703,0.0013403003
64704,0.001304961
64705,0.0012136974
64706,0.0011031535
64707,0.001507322
64708,0.0019253908
64709,0.0019343637
64710,0.0013603875
64711,0.0010695584
64712,0.001012786
64713,0.0027929523
64714,0.003754732
64715,0.00494832
64716,0.004251086
64717,0.0019484853
64718,0.0017615973
64719,0.0041687503
64720,0.0069884798
64721,0.0066985604
64722,0.0041954317
64723,0.0021853521
64724,0.001466353
64725,0.0009823864
64726,0.0013851922
64727,0.0013337265
64728,0.0018614942
64729,0.0026952287
64730,0.003740279
64731,0.00560583
64732,0.0050385725
64733,0.0030271106
64734,0.0032010651
64735,0.003005013
64736,0.0021533147
64737,0.0015577796
64738,0.0019715896
64739,0.002566234
64740,0.001953989
64741,0.0008071308
64742,0.0007494691
64743,0.0012978943
64744,0.0012084827
64745,0.00097459357
64746,0.0011039183
64747,0.0014162137
64748,0.0018892421
64749,0.0019929374
64750,0.0016448203
64751,0.0021510157
64752,0.0030483322
64753,0.0046287356
64754,0.003856144
64755,0.002029921
64756,0.0021546658
64757,0.0016282458
64758,0.0013135859
64759,0.0010987653
64760,0.0009689331
64761,0.0009082505
64762,0.00068362954
64763,0.0008229143
64764,0.0015646212
64765,0.003757955
64766,0.004214914
64767,0.0031145876
64768,0.001623269
64769,0.0015991182
64770,0.0010761775
64771,0.0007083021
64772,0.0006231866
64773,0.00078642
64774,0.0010342544
64775,0.0010310415
64776,0.00045290595
64777,0.0010389711
64778,0.0012938967
64779,0.0010187741
64780,0.0011630261
64781,0.0010473133
64782,0.00083387573
64783,0.00070920546
64784,0.0007498185
64785,0.0008037342
64786,0.0010054025
64787,0.0011858986
64788,0.00096078886
64789,0.0015837748
64790,0.0019653356
64791,0.0014072873
64792,0.00092652394
64793,0.0009314738
64794,0.00059787394
64795,0.0013143611
64796,0.0018169816
64797,0.0016397164
64798,0.0011416338
64799,0.0012540785
64800,0.0022522225
64801,0.0024336095
64802,0.0020158067
64803,0.0021261387
64804,0.0028717653
64805,0.0034597097
64806,0.004320919
64807,0.0042524617
64808,0.00405533
64809,0.0037021278
64810,0.0039048789
64811,0.004340368
64812,0.0046176496
64813,0.004945678
64814,0.0048586605
64815,0.004722244
64816,0.0047195745
64817,0.0046694577
64818,0.003986291
64819,0.0028532099
64820,0.0013666629
64821,0.00093742256
64822,0.0015332046
64823,0.0021647727
64824,0.0023026874
64825,0.001596003
64826,0.0013488502
64827,0.0018006826
64828,0.0014878297
64829,0.0014557956
64830,0.0024724065
64831,0.0046428423
64832,0.0041978452
64833,0.0017286767
64834,0.002195901
64835,0.0024124214
64836,0.0021600486
64837,0.0015322742
64838,0.0015202418
64839,0.0020407597
64840,0.0021372521
64841,0.0020189374
64842,0.0017515734
64843,0.0019952727
64844,0.0019571441
64845,0.001787608
64846,0.0018471172
64847,0.001699301
64848,0.0018914129
64849,0.0022262281
64850,0.0018697621
64851,0.0010998242
64852,0.0011240095
64853,0.0013378225
64854,0.0012867466
64855,0.0012186988
64856,0.0011034437
64857,0.0012831226
64858,0.0011641266
64859,0.00096625614
64860,0.0017841205
64861,0.002147495
64862,0.0018394437
64863,0.0015584708
64864,0.0011912121
64865,0.0009424696
64866,0.0005093442
64867,0.0009770094
64868,0.0010815188
64869,0.0007541532
64870,0.0012702426
64871,0.0017140008
64872,0.001988698
64873,0.0017461482
64874,0.0015082872
64875,0.0014021905
64876,0.0016052036
64877,0.0020841798
64878,0.002822783
64879,0.002628224
64880,0.0011917007
64881,0.0012809206
64882,0.001685371
64883,0.001737828
64884,0.0019126057
64885,0.0025674698
64886,0.0026266067
64887,0.0020806717
64888,0.0013454583
64889,0.0009810227
64890,0.0012233943
64891,0.001273172
64892,0.00130759
64893,0.0016045144
64894,0.0020253996
64895,0.002822907
64896,0.0029159263
64897,0.0028159702
64898,0.0024340998
64899,0.002238899
64900,0.0020992206
64901,0.002035476
64902,0.0021463293
64903,0.0020859244
64904,0.0020177548
64905,0.0017954544
64906,0.0014955365
64907,0.0015978619
64908,0.0015900471
64909,0.0017585879
64910,0.0016222827
64911,0.0016892692
64912,0.0019680732
64913,0.0010719232
64914,0.00051315833
64915,0.00094853353
64916,0.0013495836
64917,0.0015292512
64918,0.0014512704
64919,0.0013510061
64920,0.00095343014
64921,0.0009907937
64922,0.0011490283
64923,0.0014093951
64924,0.001130387
64925,0.0010065887
64926,0.0014272067
64927,0.0016187087
64928,0.0015388131
64929,0.0016143518
64930,0.0015573686
64931,0.0014733229
64932,0.0019488287
64933,0.0018884717
64934,0.0014229178
64935,0.0
64936,0.0014787648
64937,0.0016884076
64938,0.001361692
64939,0.0013230566
64940,0.0012420223
64941,0.00107542
64942,0.0013077236
64943,0.0012857737
64944,0.0013083689
64945,0.0013378225
64946,0.0012210608
64947,0.0010999036
64948,0.0011831959
64949,0.0013072784
64950,0.0020255288
64951,0.0020881556
64952,0.0012145124
64953,0.0007840108
64954,0.0007152532
64955,0.00074806984
64956,0.0007838251
64957,0.0008198671
64958,0.0008017401
64959,0.0008426596
64960,0.0006774284
64961,0.001004041
64962,0.0010653869
64963,0.0012462097
64964,0.0012027372
64965,0.0006004484
64966,0.0012584801
64967,0.0023977428
64968,0.0027197052
64969,0.0024472405
64970,0.0019585267
64971,0.0019560435
64972,0.002268998
64973,0.002480011
64974,0.003314443
64975,0.003731281
64976,0.0044133128
64977,0.0046838764
64978,0.0045525692
64979,0.0034202414
64980,0.0026970638
64981,0.0019781918
64982,0.0014944463
64983,0.0011113805
64984,0.0009933753
64985,0.0019100627
64986,0.002299614
64987,0.0022400818
64988,0.001734425
64989,0.0013615637
64990,0.0016268331
64991,0.0014415922
64992,0.0008027196
64993,0.0005740327
64994,0.0008861272
64995,0.0009399959
64996,0.0006740258
64997,0.00030450747
64998,0.00046993603
64999,0.00043002993
65000,0.0011495095
65001,0.0019310358
65002,0.0017728946
65003,0.0016291571
65004,0.0015333375
65005,0.0018597735
65006,0.001699044
65007,0.0016784321
65008,0.0018798525
65009,0.0018239839
65010,0.001590285
65011,0.001861541
65012,0.0028296106
65013,0.0042139404
65014,0.0041630357
65015,0.0031872247
65016,0.0032576353
65017,0.003033795
65018,0.0021974642
65019,0.0016836261
65020,0.0008582306
65021,0.00094666
65022,0.0016020094
65023,0.001598299
65024,0.0009039464
65025,0.0004223819
65026,0.00080206676
65027,0.0008571447
65028,0.0010999036
65029,0.0015534392
65030,0.0018079734
65031,0.0016255266
65032,0.0016992667
65033,0.0011060517
65034,0.00071431673
65035,0.0011895007
65036,0.0017016458
65037,0.0015648073
65038,0.0009392835
65039,0.0013115682
65040,0.0019070281
65041,0.00200447
65042,0.0019437894
65043,0.001645864
65044,0.0012441997
65045,0.0010009056
65046,0.0022838155
65047,0.004002728
65048,0.0055474513
65049,0.004622683
65050,0.002797544
65051,0.001849904
65052,0.004179265
65053,0.006738915
65054,0.0061967266
65055,0.0041472972
65056,0.0028724645
65057,0.0023182188
65058,0.001637283
65059,0.0014946021
65060,0.0010379342
65061,0.0013311708
65062,0.002675036
65063,0.003516224
65064,0.0050583575
65065,0.0049849204
65066,0.0039613824
65067,0.0033611618
65068,0.002682489
65069,0.0021421488
65070,0.0014584322
65071,0.0017183592
65072,0.0027589835
65073,0.0022868211
65074,0.0011743073
65075,0.0011619997
65076,0.0015845097
65077,0.001631246
65078,0.0015111209
65079,0.0016785362
65080,0.0017659371
65081,0.0019775885
65082,0.0017367894
65083,0.0013453935
65084,0.002372803
65085,0.0032182934
65086,0.003920826
65087,0.0033069444
65088,0.0022313078
65089,0.002430019
65090,0.0020064001
65091,0.001891536
65092,0.0013507477
65093,0.00092598976
65094,0.001024983
65095,0.0015036296
65096,0.0017983051
65097,0.0037779834
65098,0.0050445935
65099,0.0047984947
65100,0.0033091966
65101,0.0013290484
65102,0.0012233467
65103,0.0009941368
65104,0.0010952102
65105,0.00087289076
65106,0.00060175563
65107,0.0006174156
65108,0.00079481304
65109,0.0005496342
65110,0.0010548724
65111,0.0010934814
65112,0.0007094517
65113,0.0010022423
65114,0.0012645246
65115,0.001046952
65116,0.0007260763
65117,0.00075345824
65118,0.0009363042
65119,0.0011263116
65120,0.0012861132
65121,0.0013674506
65122,0.0018634318
65123,0.00185755
65124,0.0015643049
65125,0.0013154899
65126,0.0014031036
65127,0.00125811
65128,0.0018384466
65129,0.0022468923
65130,0.0017771249
65131,0.0009696537
65132,0.0016002643
65133,0.0025207847
65134,0.00216656
65135,0.0016789522
65136,0.0016432801
65137,0.0025295902
65138,0.003242663
65139,0.0037648878
65140,0.0040753894
65141,0.0042049387
65142,0.0045656236
65143,0.004603902
65144,0.0046765325
65145,0.0045173424
65146,0.0042378386
65147,0.0035307615
65148,0.0034953037
65149,0.0033797356
65150,0.0031779702
65151,0.002072838
65152,0.0018049122
65153,0.001490058
65154,0.0012118976
65155,0.0017205764
65156,0.0023129778
65157,0.002342423
65158,0.0019338221
65159,0.0015202992
65160,0.0016638029
65161,0.0016901649
65162,0.0017995832
65163,0.0024015026
65164,0.0035414447
65165,0.0030117754
65166,0.001672387
65167,0.0013875853
65168,0.0010563337
65169,0.0015619777
65170,0.0016109227
65171,0.0011711804
65172,0.0018733232
65173,0.0029502583
65174,0.0032650512
65175,0.0030198528
65176,0.0021236732
65177,0.0020461006
65178,0.0017243782
65179,0.0017655744
65180,0.0015182303
65181,0.0013606871
65182,0.0019039582
65183,0.0020119627
65184,0.0011970858
65185,0.00093328423
65186,0.0011960643
65187,0.0014276552
65188,0.0014078042
65189,0.0015895345
65190,0.0014563553
65191,0.0014394507
65192,0.0010428575
65193,0.0007651488
65194,0.0009593641
65195,0.001023477
65196,0.00096163666
65197,0.0010796065
65198,0.0011789822
65199,0.0005740834
65200,0.0012410143
65201,0.0012345247
65202,0.0009131082
65203,0.0011075769
65204,0.0008432466
65205,0.0004079408
65206,0.001080792
65207,0.0014358269
65208,0.0018194626
65209,0.0021172636
65210,0.002171069
65211,0.0021184315
65212,0.0014126953
65213,0.0013322855
65214,0.0013362771
65215,0.0011680451
65216,0.00089195423
65217,0.0012877189
65218,0.0020230848
65219,0.002514091
65220,0.0022433144
65221,0.0016902338
65222,0.0013545775
65223,0.0011561995
65224,0.00086881354
65225,0.00089660805
65226,0.0016912322
65227,0.0025951494
65228,0.0023682727
65229,0.0011290215
65230,0.000634938
65231,0.0010174878
65232,0.0012078563
65233,0.001269578
65234,0.001125562
65235,0.0014156998
65236,0.0019030867
65237,0.0023132546
65238,0.002191762
65239,0.0022791468
65240,0.0021546658
65241,0.0016915763
65242,0.0013116347
65243,0.000944906
65244,0.0010123549
65245,0.0015306398
65246,0.001289616
65247,0.001200218
65248,0.0011548646
65249,0.0014558756
65250,0.0013974711
65251,0.0011056833
65252,0.001136959
65253,0.00080565107
65254,0.0011662497
65255,0.0011645266
65256,0.0012346426
65257,0.0010380183
65258,0.001249242
65259,0.0014741522
65260,0.0011971344
65261,0.00086370675
65262,0.00095119915
65263,0.0013501442
65264,0.0019447176
65265,0.0023642262
65266,0.002121452
65267,0.0017496615
65268,0.0
65269,0.0010952633
65270,0.0014234291
65271,0.0013879838
65272,0.001426758
65273,0.0012085066
65274,0.001362098
65275,0.0015262794
65276,0.0015971514
65277,0.0015344949
65278,0.0015509079
65279,0.0014494444
65280,0.0013272515
65281,0.0013272515
65282,0.0017290134
65283,0.0018693262
65284,0.001611862
65285,0.0009698338
65286,0.00092059956
65287,0.0007999958
65288,0.0008189436
65289,0.0013462801
65290,0.0017343244
65291,0.0018981406
65292,0.0021013685
65293,0.0017094611
65294,0.001447234
65295,0.0012778495
65296,0.0015244286
65297,0.0015566583
65298,0.0010897489
65299,0.00089325843
65300,0.0014022321
65301,0.0018765674
65302,0.001711979
65303,0.0009526056
65304,0.0007172442
65305,0.001148775
65306,0.0020075748
65307,0.002407784
65308,0.0029677462
65309,0.0032251952
65310,0.0037043677
65311,0.00378664
65312,0.0032536215
65313,0.0024315517
65314,0.0016010462
65315,0.0011536038
65316,0.00086272904
65317,0.0008341549
65318,0.0014504079
65319,0.002269357
65320,0.002082
65321,0.0013052509
65322,0.0012838709
65323,0.0019161783
65324,0.0017761585
65325,0.0010560306
65326,0.0010477578
65327,0.0014248801
65328,0.001565737
65329,0.0015662573
65330,0.001573432
65331,0.0015528395
65332,0.0013134751
65333,0.0011558974
65334,0.0013586321
65335,0.0015809423
65336,0.0013643397
65337,0.0012815112
65338,0.0012092771
65339,0.0011302066
65340,0.0018271882
65341,0.0019500529
65342,0.0015877942
65343,0.0012517788
65344,0.0014402592
65345,0.002312361
65346,0.0041076904
65347,0.0044434983
65348,0.003407189
65349,0.0038044143
65350,0.0039324625
65351,0.0033054303
65352,0.0023068166
65353,0.0014899409
65354,0.0016923159
65355,0.0019378362
65356,0.0016897344
65357,0.0009215475
65358,0.00080756337
65359,0.0009039464
65360,0.0007319051
65361,0.001052663
65362,0.0016697223
65363,0.0020846962
65364,0.0016032079
65365,0.0012962115
65366,0.0011041819
65367,0.001409106
65368,0.0018813227
65369,0.001967097
65370,0.0016911633
65371,0.0010861375
65372,0.0021211226
65373,0.0021229056
65374,0.0017386987
65375,0.001675256
65376,0.0013213397
65377,0.0008427287
65378,0.0006692592
65379,0.001089562
65380,0.0036309026
65381,0.005566259
65382,0.005254388
65383,0.0036477682
65384,0.0027021416
65385,0.0047103157
65386,0.006258015
65387,0.005672715
65388,0.0050149676
65389,0.004190823
65390,0.0041138427
65391,0.0034150044
65392,0.002455563
65393,0.0013663222
65394,0.0015700064
65395,0.0029088112
65396,0.0035520382
65397,0.004201393
65398,0.0043877643
65399,0.004125789
65400,0.0032029194
65401,0.0020122952
65402,0.0015808871
65403,0.0012501968
65404,0.0018444525
65405,0.0027744155
65406,0.0021021578
65407,0.0015695428
65408,0.0017135253
65409,0.002000866
65410,0.0019775592
65411,0.0017425611
65412,0.0016003735
65413,0.0013008509
65414,0.00111028
65415,0.0010164289
65416,0.0014416326
65417,0.0026966752
65418,0.0031559053
65419,0.0028985576
65420,0.0023990048
65421,0.0021496082
65422,0.0022640799
65423,0.0021222474
65424,0.0022643113
65425,0.0021802322
65426,0.0018126034
65427,0.0019407927
65428,0.0021525712
65429,0.003935082
65430,0.004977781
65431,0.0049677026
65432,0.0033942834
65433,0.0015350448
65434,0.0012692341
65435,0.0012084104
65436,0.000823798
65437,0.0010762315
65438,0.00089417025
65439,0.00067225314
65440,0.0006612093
65441,0.00092787365
65442,0.00064656587
65443,0.0008886853
65444,0.0009607283
65445,0.00087415683
65446,0.0011638766
65447,0.001040986
65448,0.0010129296
65449,0.001008726
65450,0.0009506789
65451,0.00070061773
65452,0.0006512751
65453,0.00078263605
65454,0.0012832361
65455,0.0017619441
65456,0.00177796
65457,0.0018301485
65458,0.002013452
65459,0.0019396826
65460,0.0019390823
65461,0.002413531
65462,0.0028256273
65463,0.0021070256
65464,0.0013106581
65465,0.001639894
65466,0.0026932303
65467,0.0021471833
65468,0.0014957116
65469,0.0017070589
65470,0.0021230702
65471,0.002431001
65472,0.0025311543
65473,0.0028747432
65474,0.003179966
65475,0.0036076792
65476,0.0034770877
65477,0.0028655462
65478,0.0023638692
65479,0.0025914235
65480,0.0026376196
65481,0.0024378153
65482,0.0018004886
65483,0.0016122592
65484,0.0013577107
65485,0.0011866345
65486,0.0011559728
65487,0.0011034964
65488,0.0011897208
65489,0.0021461393
65490,0.0026376308
65491,0.0026321742
65492,0.0020392046
65493,0.0020259023
65494,0.0022479154
65495,0.002168064
65496,0.0020433962
65497,0.0022137868
65498,0.0020582827
65499,0.0022945586
65500,0.0021794979
65501,0.0015485603
65502,0.0013671312
65503,0.0013661091
65504,0.0013446577
65505,0.0019669638
65506,0.0030351856
65507,0.0034871509
65508,0.0034327188
65509,0.0024643536
65510,0.0016635929
65511,0.0013043141
65512,0.001285819
65513,0.0010413495
65514,0.0006791447
65515,0.0017559379
65516,0.002144647
65517,0.0013481595
65518,0.0006448982
65519,0.000831359
65520,0.0011516343
65521,0.0012445739
65522,0.0013974711
65523,0.0012026163
65524,0.0014601274
65525,0.0012196059
65526,0.0009062295
65527,0.00072007906
65528,0.00063135254
65529,0.0007470576
65530,0.001016028
65531,0.0012934468
65532,0.00094570644
65533,0.0015672604
65534,0.0016532918
65535,0.0010399232
65536,0.0010587005
65537,0.00094070775
65538,0.0009598494
65539,0.0011697133
65540,0.0016240578
65541,0.0015756501
65542,0.001770858
65543,0.0014420565
65544,0.0012069644
65545,0.0014415922
65546,0.001663313
65547,0.0014588312
65548,0.00096953363
65549,0.00060421723
65550,0.0011899899
65551,0.0017983698
65552,0.00231182
65553,0.0026795473
65554,0.0025411039
65555,0.0019718553
65556,0.0011625255
65557,0.0007560033
65558,0.0007765135
65559,0.0016125118
65560,0.0025835838
65561,0.0024383168
65562,0.0012395829
65563,0.0006819672
65564,0.0008359324
65565,0.0009765327
65566,0.0010498391
65567,0.0013220664
65568,0.0014956337
65569,0.0017980947
65570,0.0022176092
65571,0.002500929
65572,0.0026277588
65573,0.0019433552
65574,0.0010760963
65575,0.0007953621
65576,0.000978587
65577,0.0014847554
65578,0.0018011351
65579,0.0019681028
65580,0.0018509263
65581,0.0018857882
65582,0.0024356297
65583,0.0022961055
65584,0.0019294225
65585,0.0011866345
65586,0.0008264434
65587,0.001070918
65588,0.001137522
65589,0.00088451634
65590,0.0008461064
65591,0.001056003
65592,0.0009135543
65593,0.0006029153
65594,0.0006893106
65595,0.0010233916
65596,0.0016596344
65597,0.0030858992
65598,0.0028555652
65599,0.0017501106
65600,0.001258457
65601,0.0
65602,0.00089706236
65603,0.0010665064
65604,0.0009816454
65605,0.00092400756
65606,0.0008182681
65607,0.0011005385
65608,0.0011454006
65609,0.0012271709
65610,0.0012944815
65611,0.0014922831
65612,0.0011408433
65613,0.0007497797
65614,0.00087890495
65615,0.0013421664
65616,0.0013899534
65617,0.0010172876
65618,0.000866902
65619,0.0009866138
65620,0.0009057155
65621,0.0014000926
65622,0.0018016682
65623,0.0021302686
65624,0.0025596023
65625,0.002955817
65626,0.0025312235
65627,0.0017018339
65628,0.0012905635
65629,0.0015926624
65630,0.0015624061
65631,0.0012599131
65632,0.00091613113
65633,0.00071064034
65634,0.0013104359
65635,0.0011817929
65636,0.00087674987
65637,0.00080115907
65638,0.00076129736
65639,0.001294459
65640,0.0015653279
65641,0.001922789
65642,0.0018259613
65643,0.0027408435
65644,0.003156145
65645,0.0033138194
65646,0.0026065076
65647,0.0015783814
65648,0.0009946636
65649,0.0010151396
65650,0.0011663745
65651,0.0021887855
65652,0.0025764434
65653,0.0018283188
65654,0.001195261
65655,0.0014046583
65656,0.0020789364
65657,0.0019464976
65658,0.0012551687
65659,0.0011074455
65660,0.0013672378
65661,0.0016096937
65662,0.0021796313
65663,0.00250122
65664,0.0023960671
65665,0.0021292437
65666,0.00112799
65667,0.0009770094
65668,0.0011673721
65669,0.0011678209
65670,0.0011226622
65671,0.0008997188
65672,0.0009765625
65673,0.002028171
65674,0.0020805737
65675,0.0013526424
65676,0.00057529885
65677,0.0010437224
65678,0.0019369047
65679,0.0039542792
65680,0.004397934
65681,0.0034518437
65682,0.0039411713
65683,0.004472023
65684,0.00450761
65685,0.0036134266
65686,0.0023880615
65687,0.0021571228
65688,0.001759564
65689,0.001311213
65690,0.0005691958
65691,0.00093356485
65692,0.00093884964
65693,0.0010815995
65694,0.0016647996
65695,0.0017948383
65696,0.0018727949
65697,0.0013405391
65698,0.00076453993
65699,0.0010868608
65700,0.0016516009
65701,0.002152355
65702,0.0020661438
65703,0.001498511
65704,0.0013166398
65705,0.0023007274
65706,0.0021714978
65707,0.0017764533
65708,0.0011050777
65709,0.00082538626
65710,0.0010407345
65711,0.0009442898
65712,0.00087797723
65713,0.0027133306
65714,0.0046875784
65715,0.0048377463
65716,0.0034844205
65717,0.0032758457
65718,0.0049682003
65719,0.0055963625
65720,0.0059982375
65721,0.0063972827
65722,0.0063601197
65723,0.0056278873
65724,0.004682702
65725,0.004281661
65726,0.0038898243
65727,0.0030248794
65728,0.0036514364
65729,0.0035766077
65730,0.0031539404
65731,0.003930027
65732,0.004474105
65733,0.0033195408
65734,0.0016789696
65735,0.0013375398
65736,0.001221847
65737,0.0016650618
65738,0.0020750691
65739,0.0015688195
65740,0.0012865431
65741,0.0013181422
65742,0.0013541261
65743,0.0014816747
65744,0.0011084174
65745,0.0010845285
65746,0.00088858703
65747,0.0007661371
65748,0.0012048406
65749,0.0017140687
65750,0.0020917067
65751,0.0023159077
65752,0.0024260995
65753,0.0020835511
65754,0.0016623328
65755,0.0019139595
65756,0.0021312519
65757,0.00252262
65758,0.0028792855
65759,0.0024955585
65760,0.003913664
65761,0.004546543
65762,0.0052657085
65763,0.004865359
65764,0.0035900092
65765,0.0014235518
65766,0.0011570046
65767,0.0011975477
65768,0.0012094696
65769,0.00031650494
65770,0.0006191102
65771,0.00088825944
65772,0.0010325928
65773,0.00090346334
65774,0.000962907
65775,0.00062131573
65776,0.0007426423
65777,0.0009321297
65778,0.0012508252
65779,0.0015003937
65780,0.0014068736
65781,0.001686821
65782,0.0017935407
65783,0.0014754744
65784,0.0012698072
65785,0.00076879165
65786,0.0008349918
65787,0.001440946
65788,0.002701032
65789,0.003208893
65790,0.0035851174
65791,0.0031608813
65792,0.002689478
65793,0.0022694597
65794,0.0025506492
65795,0.0031469564
65796,0.002359704
65797,0.0013810468
65798,0.0012809206
65799,0.002247747
65800,0.0019639875
65801,0.0017852946
65802,0.0021317026
65803,0.001955493
65804,0.0017167324
65805,0.0019497246
65806,0.0023585814
65807,0.0021347723
65808,0.0017176985
65809,0.0022754662
65810,0.0023644355
65811,0.0021943895
65812,0.0019194259
65813,0.0014928485
65814,0.0013384533
65815,0.0009857579
65816,0.00074697967
65817,0.0014980254
65818,0.0013535027
65819,0.001439491
65820,0.0016409762
65821,0.0018908435
65822,0.0021183765
65823,0.0022690236
65824,0.0026963947
65825,0.0022641441
65826,0.0020363196
65827,0.0016865276
65828,0.0012661348
65829,0.0013945941
65830,0.0015497063
65831,0.0018567351
65832,0.002343752
65833,0.0024708875
65834,0.0023231476
65835,0.0013119454
65836,0.0010407345
65837,0.0010115495
65838,0.0013231226
65839,0.0014638102
65840,0.0015077661
65841,0.0017973015
65842,0.0015988088
65843,0.00090072106
65844,0.00093325303
65845,0.0012256759
65846,0.0013701721
65847,0.00093281636
65848,0.0015486355
65849,0.0021223435
65850,0.0013992401
65851,0.0006307069
65852,0.0007650727
65853,0.0010321136
65854,0.0013150031
65855,0.0012172172
65856,0.0013917948
65857,0.0013779878
65858,0.0008544922
65859,0.0009965928
65860,0.0012588039
65861,0.0015033393
65862,0.0015965317
65863,0.0015701732
65864,0.0013581179
65865,0.0009883821
65866,0.0014465903
65867,0.0016697745
65868,0.0010168584
65869,0.0009388806
65870,0.00096761057
65871,0.0012074225
65872,0.0015827639
65873,0.0017606223
65874,0.0011532253
65875,0.0009992177
65876,0.000845246
65877,0.0015117179
65878,0.0019958853
65879,0.0015069551
65880,0.0014730463
65881,0.0011451718
65882,0.00024378274
65883,0.00096764066
65884,0.0014792765
65885,0.0023307519
65886,0.0027150998
65887,0.0032936283
65888,0.0027051663
65889,0.0017096484
65890,0.0010933218
65891,0.0010279317
65892,0.0017351296
65893,0.002415857
65894,0.0021726636
65895,0.0013169714
65896,0.0008544922
65897,0.00066673226
65898,0.0011772035
65899,0.0015192268
65900,0.0019183793
65901,0.0019761752
65902,0.0019989596
65903,0.0020275824
65904,0.002258378
65905,0.0027087145
65906,0.001916558
65907,0.0010563888
65908,0.001297984
65909,0.0012886678
65910,0.001503165
65911,0.0015771639
65912,0.0020271805
65913,0.0021217812
65914,0.0020422565
65915,0.0024213204
65916,0.002720422
65917,0.0029102815
65918,0.0021638582
65919,0.0009799243
65920,0.0010580955
65921,0.0009446904
65922,0.00036181352
65923,0.00071720366
65924,0.000844626
65925,0.0008671706
65926,0.00082792115
65927,0.00079378707
65928,0.0011247083
65929,0.0018002946
65930,0.0033456788
65931,0.002923014
65932,0.0011324191
65933,0.00084034237
65934,0.0
65935,0.0009967097
65936,0.00084981316
65937,0.00054217037
65938,0.0003096256
65939,0.00074071955
65940,0.0009929651
65941,0.0009723513
65942,0.001085816
65943,0.001162976
65944,0.0013674932
65945,0.0010318033
65946,0.0008726907
65947,0.0011939697
65948,0.0013272954
65949,0.0010021551
65950,0.00054825575
65951,0.0008953412
65952,0.0011205605
65953,0.0015073993
65954,0.0019113118
65955,0.0018846149
65956,0.0020056893
65957,0.0020432682
65958,0.0029094813
65959,0.0029404066
65960,0.0023245628
65961,0.001777387
65962,0.0017344921
65963,0.001431137
65964,0.0013210534
65965,0.00084864796
65966,0.0007138276
65967,0.0008840227
65968,0.0007850495
65969,0.0010349858
65970,0.0009292527
65971,0.0008626953
65972,0.00034945624
65973,0.0005942118
65974,0.0011056833
65975,0.0015980258
65976,0.0019090873
65977,0.0024316115
65978,0.003138863
65979,0.003270048
65980,0.0029439183
65981,0.0022020685
65982,0.0019443734
65983,0.0021023378
65984,0.0025829417
65985,0.002922327
65986,0.002468896
65987,0.0020192256
65988,0.0022029802
65989,0.0023635614
65990,0.0024805977
65991,0.0017876731
65992,0.0015555735
65993,0.0013389098
65994,0.0013191794
65995,0.001446208
65996,0.0016435812
65997,0.0019020005
65998,0.0024786023
65999,0.0019877318
66000,0.00080514513
66001,0.000772681
66002,0.0008019216
66003,0.00083982275
66004,0.0008247866
66005,0.00076583313
66006,0.0018580043
66007,0.0020903288
66008,0.0017604074
66009,0.0011042609
66010,0.00081481074
66011,0.0010656328
66012,0.0033257774
66013,0.004203284
66014,0.0034957365
66015,0.0033770823
66016,0.0041894545
66017,0.004948737
66018,0.0043308693
66019,0.0030309637
66020,0.0021119234
66021,0.0014177952
66022,0.001143366
66023,0.00093956233
66024,0.00087095477
66025,0.0008219588
66026,0.0010954227
66027,0.0016826404
66028,0.0017247495
66029,0.0013839309
66030,0.00091714715
66031,0.00075969007
66032,0.0010587005
66033,0.0012544962
66034,0.0014360296
66035,0.0011634764
66036,0.00092787365
66037,0.001368727
66038,0.0022327942
66039,0.0020761767
66040,0.0018005209
66041,0.0014399763
66042,0.0013826054
66043,0.0013180317
66044,0.0011628759
66045,0.0008443503
66046,0.001951336
66047,0.0040745893
66048,0.0042159082
66049,0.002857267
66050,0.002705005
66051,0.004798853
66052,0.0055898894
66053,0.0062576244
66054,0.006550354
66055,0.0068019894
66056,0.006141222
66057,0.005938375
66058,0.005638551
66059,0.0053628455
66060,0.0046088677
66061,0.004066374
66062,0.0040512444
66063,0.0044146776
66064,0.0051033576
66065,0.004583927
66066,0.0030977128
66067,0.0015536452
66068,0.0011754468
66069,0.0012472135
66070,0.0014654397
66071,0.0015753176
66072,0.001234454
66073,0.0010719503
66074,0.00091301254
66075,0.0009028833
66076,0.00153711
66077,0.0012930867
66078,0.000806698
66079,0.00085439
66080,0.0008855686
66081,0.0010342263
66082,0.0012097103
66083,0.001063774
66084,0.0015384159
66085,0.0020015787
66086,0.0016107783
66087,0.0014508694
66088,0.0017133724
66089,0.0017565676
66090,0.0020492133
66091,0.0035591596
66092,0.0042775874
66093,0.0053138337
66094,0.0051337946
66095,0.004476654
66096,0.003588217
66097,0.0014446375
66098,0.001134499
66099,0.0012578324
66100,0.0013771215
66101,0.0012852756
66102,0.0007243506
66103,0.0008153464
66104,0.0009714529
66105,0.0011417867
66106,0.0010477023
66107,0.0007890432
66108,0.00053127104
66109,0.00061760406
66110,0.00090655056
66111,0.0013012983
66112,0.001543025
66113,0.0015171373
66114,0.001731318
66115,0.001644838
66116,0.0013251228
66117,0.0014113554
66118,0.0010999566
66119,0.0012543338
66120,0.0020648192
66121,0.0030189082
66122,0.003382189
66123,0.0036496667
66124,0.003154088
66125,0.0027960143
66126,0.0023030285
66127,0.0031792978
66128,0.0036112915
66129,0.002684322
66130,0.0013792756
66131,0.0008097229
66132,0.0018082953
66133,0.0018125393
66134,0.0018656171
66135,0.0024522184
66136,0.002232064
66137,0.0017430453
66138,0.0023668099
66139,0.0023993324
66140,0.0017625717
66141,0.001376572
66142,0.0014525935
66143,0.0019249675
66144,0.0019726816
66145,0.0017150363
66146,0.0014039329
66147,0.0010803611
66148,0.0008309738
66149,0.00079415366
66150,0.0030042382
66151,0.0033478613
66152,0.0029202746
66153,0.0026078024
66154,0.0018186946
66155,0.0019497544
66156,0.00214698
66157,0.002391654
66158,0.0021512052
66159,0.0025319248
66160,0.0021558271
66161,0.00162635
66162,0.0026411593
66163,0.0030496304
66164,0.0031292238
66165,0.0026956066
66166,0.0027460204
66167,0.0023531704
66168,0.0013018126
66169,0.0011409707
66170,0.0007704555
66171,0.0010619942
66172,0.0009533691
66173,0.0009138091
66174,0.00095991004
66175,0.0015005877
66176,0.0014319705
66177,0.0020326718
66178,0.0025672656
66179,0.002612285
66180,0.0020049927
66181,0.0015071868
66182,0.001615343
66183,0.0011661749
66184,0.0008788387
66185,0.00086894754
66186,0.0009290021
66187,0.0009719022
66188,0.0010044758
66189,0.0015203375
66190,0.0011870514
66191,0.00057958293
66192,0.0010749326
66193,0.0016093322
66194,0.0017603743
66195,0.0016791775
66196,0.0013829843
66197,0.000948963
66198,0.0009904705
66199,0.0010922299
66200,0.0012449246
66201,0.00062644714
66202,0.00092059956
66203,0.0010651137
66204,0.0015172524
66205,0.001392631
66206,0.0012129297
66207,0.00085734844
66208,0.00073262054
66209,0.0009636623
66210,0.0019814258
66211,0.0025126552
66212,0.0014730265
66213,0.0015515833
66214,0.0014614622
66215,0.00097444427
66216,0.0010710811
66217,0.0011985922
66218,0.001524944
66219,0.0021385588
66220,0.0031115024
66221,0.0033483657
66222,0.0029699323
66223,0.002377337
66224,0.0018684542
66225,0.0018784121
66226,0.0017186471
66227,0.0018951177
66228,0.0014010278
66229,0.00090735283
66230,0.001033776
66231,0.00147099
66232,0.0011932871
66233,0.0013989905
66234,0.0015856114
66235,0.0016086809
66236,0.001840962
66237,0.0018375916
66238,0.002031268
66239,0.0016899238
66240,0.0011258206
66241,0.0011462641
66242,0.001109336
66243,0.0009946636
66244,0.0011942135
66245,0.001470515
66246,0.0013216481
66247,0.0012721658
66248,0.0012475635
66249,0.0021309105
66250,0.0030496113
66251,0.0025734706
66252,0.0015189395
66253,0.001622516
66254,0.0015483536
66255,0.0013428167
66256,0.0013322636
66257,0.0010492845
66258,0.00080003217
66259,0.0008878006
66260,0.0012425611
66261,0.0016941895
66262,0.00214618
66263,0.0031963065
66264,0.0026031109
66265,0.001228759
66266,0.0012927715
66267,0.0
66268,0.0009097873
66269,0.001050144
66270,0.0008657598
66271,0.00072931586
66272,0.0009795679
66273,0.0009735777
66274,0.00085340155
66275,0.0013341409
66276,0.0014758689
66277,0.001424165
66278,0.00076438766
66279,0.0009027221
66280,0.001394114
66281,0.0012688672
66282,0.00091457315
66283,0.00063544203
66284,0.00094690593
66285,0.0013322855
66286,0.0016255804
66287,0.0015728584
66288,0.0013559519
66289,0.001427064
66290,0.0014179595
66291,0.0018914283
66292,0.0022679074
66293,0.0019215475
66294,0.0021618938
66295,0.0023204023
66296,0.0015877024
66297,0.001160245
66298,0.000532912
66299,0.0006382298
66300,0.001013619
66301,0.0010445586
66302,0.0011150929
66303,0.0009512604
66304,0.0010443635
66305,0.00097381684
66306,0.00079422694
66307,0.00086400995
66308,0.0012524064
66309,0.0015316283
66310,0.0019772206
66311,0.0026909276
66312,0.003320689
66313,0.003449094
66314,0.0027947233
66315,0.0024026174
66316,0.0026266288
66317,0.003026024
66318,0.003366111
66319,0.0028158359
66320,0.0024360598
66321,0.0022773838
66322,0.002225365
66323,0.002209813
66324,0.0015553302
66325,0.0015127572
66326,0.0013852553
66327,0.0012438487
66328,0.0012554933
66329,0.0009829492
66330,0.0012526388
66331,0.0023177417
66332,0.00208478
66333,0.0008393721
66334,0.0006869845
66335,0.0005922986
66336,0.00069217576
66337,0.0007553486
66338,0.00057189935
66339,0.0012493585
66340,0.00180488
66341,0.0021506369
66342,0.001583885
66343,0.0015337929
66344,0.001955478
66345,0.0035360495
66346,0.0047546006
66347,0.0047623194
66348,0.0035363047
66349,0.003831468
66350,0.004087804
66351,0.003810094
66352,0.0031774847
66353,0.002042285
66354,0.0015008979
66355,0.001376424
66356,0.0011806596
66357,0.0009782597
66358,0.0008586035
66359,0.00079294335
66360,0.0015023322
66361,0.0017455982
66362,0.0008749555
66363,0.0006231399
66364,0.0007146833
66365,0.000726477
66366,0.0010215414
66367,0.0011849165
66368,0.00090233516
66369,0.00086370675
66370,0.0012724403
66371,0.0016759854
66372,0.0017099718
66373,0.0014460068
66374,0.0010453106
66375,0.0011336777
66376,0.0010815995
66377,0.0014486611
66378,0.001571433
66379,0.002342957
66380,0.0036059686
66381,0.003786125
66382,0.0029579527
66383,0.0028044225
66384,0.0037638906
66385,0.004998185
66386,0.0063471333
66387,0.007589603
66388,0.008997576
66389,0.008825043
66390,0.0074391565
66391,0.0059998967
66392,0.0055575203
66393,0.0061134114
66394,0.005989449
66395,0.0055372324
66396,0.005525004
66397,0.0052119936
66398,0.003486408
66399,0.002211314
66400,0.0015653837
66401,0.0011212875
66402,0.0012430061
66403,0.0012245594
66404,0.0009360244
66405,0.000868445
66406,0.000961334
66407,0.0009537354
66408,0.0008587052
66409,0.0017208132
66410,0.0014946411
66411,0.00078096084
66412,0.00075307186
66413,0.00095556455
66414,0.0010253805
66415,0.0010178024
66416,0.0011545368
66417,0.001371743
66418,0.0014788829
66419,0.0011678458
66420,0.0011988108
66421,0.0015074764
66422,0.0014695054
66423,0.0016948594
66424,0.0031116707
66425,0.0040167947
66426,0.0044636847
66427,0.0036006782
66428,0.0016498378
66429,0.0013737148
66430,0.00070941064
66431,0.0010024746
66432,0.0014625969
66433,0.0012497079
66434,0.0008153464
66435,0.000838366
66436,0.00079099566
66437,0.00070011907
66438,0.0006337451
66439,0.0008410694
66440,0.0009862302
66441,0.0010449486
66442,0.0009629372
66443,0.00085452624
66444,0.00092677516
66445,0.0006316752
66446,0.00046200378
66447,0.0007372143
66448,0.0006664266
66449,0.0006536392
66450,0.0013099917
66451,0.0016658482
66452,0.0020360765
66453,0.0030154644
66454,0.0033209256
66455,0.0033035367
66456,0.0032493698
66457,0.003187252
66458,0.0025696
66459,0.0018217167
66460,0.0028379809
66461,0.0039933887
66462,0.0038498745
66463,0.001912986
66464,0.0006711266
66465,0.0014294888
66466,0.0014192314
66467,0.001585079
66468,0.0023830594
66469,0.0029607948
66470,0.0026386678
66471,0.0022412767
66472,0.0023552473
66473,0.001869731
66474,0.0012330386
66475,0.0010384949
66476,0.0016622803
66477,0.0017980624
66478,0.0018776993
66479,0.0014298959
66480,0.0010864055
66481,0.0010108876
66482,0.0016210623
66483,0.003985758
66484,0.00396752
66485,0.0028812254
66486,0.002481114
66487,0.0016858373
66488,0.0016822253
66489,0.0016187087
66490,0.0014145687
66491,0.001579082
66492,0.0026975493
66493,0.002892406
66494,0.003047788
66495,0.0032968167
66496,0.0031290099
66497,0.002668849
66498,0.0019949372
66499,0.002513709
66500,0.002524903
66501,0.0021999131
66502,0.0015896078
66503,0.0013046265
66504,0.0011178299
66505,0.00089377956
66506,0.00093368953
66507,0.00070834317
66508,0.0017188502
66509,0.0022975628
66510,0.0021920009
66511,0.0022040633
66512,0.0021215754
66513,0.0016653065
66514,0.0011625255
66515,0.0015102155
66516,0.0016470837
66517,0.0015683
66518,0.0013941766
66519,0.0011465688
66520,0.0008955362
66521,0.0011097032
66522,0.0016869245
66523,0.0015458328
66524,0.00071643223
66525,0.0017219968
66526,0.0020835372
66527,0.001696833
66528,0.0015595348
66529,0.0012818291
66530,0.0010755552
66531,0.0015840505
66532,0.001440441
66533,0.001228522
66534,0.00089923345
66535,0.0012069886
66536,0.0012308415
66537,0.0014595692
66538,0.0012422332
66539,0.00094157364
66540,0.00097136304
66541,0.00097408576
66542,0.00085306045
66543,0.0020535688
66544,0.0025406342
66545,0.0015542071
66546,0.0018436634
66547,0.0016243086
66548,0.0010819493
66549,0.00081438205
66550,0.00087555405
66551,0.0010905231
66552,0.0014474551
66553,0.0023392276
66554,0.002988172
66555,0.0035574257
66556,0.0032984493
66557,0.0025539903
66558,0.0017673209
66559,0.0012362209
66560,0.001261183
66561,0.0011698129
66562,0.0016946532
66563,0.0022096154
66564,0.0022143784
66565,0.0014081349
66566,0.0010741743
66567,0.0014323769
66568,0.0016180433
66569,0.0018110453
66570,0.001341494
66571,0.0012280719
66572,0.0013211195
66573,0.0011061833
66574,0.0009757277
66575,0.0008521047
66576,0.00080206676
66577,0.0011010937
66578,0.0012838709
66579,0.0013143611
66580,0.0011204046
66581,0.00077087095
66582,0.00095848396
66583,0.0025431416
66584,0.0026131317
66585,0.001961437
66586,0.0015416098
66587,0.0013950948
66588,0.0013130762
66589,0.0015029907
66590,0.0011050514
66591,0.00077211583
66592,0.0011313134
66593,0.0014923805
66594,0.0019878196
66595,0.0019966725
66596,0.0019827767
66597,0.0015709514
66598,0.0012153748
66599,0.0012825781
66600,0.0
66601,0.0013516953
66602,0.0011811771
66603,0.0010477301
66604,0.0009909113
66605,0.0013243979
66606,0.0011281964
66607,0.0010383828
66608,0.0017091036
66609,0.0018657107
66610,0.0013014548
66611,0.0008830674
66612,0.0011534524
66613,0.001339931
66614,0.0010396712
66615,0.00076087675
66616,0.000691208
66617,0.00078593876
66618,0.0009516886
66619,0.00079737214
66620,0.0006989125
66621,0.00090809027
66622,0.0012786692
66623,0.0011698129
66624,0.0006909974
66625,0.0010567469
66626,0.0016412599
66627,0.00255179
66628,0.002385159
66629,0.0013429035
66630,0.0009765327
66631,0.00089172577
66632,0.0010138773
66633,0.0011884236
66634,0.0007850495
66635,0.0007589235
66636,0.0008408271
66637,0.0010353231
66638,0.0009754592
66639,0.00079426356
66640,0.0008719233
66641,0.0010511966
66642,0.001022111
66643,0.0011169704
66644,0.0015684855
66645,0.0024511856
66646,0.0033227655
66647,0.003481889
66648,0.0036602414
66649,0.0034254878
66650,0.0032404906
66651,0.0031655736
66652,0.0027720227
66653,0.0018260091
66654,0.0014878297
66655,0.0014640487
66656,0.0013864732
66657,0.0010147095
66658,0.0007995227
66659,0.00069636776
66660,0.00041648388
66661,0.00056048797
66662,0.00050157105
66663,0.0003384563
66664,0.0017090695
66665,0.001979339
66666,0.0013834051
66667,0.0011908456
66668,0.0009157816
66669,0.00064141385
66670,0.00065949047
66671,0.0007368194
66672,0.0009631487
66673,0.0013476845
66674,0.0018912129
66675,0.0018308321
66676,0.0023559022
66677,0.0024413704
66678,0.003129596
66679,0.004729985
66680,0.005355536
66681,0.004480631
66682,0.004242568
66683,0.004427166
66684,0.004729997
66685,0.0038409587
66686,0.002254173
66687,0.0016440947
66688,0.001805557
66689,0.0014606057
66690,0.0010285827
66691,0.00082086044
66692,0.0005696558
66693,0.0015562095
66694,0.0019072113
66695,0.0008234446
66696,0.0004933216
66697,0.00051451765
66698,0.00056730077
66699,0.0009795976
66700,0.0013081464
66701,0.0009808446
66702,0.0009760259
66703,0.001319775
66704,0.0016100915
66705,0.0015183453
66706,0.0007741862
66707,0.00075345824
66708,0.00075090455
66709,0.000948963
66710,0.0013054962
66711,0.0015521459
66712,0.0023795029
66713,0.0028607992
66714,0.0032787407
66715,0.0035126961
66716,0.0033990215
66717,0.0037626764
66718,0.004692698
66719,0.0059826276
66720,0.007409623
66721,0.008286161
66722,0.0088243205
66723,0.008568768
66724,0.008169211
66725,0.0073426967
66726,0.006843533
66727,0.0062555545
66728,0.0052753775
66729,0.005455588
66730,0.004565375
66731,0.0029849464
66732,0.0021120613
66733,0.0016671929
66734,0.00096845237
66735,0.0011591659
66736,0.0012352081
66737,0.0008586035
66738,0.0013064544
66739,0.0014761252
66740,0.0015333375
66741,0.0012760262
66742,0.0021180194
66743,0.0023091368
66744,0.0016486025
66745,0.00087429
66746,0.0012271709
66747,0.0011928967
66748,0.0009102031
66749,0.0011613232
66750,0.0010457559
66751,0.00085544534
66752,0.0008523096
66753,0.00089123606
66754,0.0011641266
66755,0.0016245416
66756,0.0021299133
66757,0.0022279008
66758,0.0021454883
66759,0.0018328181
66760,0.0015446274
66761,0.0009658042
66762,0.0008284483
66763,0.00068192446
66764,0.0010636919
66765,0.0014587714
66766,0.0012475401
66767,0.000822419
66768,0.00073922495
66769,0.0007795061
66770,0.0008102618
66771,0.0010028229
66772,0.0011541335
66773,0.0012284984
66774,0.0012190092
66775,0.0011885705
66776,0.0013159103
66777,0.0011349606
66778,0.0006029153
66779,0.00058567716
66780,0.0010419362
66781,0.00105716
66782,0.0012124738
66783,0.001563784
66784,0.0025290954
66785,0.0032647392
66786,0.0040274896
66787,0.0038978069
66788,0.003262492
66789,0.003178309
66790,0.0033978054
66791,0.0028497295
66792,0.0020500652
66793,0.0026100448
66794,0.0039033655
66795,0.0042383946
66796,0.001927083
66797,0.0011487497
66798,0.0014758492
66799,0.0011859721
66800,0.0011745056
66801,0.0021144298
66802,0.0034533357
66803,0.0032561698
66804,0.0020899947
66805,0.0020011715
66806,0.0019735815
66807,0.0014867339
66808,0.0010018647
66809,0.0010639929
66810,0.0011174915
66811,0.0013406477
66812,0.0014463488
66813,0.001467702
66814,0.002161557
66815,0.002393126
66816,0.0039610225
66817,0.003439588
66818,0.0017111799
66819,0.0019894443
66820,0.0017470814
66821,0.0015223654
66822,0.001222728
66823,0.0006560392
66824,0.00085261685
66825,0.0019518579
66826,0.002401745
66827,0.0026517936
66828,0.0024424312
66829,0.0020240052
66830,0.0017451479
66831,0.0018331357
66832,0.0024547332
66833,0.0026481473
66834,0.0027810268
66835,0.0018980486
66836,0.001556303
66837,0.0010826484
66838,0.001040091
66839,0.001168369
66840,0.0011124274
66841,0.0018979873
66842,0.0022979553
66843,0.0015675203
66844,0.00083338696
66845,0.0013623758
66846,0.0011550158
66847,0.0008496762
66848,0.0014951667
66849,0.0020294045
66850,0.0018588656
66851,0.001431625
66852,0.0010825141
66853,0.001000353
66854,0.0013819737
66855,0.0014220995
66856,0.0013156891
66857,0.0014752771
66858,0.0021715648
66859,0.0023328613
66860,0.0016037707
66861,0.0016685016
66862,0.0016929521
66863,0.001495984
66864,0.0016185648
66865,0.0009197772
66866,0.0009525445
66867,0.0011769067
66868,0.0014381359
66869,0.0012081213
66870,0.0011492056
66871,0.001233369
66872,0.0014373261
66873,0.0018331992
66874,0.0019998185
66875,0.0015691163
66876,0.0019120121
66877,0.0021183079
66878,0.0011726208
66879,0.0015474887
66880,0.0014077835
66881,0.00086545723
66882,0.0004604262
66883,0.0006453494
66884,0.0008812859
66885,0.0009896475
66886,0.0012481932
66887,0.0018532521
66888,0.002773912
66889,0.0030715966
66890,0.0026032117
66891,0.0019537657
66892,0.0011908701
66893,0.0009865842
66894,0.0012577862
66895,0.0018312931
66896,0.001989766
66897,0.0017819986
66898,0.0016593538
66899,0.0015397964
66900,0.0019325725
66901,0.0023891216
66902,0.0023117948
66903,0.0014415114
66904,0.0011143357
66905,0.0011045772
66906,0.000931005
66907,0.0008816491
66908,0.000871723
66909,0.001364425
66910,0.0016662499
66911,0.0016209725
66912,0.0011966481
66913,0.000690028
66914,0.00073214364
66915,0.00074538053
66916,0.0017559048
66917,0.0019825713
66918,0.0014695845
66919,0.00073812174
66920,0.00044662922
66921,0.0008672377
66922,0.0013002243
66923,0.00085809495
66924,0.00065301557
66925,0.0011360627
66926,0.00180488
66927,0.0020125122
66928,0.0016972617
66929,0.0011641516
66930,0.0010297705
66931,0.001487008
66932,0.001384898
66933,0.0
66934,0.0010231356
66935,0.0009909406
66936,0.0011020184
66937,0.0010980498
66938,0.0012495448
66939,0.0009138728
66940,0.00076492055
66941,0.0014570545
66942,0.0018232018
66943,0.0013298803
66944,0.0013675783
66945,0.001552952
66946,0.0013458477
66947,0.00089569873
66948,0.0008845492
66949,0.0010963257
66950,0.00095839286
66951,0.0009630581
66952,0.0008765175
66953,0.0009407387
66954,0.001030618
66955,0.0011674968
66956,0.0011413279
66957,0.0007925395
66958,0.0013352748
66959,0.0020222215
66960,0.0027373051
66961,0.0022737517
66962,0.0010481745
66963,0.0011284285
66964,0.0012816021
66965,0.0011371893
66966,0.0013156891
66967,0.0010918567
66968,0.0010074268
66969,0.0009910287
66970,0.0012100951
66971,0.0012091567
66972,0.0012342181
66973,0.0013352095
66974,0.0012744287
66975,0.00119109
66976,0.0012145842
66977,0.001518652
66978,0.0021278078
66979,0.002681404
66980,0.0032428605
66981,0.0035859453
66982,0.0033341502
66983,0.0026663288
66984,0.0020778163
66985,0.0017277505
66986,0.0012952231
66987,0.0013131648
66988,0.0013856963
66989,0.0014578933
66990,0.0011816944
66991,0.0010154262
66992,0.00061981496
66993,0.00033742285
66994,0.00051553483
66995,0.00051626825
66996,0.00048318828
66997,0.0012284036
66998,0.0013948027
66999,0.0011810047
67000,0.0009323482
67001,0.0005776213
67002,0.00045928702
67003,0.00058183825
67004,0.00061035156
67005,0.0005390479
67006,0.0009106826
67007,0.0018866214
67008,0.0022564055
67009,0.0031197413
67010,0.0030340636
67011,0.0020185336
67012,0.0038330324
67013,0.005094111
67014,0.005490159
67015,0.0049107173
67016,0.0047705136
67017,0.0047571035
67018,0.0036424745
67019,0.0020939317
67020,0.0020033373
67021,0.002061617
67022,0.0014086103
67023,0.0009084107
67024,0.0007273178
67025,0.0009118643
67026,0.0015958571
67027,0.0018263757
67028,0.00078708585
67029,0.0004008156
67030,0.00042962367
67031,0.0007686781
67032,0.0011606213
67033,0.0013331153
67034,0.0008608378
67035,0.0008501556
67036,0.0014325598
67037,0.0017164781
67038,0.001532559
67039,0.00094160455
67040,0.0009030445
67041,0.0007453024
67042,0.0008593828
67043,0.0012616444
67044,0.0016187807
67045,0.0019271132
67046,0.0018582236
67047,0.002200667
67048,0.0031621333
67049,0.0035767949
67050,0.0035617182
67051,0.0037461338
67052,0.0036405164
67053,0.003569448
67054,0.0041656983
67055,0.0055469107
67056,0.0067590363
67057,0.0069750026
67058,0.006765075
67059,0.0062171235
67060,0.006145154
67061,0.0054222834
67062,0.004747053
67063,0.0035592986
67064,0.0028252567
67065,0.0023989563
67066,0.0021355627
67067,0.0010955024
67068,0.0012418817
67069,0.0012577862
67070,0.0010599368
67071,0.001514257
67072,0.0017346599
67073,0.0013458693
67074,0.001403705
67075,0.0021504338
67076,0.002892597
67077,0.002221438
67078,0.00057266216
67079,0.0013169493
67080,0.0013771638
67081,0.0010069933
67082,0.0011605961
67083,0.0008496762
67084,0.00054012664
67085,0.000871723
67086,0.0007885635
67087,0.0007795061
67088,0.001417323
67089,0.0018498095
67090,0.0018015552
67091,0.0016897344
67092,0.0012709756
67093,0.0008953412
67094,0.00059840915
67095,0.000743504
67096,0.0006941072
67097,0.0007855313
67098,0.0013343373
67099,0.0012149436
67100,0.0007921722
67101,0.0009349978
67102,0.0009091793
67103,0.000722218
67104,0.00091364986
67105,0.0009816454
67106,0.0010000038
67107,0.0010016613
67108,0.0011817929
67109,0.0017026204
67110,0.001577699
67111,0.00076095323
67112,0.0007985757
67113,0.0013144718
67114,0.0012049372
67115,0.0010977847
67116,0.0011455022
67117,0.001996308
67118,0.0029103716
67119,0.003181796
67120,0.0028037792
67121,0.0020760086
67122,0.002406938
67123,0.0033808893
67124,0.0036406924
67125,0.0032487249
67126,0.0027868603
67127,0.0035999264
67128,0.0041360958
67129,0.0018828845
67130,0.0011471017
67131,0.0012923663
67132,0.0008179124
67133,0.0008393028
67134,0.0015089237
67135,0.003458902
67136,0.0039134854
67137,0.0020854918
67138,0.0016210623
67139,0.0018076353
67140,0.0014035184
67141,0.0010796604
67142,0.0012938067
67143,0.0011132382
67144,0.0009406149
67145,0.0009349978
67146,0.002647169
67147,0.0034159245
67148,0.0025981197
67149,0.0031341957
67150,0.002589671
67151,0.00089706236
67152,0.001053271
67153,0.0012964809
67154,0.0011935798
67155,0.0010261749
67156,0.0005370465
67157,0.0005976792
67158,0.0006794874
67159,0.0009518721
67160,0.0011298718
67161,0.0010933484
67162,0.0011083124
67163,0.0013770158
67164,0.0014534347
67165,0.001427064
67166,0.0019623865
67167,0.0025878947
67168,0.0022653008
67169,0.001760771
67170,0.0013948235
67171,0.0016503846
67172,0.0016946704
67173,0.0015286611
67174,0.0015310962
67175,0.00211432
67176,0.0015653837
67177,0.0007397366
67178,0.0010768804
67179,0.0011446634
67180,0.0010536301
67181,0.0020495115
67182,0.002150312
67183,0.0013041579
67184,0.0008311139
67185,0.00088976533
67186,0.0010918301
67187,0.0013483538
67188,0.0011158495
67189,0.0015360303
67190,0.002072964
67191,0.0031530268
67192,0.0026708657
67193,0.0017436964
67194,0.0016078848
67195,0.0019655281
67196,0.0018276023
67197,0.0018674413
67198,0.0011286605
67199,0.0011068671
67200,0.0012139132
67201,0.0012547281
67202,0.0010841796
67203,0.0013331807
67204,0.0020068788
67205,0.0024253796
67206,0.002904716
67207,0.0031876354
67208,0.0028362987
67209,0.0022914745
67210,0.0019354618
67211,0.0012997094
67212,0.0016728394
67213,0.0016342405
67214,0.0011068934
67215,0.0011960156
67216,0.0013700447
67217,0.0013165736
67218,0.0015836095
67219,0.0015446462
67220,0.0016985644
67221,0.002043852
67222,0.0023021563
67223,0.0020193986
67224,0.0014767757
67225,0.0012610906
67226,0.0008755208
67227,0.0010765559
67228,0.001220417
67229,0.001195261
67230,0.0016297287
67231,0.0021436291
67232,0.0015740237
67233,0.0017380457
67234,0.0022979553
67235,0.0023685922
67236,0.0016508606
67237,0.0013520397
67238,0.0013464963
67239,0.0013489365
67240,0.0013228367
67241,0.0017569818
67242,0.0021073294
67243,0.0014887097
67244,0.0010302225
67245,0.0008014133
67246,0.00068171107
67247,0.00084428134
67248,0.001015369
67249,0.0014555358
67250,0.0016086085
67251,0.0012511974
67252,0.0006151014
67253,0.00046819873
67254,0.0008413116
67255,0.0011835156
67256,0.00087232376
67257,0.0009431487
67258,0.0013181642
67259,0.0021276302
67260,0.0021556246
67261,0.0015753915
67262,0.0009507095
67263,0.0009004948
67264,0.0012202739
67265,0.0015416475
67266,0.0
67267,0.0011887664
67268,0.0012106
67269,0.0013059197
67270,0.0009157498
67271,0.0009754294
67272,0.0009472132
67273,0.0013968045
67274,0.0017243951
67275,0.0015762041
67276,0.00078058813
67277,0.0011226363
67278,0.0010921232
67279,0.0009817048
67280,0.0011391072
67281,0.0013427951
67282,0.0012207031
67283,0.0009852264
67284,0.0010726289
67285,0.0010453663
67286,0.0010880383
67287,0.00079084845
67288,0.0008357931
67289,0.0007981747
67290,0.0010012835
67291,0.0014363335
67292,0.002428797
67293,0.0025079828
67294,0.0015775146
67295,0.0008506347
67296,0.0013316299
67297,0.0013942393
67298,0.0011007236
67299,0.0011281964
67300,0.0012567908
67301,0.0011278351
67302,0.0013261328
67303,0.0020878073
67304,0.0020473662
67305,0.0014600477
67306,0.0011864383
67307,0.00079686096
67308,0.0012287116
67309,0.0015116023
67310,0.0015209883
67311,0.0016543476
67312,0.0016648171
67313,0.0016497673
67314,0.002015359
67315,0.0024082435
67316,0.0023650015
67317,0.0019835692
67318,0.0014690894
67319,0.0012409205
67320,0.001424165
67321,0.0016377274
67322,0.0016782067
67323,0.0014221609
67324,0.0010933484
67325,0.0007894857
67326,0.0007531105
67327,0.00074048375
67328,0.00068723864
67329,0.0008851742
67330,0.0012352318
67331,0.001505274
67332,0.0014547356
67333,0.0012142487
67334,0.00083478267
67335,0.0006989125
67336,0.00050452165
67337,0.00039185688
67338,0.00050739775
67339,0.00086434674
67340,0.0017994053
67341,0.0025265855
67342,0.0034137939
67343,0.003655547
67344,0.0025591927
67345,0.0022438592
67346,0.004031007
67347,0.0045402846
67348,0.0037082233
67349,0.004352902
67350,0.0052222633
67351,0.0053663775
67352,0.004093894
67353,0.002892577
67354,0.002559932
67355,0.0018584428
67356,0.001312522
67357,0.00086894754
67358,0.0010860572
67359,0.0013663435
67360,0.0013310615
67361,0.00070252595
67362,0.0009861712
67363,0.0011976205
67364,0.001274794
67365,0.0012687525
67366,0.0010628982
67367,0.0007348814
67368,0.00076792046
67369,0.0012988134
67370,0.0014730067
67371,0.001327405
67372,0.00083296775
67373,0.0010229365
67374,0.000860026
67375,0.0013479437
67376,0.0016521295
67377,0.002061363
67378,0.002178977
67379,0.0018074098
67380,0.0018984319
67381,0.0026820225
67382,0.003018349
67383,0.0029257012
67384,0.002390315
67385,0.0019658094
67386,0.0018314838
67387,0.0027197052
67388,0.0032020016
67389,0.0036394452
67390,0.0039718384
67391,0.003968796
67392,0.0046877647
67393,0.0055159307
67394,0.0055898894
67395,0.004819483
67396,0.00336599
67397,0.0025021972
67398,0.0023609248
67399,0.002514033
67400,0.0022543408
67401,0.001959908
67402,0.0014238993
67403,0.0010944924
67404,0.0015771824
67405,0.0015119874
67406,0.0009354335
67407,0.0010168584
67408,0.0019004545
67409,0.0029859212
67410,0.0023426837
67411,0.0006965349
67412,0.001107314
67413,0.0013017902
67414,0.0011863157
67415,0.0009415118
67416,0.00063791045
67417,0.00057595613
67418,0.0009120238
67419,0.00067854446
67420,0.00061087584
67421,0.0010334662
67422,0.0013468852
67423,0.00095141336
67424,0.0009503421
67425,0.0009565691
67426,0.0009330971
67427,0.0010102828
67428,0.000806698
67429,0.0005767136
67430,0.00068918394
67431,0.0010896154
67432,0.00080792373
67433,0.00039547944
67434,0.00095431495
67435,0.0013071893
67436,0.0010213705
67437,0.0009985184
67438,0.00088858703
67439,0.0008101181
67440,0.00094253133
67441,0.0011900878
67442,0.0015993911
67443,0.0015059505
67444,0.0006989125
67445,0.0011130029
67446,0.0013451772
67447,0.0009034956
67448,0.00043860724
67449,0.0008589086
67450,0.0016471012
67451,0.002498053
67452,0.002129517
67453,0.0013292674
67454,0.0011435951
67455,0.0014989382
67456,0.002722251
67457,0.0038630962
67458,0.004238601
67459,0.003705012
67460,0.0036483507
67461,0.003335782
67462,0.0013142283
67463,0.0010147955
67464,0.0008510794
67465,0.0007241899
67466,0.0012588039
67467,0.0024257756
67468,0.0040741037
67469,0.0043299887
67470,0.002662309
67471,0.0016737612
67472,0.0014030827
67473,0.0012243455
67474,0.0012293035
67475,0.0011296658
67476,0.0011457562
67477,0.0013020138
67478,0.0027015598
67479,0.0041233753
67480,0.0040539014
67481,0.0026209496
67482,0.0022837392
67483,0.0020268646
67484,0.0010406505
67485,0.0013200837
67486,0.0016915419
67487,0.0017419263
67488,0.0015369775
67489,0.0011404095
67490,0.0007903331
67491,0.00067841576
67492,0.0008278157
67493,0.00071248086
67494,0.00062709727
67495,0.0009108423
67496,0.0013603448
67497,0.0013345772
67498,0.0009446904
67499,0.001279966
67500,0.002482486
67501,0.0027378367
67502,0.0018755125
67503,0.0016472603
67504,0.0021329036
67505,0.0022475398
67506,0.002185006
67507,0.0016236635
67508,0.001610218
67509,0.0014127777
67510,0.0010484798
67511,0.001255725
67512,0.0015217152
67513,0.0014028961
67514,0.0020855616
67515,0.001704585
67516,0.0010326492
67517,0.0009300041
67518,0.00084765285
67519,0.00092837535
67520,0.0014534147
67521,0.0018174461
67522,0.002385159
67523,0.002678765
67524,0.0028929794
67525,0.0021050633
67526,0.0015354239
67527,0.0016317989
67528,0.00191437
67529,0.0017249183
67530,0.001723095
67531,0.001230132
67532,0.0014372045
67533,0.0012840976
67534,0.0010334098
67535,0.0010955821
67536,0.001439491
67537,0.0018967448
67538,0.0021340086
67539,0.0022071775
67540,0.0026612047
67541,0.0026804812
67542,0.0021577298
67543,0.0018579416
67544,0.0013277339
67545,0.0016521119
67546,0.0015512268
67547,0.0017623901
67548,0.0019658834
67549,0.001776994
67550,0.0017952113
67551,0.0018318174
67552,0.0019296788
67553,0.0015627227
67554,0.0018391747
67555,0.0023183317
67556,0.0014832453
67557,0.00059450563
67558,0.00071927026
67559,0.00096968375
67560,0.0016208289
67561,0.0018463607
67562,0.002013741
67563,0.0019915057
67564,0.0018719867
67565,0.00088398973
67566,0.0014520924
67567,0.0023082038
67568,0.0024202624
67569,0.0017771577
67570,0.0010215985
67571,0.0010668611
67572,0.0012840976
67573,0.0013901837
67574,0.002345738
67575,0.0023912038
67576,0.0010553413
67577,0.0006262613
67578,0.0008423833
67579,0.00083398045
67580,0.0007741862
67581,0.0011396181
67582,0.0013837838
67583,0.0012925239
67584,0.0010753928
67585,0.0006164721
67586,0.0005710845
67587,0.00095471134
67588,0.0011815467
67589,0.0010151683
67590,0.0009080582
67591,0.0011761399
67592,0.0022651723
67593,0.0021327126
67594,0.0013861583
67595,0.00089660805
67596,0.0010599094
67597,0.0009389426
67598,0.0012125458
67599,0.0
67600,0.0016619127
67601,0.0015698209
67602,0.0013600239
67603,0.0010615007
67604,0.0009704038
67605,0.0012408033
67606,0.0016761938
67607,0.0015113135
67608,0.0012431232
67609,0.0011046826
67610,0.0010878511
67611,0.00075542566
67612,0.0008923131
67613,0.0012414833
67614,0.0010980498
67615,0.00073519815
67616,0.00094810384
67617,0.0010296009
67618,0.00074083736
67619,0.0010321982
67620,0.00096106145
67621,0.00070793217
67622,0.00082036393
67623,0.0010653323
67624,0.0015502322
67625,0.0022346443
67626,0.0021727036
67627,0.0014782727
67628,0.0007811844
67629,0.0011155886
67630,0.0012302028
67631,0.0011061833
67632,0.0010953696
67633,0.0011213912
67634,0.00084234873
67635,0.0009983436
67636,0.0025232774
67637,0.0023824975
67638,0.000932317
67639,0.00050417543
67640,0.00062239217
67641,0.0012127138
67642,0.0010986594
67643,0.00071162253
67644,0.0009885587
67645,0.0010798222
67646,0.0007854201
67647,0.0013014548
67648,0.0016761591
67649,0.0019018322
67650,0.0017919173
67651,0.0017205934
67652,0.00144365
67653,0.001256119
67654,0.0015591616
67655,0.0017626543
67656,0.0015591616
67657,0.0010758258
67658,0.0008559555
67659,0.0006090627
67660,0.0011275253
67661,0.0013089916
67662,0.0014966647
67663,0.0016217624
67664,0.0016640128
67665,0.0014475356
67666,0.00093459303
67667,0.0007279578
67668,0.0008208959
67669,0.00046187776
67670,0.0004461076
67671,0.00080228446
67672,0.0009120877
67673,0.0018667711
67674,0.00337641
67675,0.003960802
67676,0.003826421
67677,0.002853669
67678,0.0009229991
67679,0.0028111085
67680,0.0035700023
67681,0.0039610886
67682,0.0043518925
67683,0.005279403
67684,0.0054003773
67685,0.004229961
67686,0.0032325953
67687,0.0035216
67688,0.003216575
67689,0.002033044
67690,0.0010738763
67691,0.00084138074
67692,0.00094425894
67693,0.0011465688
67694,0.0012802843
67695,0.002169406
67696,0.0022092466
67697,0.001964269
67698,0.0013117456
67699,0.0008382618
67700,0.0005082574
67701,0.0009167028
67702,0.0011936284
67703,0.001089081
67704,0.0008573824
67705,0.0007853831
67706,0.0013262645
67707,0.0016170897
67708,0.002009835
67709,0.0025327522
67710,0.0029604705
67711,0.0032705818
67712,0.0029490052
67713,0.002659071
67714,0.0026675074
67715,0.0028051075
67716,0.0027821672
67717,0.002444468
67718,0.0021020193
67719,0.0017615478
67720,0.0021346905
67721,0.002607903
67722,0.0023374727
67723,0.0027775816
67724,0.0026680746
67725,0.0027270042
67726,0.0029243182
67727,0.003538962
67728,0.003933373
67729,0.0037193513
67730,0.0029292703
67731,0.0024146521
67732,0.002153693
67733,0.002177467
67734,0.0019309453
67735,0.0016445726
67736,0.0013921293
67737,0.0016205057
67738,0.0014039122
67739,0.0006579883
67740,0.0015560412
67741,0.002295662
67742,0.0027367095
67743,0.0018913975
67744,0.00085534324
67745,0.0013979916
67746,0.0014375083
67747,0.0012531034
67748,0.0011523165
67749,0.001106499
67750,0.001002097
67751,0.00086120964
67752,0.0004445391
67753,0.00054591504
67754,0.00092211575
67755,0.0014353809
67756,0.0013225947
67757,0.0012574622
67758,0.0013759799
67759,0.0015379429
67760,0.0015415909
67761,0.0015223462
67762,0.0015515646
67763,0.0014742904
67764,0.0013093695
67765,0.0010321699
67766,0.0010011672
67767,0.0011669982
67768,0.0015246959
67769,0.0012617367
67770,0.000934157
67771,0.0008113028
67772,0.0010639929
67773,0.0014449195
67774,0.0017185793
67775,0.001787152
67776,0.0015060084
67777,0.0006770846
67778,0.0011098868
67779,0.0011434424
67780,0.0006389134
67781,0.0005866702
67782,0.0011605961
67783,0.0018629163
67784,0.0024385795
67785,0.0021932088
67786,0.0011523165
67787,0.00064849854
67788,0.00062239217
67789,0.0015523896
67790,0.004066109
67791,0.004651698
67792,0.0039620954
67793,0.0034342785
67794,0.0024257635
67795,0.001201236
67796,0.00064818433
67797,0.000989824
67798,0.0012435913
67799,0.0022340321
67800,0.0037137445
67801,0.004528873
67802,0.004170635
67803,0.0023362522
67804,0.0010405947
67805,0.000996914
67806,0.0011418887
67807,0.0011503195
67808,0.0013181642
67809,0.0020682837
67810,0.0031912217
67811,0.0041169473
67812,0.004672106
67813,0.003543901
67814,0.0019781918
67815,0.0020018548
67816,0.001667891
67817,0.0013625253
67818,0.0015682628
67819,0.0016827615
67820,0.0018689681
67821,0.0019536316
67822,0.0016754818
67823,0.0010349858
67824,0.0010476467
67825,0.0009759365
67826,0.00063112203
67827,0.0005327481
67828,0.00094064587
67829,0.001510254
67830,0.00131332
67831,0.00088418723
67832,0.00094166637
67833,0.002181193
67834,0.0029639683
67835,0.0023739801
67836,0.0010623778
67837,0.0011559225
67838,0.0014061701
67839,0.0017082519
67840,0.0017162408
67841,0.0017217264
67842,0.0016542948
67843,0.0020176251
67844,0.0024148813
67845,0.0025295212
67846,0.0023232729
67847,0.0018145613
67848,0.0013807729
67849,0.00086753967
67850,0.0009076094
67851,0.0010168297
67852,0.001581789
67853,0.0020383196
67854,0.0024423478
67855,0.0023799432
67856,0.00233442
67857,0.0020473662
67858,0.0018622131
67859,0.0016455987
67860,0.0023399119
67861,0.002408473
67862,0.0017827497
67863,0.0011217545
67864,0.00094206806
67865,0.001256374
67866,0.0010956618
67867,0.0009134906
67868,0.0011914565
67869,0.0012840976
67870,0.0012189853
67871,0.001159919
67872,0.0008301679
67873,0.0011945791
67874,0.0013375614
67875,0.0010176881
67876,0.0008817151
67877,0.0009974394
67878,0.001459609
67879,0.0016155773
67880,0.0024276464
67881,0.0024966428
67882,0.0019107331
67883,0.002346135
67884,0.0024634793
67885,0.002318043
67886,0.001536504
67887,0.002057406
67888,0.0029975753
67889,0.002510407
67890,0.00089890976
67891,0.00082746404
67892,0.00125236
67893,0.0019136249
67894,0.0022010242
67895,0.0021611396
67896,0.0015909071
67897,0.0011157191
67898,0.0007261965
67899,0.0012461863
67900,0.0019672597
67901,0.0026396052
67902,0.0024919757
67903,0.0015790267
67904,0.00053362147
67905,0.0008918563
67906,0.0015006071
67907,0.002351067
67908,0.002238522
67909,0.0009989263
67910,0.0008025383
67911,0.00079106924
67912,0.0008236567
67913,0.00081937
67914,0.0011838845
67915,0.0013492169
67916,0.0012331094
67917,0.0010358291
67918,0.0009184473
67919,0.0008225959
67920,0.00078889565
67921,0.0006735939
67922,0.00075144693
67923,0.00095122977
67924,0.0015222124
67925,0.002279185
67926,0.0018779318
67927,0.0010800378
67928,0.0009693235
67929,0.0009701938
67930,0.00092523516
67931,0.00084009994
67932,0.0
67933,0.001320811
67934,0.0011646015
67935,0.0009376709
67936,0.0008900597
67937,0.0011128983
67938,0.0012243455
67939,0.0012498476
67940,0.0008407233
67941,0.0012375386
67942,0.0016982388
67943,0.0015260505
67944,0.0013656403
67945,0.0013666416
67946,0.001200218
67947,0.0011124274
67948,0.00072278193
67949,0.0011417867
67950,0.0010663427
67951,0.0008026108
67952,0.0011613232
67953,0.0011831713
67954,0.0009862597
67955,0.0008952437
67956,0.0014057354
67957,0.0015640445
67958,0.0019135033
67959,0.001804622
67960,0.0009020771
67961,0.0006791447
67962,0.0008899616
67963,0.0012760034
67964,0.0013287637
67965,0.0012341238
67966,0.001320238
67967,0.0011722733
67968,0.0009639945
67969,0.002449701
67970,0.0024559542
67971,0.0010336069
67972,0.00038827548
67973,0.0007468628
67974,0.001159191
67975,0.0009736375
67976,0.0005338941
67977,0.00052973494
67978,0.00066616456
67979,0.0003740738
67980,0.00085452624
67981,0.00075307186
67982,0.00054270687
67983,0.0007965322
67984,0.0010452549
67985,0.0008542537
67986,0.00093272276
67987,0.0014780167
67988,0.0015642678
67989,0.0011939942
67990,0.0010959805
67991,0.0009632998
67992,0.0012426549
67993,0.0017880475
67994,0.0018141924
67995,0.0018316903
67996,0.0017705784
67997,0.0015164274
67998,0.00095909106
67999,0.0006748457
68000,0.00065581733
68001,0.0009153048
68002,0.00092542387
68003,0.0010069356
68004,0.0009671894
68005,0.00085924735
68006,0.0014960229
68007,0.0034695799
68008,0.0038630285
68009,0.0037992853
68010,0.0033542449
68011,0.000838366
68012,0.0022196688
68013,0.003057722
68014,0.0034328375
68015,0.0027551095
68016,0.0031252126
68017,0.0040882877
68018,0.003788822
68019,0.0032958896
68020,0.0037161182
68021,0.0037963886
68022,0.0026856551
68023,0.0014334534
68024,0.0011367798
68025,0.00095863576
68026,0.0012319996
68027,0.0017456481
68028,0.0021963383
68029,0.0020550564
68030,0.0015121029
68031,0.0010895085
68032,0.00077527564
68033,0.0006989125
68034,0.0011069197
68035,0.0012915328
68036,0.0015534204
68037,0.0015355187
68038,0.0014270027
68039,0.0017181559
68040,0.0018101291
68041,0.00184833
68042,0.0019235155
68043,0.0025670277
68044,0.003100605
68045,0.0030821715
68046,0.0025112417
68047,0.0023458495
68048,0.0024599798
68049,0.0027561446
68050,0.002765516
68051,0.0023754754
68052,0.0021779616
68053,0.0020571654
68054,0.0016198949
68055,0.0013660239
68056,0.0016121147
68057,0.0017518891
68058,0.002202346
68059,0.0024925012
68060,0.0027828575
68061,0.0027703003
68062,0.0028782238
68063,0.0024115043
68064,0.0012636959
68065,0.0009909113
68066,0.001339627
68067,0.0015785658
68068,0.0018293691
68069,0.0014800238
68070,0.0015008979
68071,0.0011773765
68072,0.0006808567
68073,0.0018602116
68074,0.0023006895
68075,0.00211872
68076,0.0014510298
68077,0.0012815794
68078,0.0016102361
68079,0.0018504073
68080,0.0016058743
68081,0.0014736191
68082,0.0014314216
68083,0.0012663417
68084,0.0010839648
68085,0.0007311492
68086,0.00063945976
68087,0.0007050485
68088,0.0011184026
68089,0.0011502182
68090,0.0012475168
68091,0.0012597746
68092,0.0013769736
68093,0.0013852972
68094,0.0018980947
68095,0.002051073
68096,0.0020440656
68097,0.0016373185
68098,0.0014713857
68099,0.0015711738
68100,0.0015771639
68101,0.001756286
68102,0.0013737995
68103,0.00081284385
68104,0.0016304785
68105,0.0018416891
68106,0.0016794202
68107,0.0013851081
68108,0.0009815269
68109,0.001088787
68110,0.001227076
68111,0.0013979916
68112,0.00093956233
68113,0.0005555331
68114,0.00075507886
68115,0.0019169983
68116,0.0023062362
68117,0.0024491544
68118,0.0021261934
68119,0.0011775743
68120,0.0008886853
68121,0.0013030416
68122,0.0017633477
68123,0.0035652055
68124,0.004402438
68125,0.004239507
68126,0.0033452525
68127,0.0020498524
68128,0.0016076313
68129,0.0014671268
68130,0.0016914731
68131,0.0020999415
68132,0.0025373674
68133,0.0038759352
68134,0.0041345055
68135,0.002679949
68136,0.00114804
68137,0.0005887995
68138,0.00073098997
68139,0.0009629372
68140,0.0010828903
68141,0.0015246768
68142,0.002114141
68143,0.0033046906
68144,0.0035800564
68145,0.0035853933
68146,0.0019661796
68147,0.0018827145
68148,0.0020146947
68149,0.0017026204
68150,0.0017189687
68151,0.0015271944
68152,0.001283372
68153,0.0011065516
68154,0.0015263176
68155,0.0015795795
68156,0.0015490302
68157,0.0013714673
68158,0.00092580117
68159,0.0006897749
68160,0.0006940653
68161,0.00086888054
68162,0.001654717
68163,0.0014766377
68164,0.0009781407
68165,0.00092608406
68166,0.001681412
68167,0.002563488
68168,0.0025126203
68169,0.0012240127
68170,0.0009025932
68171,0.00078475283
68172,0.00063580833
68173,0.0009063901
68174,0.00097578735
68175,0.0013702783
68176,0.0020500086
68177,0.001988215
68178,0.0021617725
68179,0.0020466696
68180,0.0016454925
68181,0.0012221804
68182,0.00094779686
68183,0.0012007029
68184,0.0013688758
68185,0.0016006099
68186,0.0016288891
68187,0.0014842065
68188,0.0011765357
68189,0.0014838731
68190,0.0015218874
68191,0.001469842
68192,0.0017885196
68193,0.002588918
68194,0.0028970109
68195,0.002394755
68196,0.0017470481
68197,0.0017701181
68198,0.0015248677
68199,0.0011772035
68200,0.0012816021
68201,0.0011842531
68202,0.0009778729
68203,0.00088405557
68204,0.0012323066
68205,0.0013757683
68206,0.0013153793
68207,0.0010749326
68208,0.0008341549
68209,0.00092564395
68210,0.0011712549
68211,0.0014050519
68212,0.0015476767
68213,0.002530499
68214,0.0026646582
68215,0.0017265204
68216,0.001625652
68217,0.0017327798
68218,0.0016104168
68219,0.0013511785
68220,0.0019963225
68221,0.0033236763
68222,0.0033875972
68223,0.0020569956
68224,0.0008831004
68225,0.0008187659
68226,0.00103417
68227,0.0010933484
68228,0.0011084436
68229,0.0007379246
68230,0.0004511031
68231,0.0006402785
68232,0.00082988734
68233,0.0015427609
68234,0.0023782793
68235,0.0028015256
68236,0.0020089806
68237,0.00096667773
68238,0.0013056746
68239,0.0016232511
68240,0.0018296554
68241,0.0015769979
68242,0.0010838575
68243,0.001321582
68244,0.0012385495
68245,0.00131812
68246,0.0010367839
68247,0.0013470581
68248,0.0013357761
68249,0.0013221104
68250,0.00086978445
68251,0.00095945515
68252,0.001191896
68253,0.0012086993
68254,0.0012682936
68255,0.001227076
68256,0.0011131598
68257,0.0013545989
68258,0.0021561377
68259,0.0020029305
68260,0.0014286131
68261,0.0009658042
68262,0.0006946102
68263,0.00093940744
68264,0.0013251228
68265,0.0
68266,0.0007201599
68267,0.00092953455
68268,0.0009003332
68269,0.0013756414
68270,0.0013888222
68271,0.0012054926
68272,0.0011254068
68273,0.001252662
68274,0.0016256699
68275,0.0018631194
68276,0.0015049066
68277,0.0018246699
68278,0.001828669
68279,0.0014480985
68280,0.0012135535
68281,0.00083978806
68282,0.0010746618
68283,0.0010878511
68284,0.0008523096
68285,0.0010963788
68286,0.0010005857
68287,0.00070111605
68288,0.00068689976
68289,0.0014898041
68290,0.0015694872
68291,0.0012777129
68292,0.001145299
68293,0.0011198589
68294,0.0012734692
68295,0.001418021
68296,0.0017256099
68297,0.0017987905
68298,0.0015777728
68299,0.0016433157
68300,0.0014707525
68301,0.0015921324
68302,0.0020865384
68303,0.0019420219
68304,0.00094175903
68305,0.00023810557
68306,0.0012035597
68307,0.0014314216
68308,0.0011264408
68309,0.00078885874
68310,0.0007341286
68311,0.00089182367
68312,0.0005776213
68313,0.0008601952
68314,0.00084483274
68315,0.0007273178
68316,0.0008203994
68317,0.0011349606
68318,0.0011490791
68319,0.0012428422
68320,0.0013702146
68321,0.000978587
68322,0.0003072667
68323,0.0010394192
68324,0.0014985887
68325,0.0017418427
68326,0.002065707
68327,0.0019121948
68328,0.001969906
68329,0.0018148018
68330,0.0013580322
68331,0.0008924761
68332,0.0007166353
68333,0.00085931504
68334,0.001373969
68335,0.0016135583
68336,0.0018621975
68337,0.0017877057
68338,0.0014503677
68339,0.0018610875
68340,0.0032127271
68341,0.0036535081
68342,0.0035250445
68343,0.0033368987
68344,0.0018597109
68345,0.001064157
68346,0.0020651012
68347,0.0024100193
68348,0.002530453
68349,0.0034126258
68350,0.0040252414
68351,0.0032394126
68352,0.002533591
68353,0.0029599592
68354,0.0037328016
68355,0.0030274952
68356,0.0016732742
68357,0.0012974682
68358,0.0009712432
68359,0.0013226387
68360,0.0016588627
68361,0.0016335458
68362,0.0011822854
68363,0.0009407696
68364,0.0010619668
68365,0.0012397942
68366,0.0015934297
68367,0.0018551198
68368,0.002196908
68369,0.0022510593
68370,0.0022713311
68371,0.0018754969
68372,0.0015913278
68373,0.0010711355
68374,0.0009922027
68375,0.001400259
68376,0.0017824884
68377,0.0023760756
68378,0.0022189736
68379,0.0018670985
68380,0.001968221
68381,0.002120162
68382,0.00225376
68383,0.0019939302
68384,0.0016712205
68385,0.0021127777
68386,0.0021570958
68387,0.001625079
68388,0.0014967232
68389,0.0016887696
68390,0.0015510768
68391,0.0015767395
68392,0.0014270027
68393,0.0015788239
68394,0.001344333
68395,0.002263977
68396,0.0024631368
68397,0.0014402793
68398,0.0007843077
68399,0.0012397238
68400,0.0014385405
68401,0.00158039
68402,0.0014297738
68403,0.0010949975
68404,0.00091259804
68405,0.000689015
68406,0.001838035
68407,0.0022015
68408,0.0021112894
68409,0.0017820313
68410,0.0018532363
68411,0.0020785865
68412,0.0019596855
68413,0.0014755336
68414,0.0015732655
68415,0.0014409056
68416,0.0010857355
68417,0.0010033161
68418,0.00087827555
68419,0.0006062369
68420,0.00044832026
68421,0.0006792732
68422,0.0011139961
68423,0.0013250789
68424,0.0013171923
68425,0.0011135257
68426,0.0009660754
68427,0.0013225947
68428,0.0014215673
68429,0.0015164849
68430,0.0013303179
68431,0.001090363
68432,0.0011280415
68433,0.0011257688
68434,0.0016593363
68435,0.0015033198
68436,0.0012744743
68437,0.0025981308
68438,0.002476053
68439,0.0013159987
68440,0.0007618324
68441,0.00080311834
68442,0.0012168825
68443,0.001622193
68444,0.0013930071
68445,0.0010302225
68446,0.0007741486
68447,0.001494719
68448,0.0022963844
68449,0.0027862962
68450,0.0023220198
68451,0.0016588451
68452,0.0013340974
68453,0.0015335273
68454,0.0017470147
68455,0.0018945032
68456,0.002755701
68457,0.003551473
68458,0.0038718858
68459,0.0034520798
68460,0.0035111548
68461,0.0034974597
68462,0.0035858236
68463,0.0030778344
68464,0.0037004293
68465,0.0036565103
68466,0.0040323283
68467,0.0032034372
68468,0.001458033
68469,0.0010338322
68470,0.001145299
68471,0.0013283256
68472,0.0010282431
68473,0.0010675974
68474,0.0016327617
68475,0.0016772005
68476,0.00189788
68477,0.0020055731
68478,0.0018584741
68479,0.0020339028
68480,0.0019305233
68481,0.00206379
68482,0.0018756212
68483,0.0017956814
68484,0.0015736909
68485,0.0010929757
68486,0.000839996
68487,0.0010060102
68488,0.0010653597
68489,0.0015674832
68490,0.0015579477
68491,0.0011385705
68492,0.0011370614
68493,0.0011213134
68494,0.0006843954
68495,0.0012905635
68496,0.0014503677
68497,0.0011830729
68498,0.0012629586
68499,0.0018168375
68500,0.0025167638
68501,0.002787205
68502,0.0014360498
68503,0.0011512552
68504,0.0013465828
68505,0.0013665351
68506,0.0015099071
68507,0.00097381684
68508,0.0011283769
68509,0.002029419
68510,0.0016755165
68511,0.0011096508
68512,0.0014430652
68513,0.0019364239
68514,0.0014360093
68515,0.00089426787
68516,0.0017508422
68517,0.0014730463
68518,0.0010125848
68519,0.00075823284
68520,0.00049502956
68521,0.00052059087
68522,0.001185604
68523,0.0014051555
68524,0.0011609221
68525,0.0010723575
68526,0.0020931393
68527,0.00311512
68528,0.0029040147
68529,0.0026549746
68530,0.0025410694
68531,0.0025863198
68532,0.0026181277
68533,0.002611104
68534,0.0015232827
68535,0.0013565955
68536,0.0015346846
68537,0.0012364563
68538,0.0012046715
68539,0.0008859629
68540,0.0008339106
68541,0.0008646161
68542,0.00083387573
68543,0.0009499132
68544,0.0012363151
68545,0.0013611148
68546,0.0022505033
68547,0.0028192548
68548,0.0021993308
68549,0.001485363
68550,0.0010545413
68551,0.0007516793
68552,0.00079744513
68553,0.0010560581
68554,0.00264851
68555,0.0036386533
68556,0.0029817563
68557,0.0010251533
68558,0.0008812859
68559,0.0006692592
68560,0.000532912
68561,0.00077872165
68562,0.0005709826
68563,0.00057169574
68564,0.000790149
68565,0.00072048313
68566,0.0011071826
68567,0.0016585469
68568,0.0032044002
68569,0.0027759466
68570,0.0010656328
68571,0.00112688
68572,0.0014800632
68573,0.0018326276
68574,0.0019101694
68575,0.0017455815
68576,0.0015269276
68577,0.0013238704
68578,0.0014814391
68579,0.0009593641
68580,0.0008251041
68581,0.0009883527
68582,0.001245205
68583,0.0012338408
68584,0.0013888641
68585,0.001573247
68586,0.0016066171
68587,0.0016753254
68588,0.0018980486
68589,0.0016029356
68590,0.0011247083
68591,0.0016924535
68592,0.0016713599
68593,0.0015337929
68594,0.0012611138
68595,0.00089195423
68596,0.001457494
68597,0.0017716466
68598,0.0
68599,0.0011320593
68600,0.001034592
68601,0.0007574264
68602,0.0010524694
68603,0.0012064097
68604,0.0011647515
68605,0.0009790033
68606,0.0010984474
68607,0.001380794
68608,0.0017647005
68609,0.0016001916
68610,0.001882096
68611,0.0020984302
68612,0.0015738574
68613,0.0011035227
68614,0.00073969725
68615,0.0011067094
68616,0.0010561408
68617,0.00072064466
68618,0.0013656616
68619,0.0012967951
68620,0.00068884605
68621,0.0007496244
68622,0.0013567887
68623,0.0014284501
68624,0.00096336025
68625,0.0008277805
68626,0.0012675821
68627,0.0016415259
68628,0.0018752331
68629,0.0020145793
68630,0.0020257155
68631,0.0018283346
68632,0.0018904586
68633,0.0017836473
68634,0.0016759507
68635,0.0016520238
68636,0.0013218903
68637,0.0009134587
68638,0.0010626791
68639,0.0015926441
68640,0.0017873638
68641,0.0013189367
68642,0.0010781228
68643,0.0010115495
68644,0.0010559479
68645,0.0006441306
68646,0.00084183033
68647,0.00092554966
68648,0.00070260884
68649,0.00068350177
68650,0.0011369078
68651,0.0014317062
68652,0.0012169781
68653,0.0011942378
68654,0.00094425894
68655,0.0007956548
68656,0.0014553358
68657,0.0020316835
68658,0.0022494297
68659,0.002190832
68660,0.0019235609
68661,0.0019143396
68662,0.0015616795
68663,0.0013008062
68664,0.001314029
68665,0.001239536
68666,0.0013885917
68667,0.0015192077
68668,0.001392422
68669,0.0017527527
68670,0.0017254581
68671,0.0016400182
68672,0.0019965412
68673,0.0023721284
68674,0.0026327823
68675,0.0027692812
68676,0.0029604705
68677,0.002350002
68678,0.0016349884
68679,0.0014453626
68680,0.0019242415
68681,0.0025368626
68682,0.0029831713
68683,0.0030753936
68684,0.0026049775
68685,0.002468896
68686,0.0027030245
68687,0.003751219
68688,0.0036958333
68689,0.002212498
68690,0.0016712205
68691,0.001260098
68692,0.0014827547
68693,0.0017629515
68694,0.0014955365
68695,0.0010193454
68696,0.0008481677
68697,0.001151154
68698,0.0015069165
68699,0.0018328023
68700,0.0018077318
68701,0.0017794489
68702,0.0016426779
68703,0.0017420265
68704,0.001729535
68705,0.001331608
68706,0.0006464308
68707,0.00089358416
68708,0.0012289484
68709,0.00115431
68710,0.00189012
68711,0.0019979256
68712,0.0021240432
68713,0.0020819162
68714,0.0018422105
68715,0.0017239562
68716,0.001645298
68717,0.0018639315
68718,0.0021463698
68719,0.0017427448
68720,0.0012863395
68721,0.0010225382
68722,0.0012050096
68723,0.0010453663
68724,0.0010626517
68725,0.0008319889
68726,0.0007851978
68727,0.00068838114
68728,0.0019751587
68729,0.0024177236
68730,0.0013715521
68731,0.0006033496
68732,0.0010825947
68733,0.0014236949
68734,0.0016659531
68735,0.0021318663
68736,0.0018941499
68737,0.0015026422
68738,0.0009913223
68739,0.0014783514
68740,0.0014937061
68741,0.0015273659
68742,0.0017644531
68743,0.0019793096
68744,0.0019038359
68745,0.0014969565
68746,0.0011439513
68747,0.0009658042
68748,0.000985315
68749,0.00068362954
68750,0.000720887
68751,0.0006356252
68752,0.0003879005
68753,0.0007085896
68754,0.0009082825
68755,0.0012845055
68756,0.001582212
68757,0.0016843519
68758,0.0015814209
68759,0.0012192002
68760,0.0011828268
68761,0.001256814
68762,0.001151988
68763,0.0012557715
68764,0.00084772153
68765,0.00070003595
68766,0.0006650714
68767,0.0013982622
68768,0.0012192718
68769,0.0012659968
68770,0.002900555
68771,0.0025389725
68772,0.00079257623
68773,0.0006323659
68774,0.0009073849
68775,0.0011220918
68776,0.0011546125
68777,0.0006297371
68778,0.00083443394
68779,0.001029403
68780,0.0015457198
68781,0.0020320846
68782,0.0021704254
68783,0.0015819545
68784,0.0013313239
68785,0.0016719867
68786,0.0018201664
68787,0.0018119772
68788,0.0018961156
68789,0.0020099655
68790,0.002572034
68791,0.00301049
68792,0.0030463838
68793,0.0035402447
68794,0.0033809668
68795,0.0037287606
68796,0.0038065326
68797,0.004623193
68798,0.004565713
68799,0.0037185375
68800,0.0027207325
68801,0.0010756905
68802,0.0013098362
68803,0.0016476667
68804,0.0018833946
68805,0.0016202003
68806,0.0016816369
68807,0.001969596
68808,0.0019807061
68809,0.0018632755
68810,0.0017613495
68811,0.001526756
68812,0.001893074
68813,0.0018650866
68814,0.0016585819
68815,0.001625437
68816,0.0015540011
68817,0.0013783046
68818,0.0011848919
68819,0.0011943597
68820,0.0005616292
68821,0.00093850854
68822,0.001482951
68823,0.0012098305
68824,0.0010427181
68825,0.0013399745
68826,0.0013919203
68827,0.0009468752
68828,0.0012718684
68829,0.0013940096
68830,0.0011728938
68831,0.0010138773
68832,0.0016420577
68833,0.0022446115
68834,0.0022799
68835,0.001486029
68836,0.0011774506
68837,0.0012633504
68838,0.0015147951
68839,0.0017239224
68840,0.0013134086
68841,0.0015962218
68842,0.002409621
68843,0.001697896
68844,0.0007632827
68845,0.00123688
68846,0.0020934453
68847,0.0015582279
68848,0.0015357462
68849,0.0022027425
68850,0.0017305276
68851,0.001013102
68852,0.0010630351
68853,0.0007561958
68854,0.0010421317
68855,0.0013467557
68856,0.0012837576
68857,0.0010849846
68858,0.0008520705
68859,0.0015839953
68860,0.0024063818
68861,0.0019816756
68862,0.0018135667
68863,0.001928819
68864,0.002380628
68865,0.003064349
68866,0.0034997473
68867,0.0028758668
68868,0.002624279
68869,0.0022240437
68870,0.0017675514
68871,0.0014459464
68872,0.0011958695
68873,0.00094157364
68874,0.00046657975
68875,0.0005504279
68876,0.00079202524
68877,0.0010255224
68878,0.0010730086
68879,0.001934153
68880,0.0027639056
68881,0.00236127
68882,0.0017743551
68883,0.0016457755
68884,0.0014749615
68885,0.00089273695
68886,0.000664765
68887,0.0017414584
68888,0.003030301
68889,0.0033445216
68890,0.0018176062
68891,0.00085066893
68892,0.00085728057
68893,0.00071760936
68894,0.0007953255
68895,0.00082865905
68896,0.0008392334
68897,0.0007048421
68898,0.0011054464
68899,0.0016201464
68900,0.001834453
68901,0.0031062225
68902,0.0027255951
68903,0.0010465072
68904,0.0013219344
68905,0.0020140011
68906,0.0023108376
68907,0.0024381736
68908,0.0019390373
68909,0.0013178108
68910,0.0018287485
68911,0.0018715358
68912,0.0010719774
68913,0.0009577246
68914,0.0009594855
68915,0.0010543205
68916,0.001337518
68917,0.0016595994
68918,0.0020126423
68919,0.002012411
68920,0.0012842562
68921,0.0012125938
68922,0.0013486128
68923,0.0011313391
68924,0.0012189853
68925,0.0011463403
68926,0.0013147817
68927,0.0017506427
68928,0.0017162068
68929,0.001969064
68930,0.0020353189
68931,0.0
68932,0.0012362209
68933,0.00092221046
68934,0.0006173213
68935,0.0008809556
68936,0.0009401507
68937,0.0009816454
68938,0.0005909211
68939,0.0007987943
68940,0.0011057096
68941,0.0015748556
68942,0.0013106803
68943,0.0013818896
68944,0.0020253276
68945,0.0017801031
68946,0.0010815726
68947,0.0005306133
68948,0.00091971393
68949,0.0011782908
68950,0.0010722489
68951,0.001960116
68952,0.0017404386
68953,0.00048174054
68954,0.0007567729
68955,0.0011622751
68956,0.0014855785
68957,0.0012928166
68958,0.001011981
68959,0.0012825781
68960,0.0014205228
68961,0.0013464963
68962,0.0015244286
68963,0.0015363146
68964,0.0015316473
68965,0.0014150419
68966,0.0014348739
68967,0.0011046826
68968,0.001067052
68969,0.0007802152
68970,0.0010465627
68971,0.0015410054
68972,0.0018938426
68973,0.0018514609
68974,0.0011103849
68975,0.0008822101
68976,0.00083781034
68977,0.00076034106
68978,0.00055479916
68979,0.0008414845
68980,0.00084086176
68981,0.000458145
68982,0.00024246595
68983,0.00093987206
68984,0.0013240682
68985,0.0009558995
68986,0.0011858003
68987,0.0011979607
68988,0.0010342263
68989,0.0013504674
68990,0.002112323
68991,0.0028483197
68992,0.0028579594
68993,0.002092583
68994,0.0018146896
68995,0.0017241925
68996,0.0020010115
68997,0.0021351266
68998,0.001721777
68999,0.0015515082
69000,0.0011464927
69001,0.00074170117
69002,0.0009849309
69003,0.0010993743
69004,0.0012384554
69005,0.0017250194
69006,0.002055538
69007,0.0020157057
69008,0.001827666
69009,0.0019491722
69010,0.0019900147
69011,0.0016014461
69012,0.0012672836
69013,0.0014449195
69014,0.0024272867
69015,0.0029439875
69016,0.0029830348
69017,0.0026132208
69018,0.002546424
69019,0.0026135326
69020,0.003550145
69021,0.004008548
69022,0.0027971384
69023,0.0015519209
69024,0.0012311016
69025,0.0012059512
69026,0.0013199073
69027,0.0010132169
69028,0.0010688506
69029,0.00058028556
69030,0.0011606213
69031,0.0015050032
69032,0.0013941975
69033,0.0016409762
69034,0.001652517
69035,0.0017363201
69036,0.0015165233
69037,0.001705865
69038,0.001307323
69039,0.00031659688
69040,0.0010492568
69041,0.001011981
69042,0.0006758369
69043,0.001236574
69044,0.0014276552
69045,0.001487595
69046,0.0013671952
69047,0.0013998431
69048,0.0018619318
69049,0.002227535
69050,0.002515584
69051,0.0020937372
69052,0.0019069976
69053,0.0015134304
69054,0.0011146229
69055,0.00089508115
69056,0.000763092
69057,0.0007947764
69058,0.00074369967
69059,0.00083944143
69060,0.0013154899
69061,0.001981984
69062,0.002231112
69063,0.0012085066
69064,0.0005520119
69065,0.001120924
69066,0.0013873336
69067,0.0014927901
69068,0.0018079411
69069,0.002074999
69070,0.0021878278
69071,0.0015017703
69072,0.0009918506
69073,0.0009472747
69074,0.0015069165
69075,0.0019436397
69076,0.0021115926
69077,0.0017675678
69078,0.0013327878
69079,0.0011475583
69080,0.0009912635
69081,0.00077898323
69082,0.000640642
69083,0.00092221046
69084,0.0010853602
69085,0.0008931281
69086,0.00089289993
69087,0.0015268322
69088,0.0017353644
69089,0.0018669894
69090,0.0017468315
69091,0.0017351967
69092,0.0014557156
69093,0.0012890064
69094,0.0010981824
69095,0.00077568844
69096,0.0010074846
69097,0.000823798
69098,0.00053443894
69099,0.0007323821
69100,0.0015039005
69101,0.0013777765
69102,0.001661825
69103,0.0026613139
69104,0.0023323123
69105,0.001005692
69106,0.0008357583
69107,0.0010285544
69108,0.0010349015
69109,0.00078908005
69110,0.00049508834
69111,0.00083735865
69112,0.001053713
69113,0.0012423972
69114,0.0014346914
69115,0.0017710552
69116,0.0015677431
69117,0.001466353
69118,0.0019819546
69119,0.0018005209
69120,0.001759349
69121,0.0019351159
69122,0.0019408676
69123,0.0015810896
69124,0.0015405333
69125,0.0023816668
69126,0.0029775857
69127,0.0040561766
69128,0.004412403
69129,0.0048105554
69130,0.0042398158
69131,0.0037709821
69132,0.0024356297
69133,0.0019973575
69134,0.0015915473
69135,0.0014444562
69136,0.0022338887
69137,0.0026314445
69138,0.0026489825
69139,0.0019493364
69140,0.0018466287
69141,0.0016979988
69142,0.001285751
69143,0.0010344232
69144,0.0010345076
69145,0.0015800032
69146,0.0016128909
69147,0.0012093012
69148,0.001314029
69149,0.0016060555
69150,0.0013659387
69151,0.0014600477
69152,0.0015381889
69153,0.0007306714
69154,0.0009816159
69155,0.0011981064
69156,0.0008038428
69157,0.0005776213
69158,0.0012565128
69159,0.0013119231
69160,0.0007358313
69161,0.0011435951
69162,0.0011643016
69163,0.0010544586
69164,0.0012455556
69165,0.0022483037
69166,0.0022722918
69167,0.0016734308
69168,0.0009202201
69169,0.0006842253
69170,0.0006578998
69171,0.0011253551
69172,0.0015582653
69173,0.00146196
69174,0.0019543464
69175,0.002539305
69176,0.001770858
69177,0.0009844876
69178,0.0011253551
69179,0.0018974812
69180,0.0018499512
69181,0.0020834673
69182,0.0023443853
69183,0.0016946532
69184,0.0014911124
69185,0.0013521474
69186,0.00062430644
69187,0.0010947583
69188,0.0012233467
69189,0.0011080235
69190,0.0011869288
69191,0.0011283769
69192,0.0016397698
69193,0.0017015773
69194,0.00090937136
69195,0.0010606779
69196,0.0013013878
69197,0.0012111048
69198,0.0023341957
69199,0.0030123068
69200,0.0024971208
69201,0.002196325
69202,0.00174211
69203,0.0016502788
69204,0.0016017186
69205,0.0016117897
69206,0.0013590605
69207,0.00084183033
69208,0.0009006241
69209,0.0009874394
69210,0.0008457623
69211,0.00059047766
69212,0.0014737179
69213,0.0024515537
69214,0.0020938623
69215,0.0014420565
69216,0.001820582
69217,0.002229259
69218,0.0018513666
69219,0.00071223575
69220,0.0018230103
69221,0.0029370394
69222,0.0036095504
69223,0.0023053777
69224,0.0007040571
69225,0.0010899091
69226,0.0010978644
69227,0.0010316905
69228,0.0009808149
69229,0.0010984474
69230,0.00126811
69231,0.0018219883
69232,0.0020089515
69233,0.002038762
69234,0.002636516
69235,0.0023691943
69236,0.001268936
69237,0.0012426783
69238,0.0013535672
69239,0.0014492436
69240,0.0018752952
69241,0.0017069225
69242,0.0014126335
69243,0.0021084063
69244,0.0019829676
69245,0.0011158234
69246,0.0007885266
69247,0.00079737214
69248,0.00080925546
69249,0.0012485662
69250,0.001513315
69251,0.0018889186
69252,0.0021490664
69253,0.0014048241
69254,0.00071683835
69255,0.0008969326
69256,0.0008705537
69257,0.0009459526
69258,0.0008049644
69259,0.0012760946
69260,0.002043852
69261,0.0026280358
69262,0.0024679648
69263,0.0017673209
69264,0.0
69265,0.0011213912
69266,0.0009485028
69267,0.0005318733
69268,0.00069183926
69269,0.0010341137
69270,0.001366599
69271,0.0012038256
69272,0.0010160566
69273,0.0011877132
69274,0.0013532232
69275,0.0011608971
69276,0.0011956992
69277,0.001845257
69278,0.0017060357
69279,0.00090346334
69280,0.0003488728
69281,0.0009723513
69282,0.0011397457
69283,0.00088112074
69284,0.0020173078
69285,0.0018860968
69286,0.0007491972
69287,0.00070128206
69288,0.0008717564
69289,0.0014057147
69290,0.0014596689
69291,0.001311435
69292,0.0014302826
69293,0.0011261048
69294,0.001068769
69295,0.0013638703
69296,0.0012425377
69297,0.0008808234
69298,0.0007895594
69299,0.0008646161
69300,0.00072759786
69301,0.00069456827
69302,0.00066917227
69303,0.00076347333
69304,0.0012992391
69305,0.0013816158
69306,0.0010730629
69307,0.00085360615
69308,0.0010185171
69309,0.000894333
69310,0.00080514513
69311,0.00073230267
69312,0.0010075135
69313,0.00084134616
69314,0.0006362659
69315,0.00065368373
69316,0.0010351544
69317,0.0013937172
69318,0.0009693836
69319,0.0009153048
69320,0.0009499439
69321,0.0011654509
69322,0.0014505684
69323,0.0019262673
69324,0.0029427614
69325,0.0034878352
69326,0.002423507
69327,0.0018644467
69328,0.0019980276
69329,0.0021136177
69330,0.002297056
69331,0.0015462093
69332,0.0012176476
69333,0.0006715601
69334,0.000611114
69335,0.0005992354
69336,0.00048445154
69337,0.0005709826
69338,0.0014177542
69339,0.001868018
69340,0.0015243904
69341,0.0010766371
69342,0.0009462295
69343,0.001285502
69344,0.0012515696
69345,0.0014816944
69346,0.0017220137
69347,0.0023530715
69348,0.0022778823
69349,0.002242977
69350,0.0023658013
69351,0.0027473872
69352,0.002990927
69353,0.003339854
69354,0.00406326
69355,0.0032276397
69356,0.0017797106
69357,0.0013815104
69358,0.0012970195
69359,0.00094647554
69360,0.0006690853
69361,0.00079025945
69362,0.0006464308
69363,0.0011512805
69364,0.0015335842
69365,0.0013467988
69366,0.0014980254
69367,0.0015579103
69368,0.0012724631
69369,0.0013611148
69370,0.0019786772
69371,0.0016279418
69372,0.00058083696
69373,0.0011955288
69374,0.0010665337
69375,0.0006048912
69376,0.00078679
69377,0.0006543068
69378,0.0005061918
69379,0.00061981496
69380,0.0010939338
69381,0.0016693039
69382,0.0024707932
69383,0.0028752089
69384,0.002099595
69385,0.0023942932
69386,0.0020318697
69387,0.0012086993
69388,0.0010597171
69389,0.000777899
69390,0.0007584631
69391,0.0010941201
69392,0.0013331807
69393,0.0016630855
69394,0.001661755
69395,0.001548504
69396,0.00067841576
69397,0.00071293005
69398,0.0011723229
69399,0.0014376906
69400,0.0010618571
69401,0.00045585234
69402,0.0015546003
69403,0.002276783
69404,0.001855512
69405,0.0014606256
69406,0.0015344
69407,0.0018044446
69408,0.0018314996
69409,0.0017564682
69410,0.0016600903
69411,0.0014936671
69412,0.0012656519
69413,0.0007455757
69414,0.0007048421
69415,0.00086881354
69416,0.0010023004
69417,0.0011131336
69418,0.00091609935
69419,0.0010898557
69420,0.0016877697
69421,0.0018450362
69422,0.002390656
69423,0.0024677406
69424,0.0025037087
69425,0.0020493127
69426,0.001274794
69427,0.00083791453
69428,0.00075202767
69429,0.001328457
69430,0.0014834023
69431,0.0012972439
69432,0.0014745273
69433,0.001625061
69434,0.0013061425
69435,0.001827013
69436,0.0018788923
69437,0.0013905605
69438,0.00074697967
69439,0.0007341286
69440,0.00072011945
69441,0.0007665169
69442,0.0005305584
69443,0.00029469616
69444,0.0007891907
69445,0.0008123066
69446,0.00076164136
69447,0.0012246782
69448,0.0015189011
69449,0.0013632086
69450,0.0015411377
69451,0.0019743186
69452,0.0018142565
69453,0.0017104824
69454,0.001835801
69455,0.0014544956
69456,0.0012144166
69457,0.0016209725
69458,0.0026613576
69459,0.00360951
69460,0.0048617744
69461,0.0051871357
69462,0.005049328
69463,0.0040622638
69464,0.0032581089
69465,0.0021423118
69466,0.002174538
69467,0.002229507
69468,0.002327853
69469,0.0026079922
69470,0.0026974415
69471,0.0028592523
69472,0.0020819441
69473,0.001719849
69474,0.0014611635
69475,0.0010535473
69476,0.00065555103
69477,0.00089654315
69478,0.0016608089
69479,0.0019096513
69480,0.0016987358
69481,0.0017899184
69482,0.0022240567
69483,0.0016715166
69484,0.0018576283
69485,0.0017374093
69486,0.0014621193
69487,0.0015008592
69488,0.0013229247
69489,0.001113761
69490,0.00096950366
69491,0.0013063208
69492,0.0012382439
69493,0.00058043597
69494,0.0010547069
69495,0.001124993
69496,0.00077339634
69497,0.001262682
69498,0.0027423615
69499,0.0024356178
69500,0.0010125273
69501,0.00072679744
69502,0.0008930303
69503,0.000775801
69504,0.00087325746
69505,0.0009326603
69506,0.0012395595
69507,0.0021244953
69508,0.002516995
69509,0.0017291817
69510,0.0012866561
69511,0.0009817937
69512,0.0014136632
69513,0.0017926967
69514,0.0021488364
69515,0.0022514341
69516,0.0014302622
69517,0.0017523707
69518,0.001671534
69519,0.0009499745
69520,0.0012146322
69521,0.0015151793
69522,0.0014939983
69523,0.0013423183
69524,0.00130848
69525,0.0014135808
69526,0.0012402402
69527,0.0008582306
69528,0.0011119302
69529,0.0013421881
69530,0.001268936
69531,0.00176475
69532,0.0020930977
69533,0.0011905034
69534,0.0008056149
69535,0.0010035192
69536,0.001123051
69537,0.0021673928
69538,0.0021180606
69539,0.0013567029
69540,0.0008651545
69541,0.0011370358
69542,0.0011384939
69543,0.0007534969
69544,0.00045142556
69545,0.0013840571
69546,0.0022160995
69547,0.0017475811
69548,0.001029403
69549,0.0012067474
69550,0.002097598
69551,0.002097598
69552,0.0010186028
69553,0.001850596
69554,0.0023906925
69555,0.0029128904
69556,0.0024213444
69557,0.0014048863
69558,0.0013159103
69559,0.0012291851
69560,0.0005807368
69561,0.00054596836
69562,0.001193726
69563,0.0015923883
69564,0.0017373088
69565,0.0015280136
69566,0.0012318342
69567,0.0013875014
69568,0.0017756831
69569,0.0017187317
69570,0.0014170972
69571,0.0009313175
69572,0.0009274658
69573,0.0013970127
69574,0.0012102874
69575,0.001461741
69576,0.0019836572
69577,0.0018258817
69578,0.001170907
69579,0.00079003844
69580,0.0010460343
69581,0.0011837861
69582,0.0012682936
69583,0.0014930629
69584,0.0017099718
69585,0.0017764533
69586,0.0013049834
69587,0.0006780725
69588,0.00064114155
69589,0.0005504808
69590,0.0007138276
69591,0.0006852029
69592,0.0011639015
69593,0.0019645505
69594,0.0031186685
69595,0.002744218
69596,0.0011360883
69597,0.0
69598,0.0012059512
69599,0.00091552734
69600,0.0007640068
69601,0.0007457319
69602,0.0009499745
69603,0.0014480985
69604,0.0013881935
69605,0.00122883
69606,0.0011301037
69607,0.0010205439
69608,0.0010672975
69609,0.0013157997
69610,0.0017022272
69611,0.0015936306
69612,0.00087950076
69613,0.0009696537
69614,0.0011831959
69615,0.0010518332
69616,0.0011751001
69617,0.0017792364
69618,0.0015424213
69619,0.0008749888
69620,0.0009319423
69621,0.00089514616
69622,0.0008778778
69623,0.00088201213
69624,0.0008879973
69625,0.0009915865
69626,0.0007100257
69627,0.0011276545
69628,0.0013571319
69629,0.0011429586
69630,0.0007641592
69631,0.0004925541
69632,0.00077339634
69633,0.0007752381
69634,0.00061774545
69635,0.00044851497
69636,0.00047148176
69637,0.0010625147
69638,0.0011433406
69639,0.0012988359
69640,0.0014651219
69641,0.0013115237
69642,0.00090972334
69643,0.0010887603
69644,0.0012317633
69645,0.0011868553
69646,0.0008581288
69647,0.000689015
69648,0.0006420941
69649,0.000918479
69650,0.0011991262
69651,0.0007364243
69652,0.00069481967
69653,0.0009454602
69654,0.0014539952
69655,0.0017511081
69656,0.001814032
69657,0.0026157477
69658,0.00334973
69659,0.0029168045
69660,0.0023722388
69661,0.0015756686
69662,0.0017163255
69663,0.0020436668
69664,0.0014685346
69665,0.001148395
69666,0.00068418274
69667,0.00057509646
69668,0.00046029978
69669,0.000755233
69670,0.0007927231
69671,0.0016301572
69672,0.0020852268
69673,0.0014973064
69674,0.0010800647
69675,0.001519495
69676,0.0015878308
69677,0.0014319501
69678,0.0014653801
69679,0.0017737317
69680,0.0018686566
69681,0.0017647336
69682,0.0019323466
69683,0.002123125
69684,0.00274303
69685,0.0032280094
69686,0.003143394
69687,0.0037621348
69688,0.0036556665
69689,0.0022801042
69690,0.0017843489
69691,0.0016807714
69692,0.0011874926
69693,0.0006035425
69694,0.0006954058
69695,0.0007574648
69696,0.0011482176
69697,0.0014738758
69698,0.0011541335
69699,0.0009775752
69700,0.001166624
69701,0.0008308687
69702,0.0016456518
69703,0.002031927
69704,0.0015722477
69705,0.0007027331
69706,0.0013238484
69707,0.0011774013
69708,0.00064195815
69709,0.00078271044
69710,0.0007170413
69711,0.00057772204
69712,0.00065559545
69713,0.0009492696
69714,0.0016094587
69715,0.0026878542
69716,0.003401769
69717,0.0028514855
69718,0.002727666
69719,0.0019662387
69720,0.0004512966
69721,0.0009820901
69722,0.0011122443
69723,0.0015104081
69724,0.0015973154
69725,0.0015338878
69726,0.0013921502
69727,0.0010032001
69728,0.00087115524
69729,0.0010760963
69730,0.0012781456
69731,0.0012301556
69732,0.0012794883
69733,0.0011122443
69734,0.00045992027
69735,0.0011499398
69736,0.0019266752
69737,0.0020757
69738,0.0021513945
69739,0.0020154892
69740,0.0016301037
69741,0.0015194184
69742,0.0017356663
69743,0.0016949108
69744,0.0015303356
69745,0.0013699597
69746,0.0011508506
69747,0.00093019183
69748,0.000872624
69749,0.0008010864
69750,0.000851968
69751,0.0007358708
69752,0.0011203267
69753,0.001415556
69754,0.0018773427
69755,0.0020800561
69756,0.0023344576
69757,0.002434064
69758,0.002413531
69759,0.0017002427
69760,0.001026912
69761,0.001445886
69762,0.0018449731
69763,0.0019722097
69764,0.0016380117
69765,0.0021233305
69766,0.0020789786
69767,0.0018000521
69768,0.0016240219
69769,0.0013337265
69770,0.00079316355
69771,0.00063305587
69772,0.00043953524
69773,0.00046551813
69774,0.0005306133
69775,0.00039021947
69776,0.00039141098
69777,0.00065736874
69778,0.0007576569
69779,0.00094963744
69780,0.0011433151
69781,0.0013458477
69782,0.0026120066
69783,0.0031804785
69784,0.0029437502
69785,0.0022445596
69786,0.0017397028
69787,0.0016047865
69788,0.0012925464
69789,0.0021253582
69790,0.0026343074
69791,0.002626795
69792,0.0028163008
69793,0.0027330595
69794,0.0029203345
69795,0.0026124967
69796,0.0029336584
69797,0.002608606
69798,0.002262241
69799,0.001986355
69800,0.002327853
69801,0.0035449273
69802,0.0031607617
69803,0.0021769858
69804,0.0024064542
69805,0.0020543057
69806,0.0014914637
69807,0.0010268836
69808,0.00076769304
69809,0.00060868036
69810,0.0008101181
69811,0.0014430451
69812,0.0021459088
69813,0.002108144
69814,0.0018207099
69815,0.0022979553
69816,0.0016656909
69817,0.0018147859
69818,0.0018600238
69819,0.0017720409
69820,0.0015981168
69821,0.0011447906
69822,0.00119604
69823,0.0010645945
69824,0.0011722733
69825,0.0013228147
69826,0.0010562786
69827,0.0010965646
69828,0.0012135775
69829,0.0010830784
69830,0.0015952551
69831,0.0026264405
69832,0.0021607087
69833,0.00062663294
69834,0.0006825217
69835,0.0006580767
69836,0.000489115
69837,0.00045776367
69838,0.0005541693
69839,0.0013498855
69840,0.0021180606
69841,0.0022088645
69842,0.0017340893
69843,0.0012597514
69844,0.0011466196
69845,0.0011997814
69846,0.0011158495
69847,0.0012758893
69848,0.0013905605
69849,0.0011751497
69850,0.0016585995
69851,0.0014517116
69852,0.0010987653
69853,0.0010947583
69854,0.0015344
69855,0.0018899968
69856,0.0014012355
69857,0.0011134996
69858,0.00079944986
69859,0.0007539988
69860,0.00071647286
69861,0.0008817151
69862,0.0011421435
69863,0.000868445
69864,0.0017415754
69865,0.0020152002
69866,0.00095599086
69867,0.00095863576
69868,0.0011817437
69869,0.0015640818
69870,0.002630482
69871,0.0020212424
69872,0.00074740814
69873,0.0010598819
69874,0.0013402351
69875,0.0012157818
69876,0.00091800356
69877,0.0006802152
69878,0.0013017455
69879,0.0018472117
69880,0.0014124892
69881,0.0012070368
69882,0.0010990036
69883,0.001799373
69884,0.0021104345
69885,0.0011753725
69886,0.0013831527
69887,0.0021792976
69888,0.0028879854
69889,0.0025159656
69890,0.001625258
69891,0.0012314325
69892,0.0010064152
69893,0.0005520119
69894,0.0007681857
69895,0.0016120425
69896,0.0018624632
69897,0.0015778466
69898,0.0010574627
69899,0.001040091
69900,0.0012917131
69901,0.0014999087
69902,0.0014306895
69903,0.0010086971
69904,0.0007145204
69905,0.00094339554
69906,0.0011187148
69907,0.0012374681
69908,0.0016477549
69909,0.0013866831
69910,0.0012590351
69911,0.0011254068
69912,0.0010457559
69913,0.0012117054
69914,0.0011320335
69915,0.00080550654
69916,0.0010850115
69917,0.0013967836
69918,0.0015101962
69919,0.0012138173
69920,0.0009319111
69921,0.0009089552
69922,0.00073859474
69923,0.0006892262
69924,0.0008858972
69925,0.0013259571
69926,0.0015684299
69927,0.0032457223
69928,0.003013128
69929,0.0008679421
69930,0.0
69931,0.0014070184
69932,0.0011466196
69933,0.00065470696
69934,0.0009120877
69935,0.0012221804
69936,0.0012518485
69937,0.001029007
69938,0.0008766835
69939,0.00072157296
69940,0.0005274776
69941,0.00049172615
69942,0.0008024295
69943,0.0011956019
69944,0.0013181863
69945,0.0010745536
69946,0.0009895887
69947,0.0011751497
69948,0.0014481186
69949,0.0016178455
69950,0.0014426013
69951,0.0010137338
69952,0.0011426276
69953,0.0014733229
69954,0.0014156383
69955,0.00109087
69956,0.00080279214
69957,0.00065051496
69958,0.00095763337
69959,0.0009658946
69960,0.0014872819
69961,0.0014728289
69962,0.0008818471
69963,0.00053834554
69964,0.00031382695
69965,0.0008630663
69966,0.0008708211
69967,0.0007048008
69968,0.0006851179
69969,0.0007960205
69970,0.0010275919
69971,0.0011113805
69972,0.0013980541
69973,0.001281284
69974,0.0010952898
69975,0.0011024146
69976,0.0012977822
69977,0.0011757192
69978,0.0009568733
69979,0.0007704555
69980,0.00037000596
69981,0.0004380761
69982,0.0007536127
69983,0.0008442124
69984,0.00053039385
69985,0.00052802905
69986,0.00077834784
69987,0.0016179354
69988,0.00213845
69989,0.0019632317
69990,0.002083146
69991,0.0026770805
69992,0.003571828
69993,0.003217986
69994,0.0013379313
69995,0.0013974711
69996,0.0015877024
69997,0.00144034
69998,0.0014814391
69999,0.0008784081
70000,0.00059660693
70001,0.00077204045
70002,0.0007152532
70003,0.0006807284
70004,0.0014406632
70005,0.001895563
70006,0.0015827639
70007,0.0015011306
70008,0.0017715152
70009,0.0017910075
70010,0.0017748143
70011,0.0017701675
70012,0.001859836
70013,0.0018926435
70014,0.0016439
70015,0.0016235021
70016,0.0013509846
70017,0.0021925054
70018,0.003069388
70019,0.003232118
70020,0.0038860738
70021,0.0037714452
70022,0.0023258394
70023,0.0019200777
70024,0.0016555962
70025,0.0011383661
70026,0.00075519446
70027,0.00063695165
70028,0.00069636776
70029,0.00092595833
70030,0.0012531731
70031,0.0011107518
70032,0.0016055843
70033,0.00359915
70034,0.003903276
70035,0.0036908216
70036,0.0029097016
70037,0.0019055778
70038,0.0015442882
70039,0.001955463
70040,0.002085743
70041,0.0013446145
70042,0.0011016222
70043,0.0009109382
70044,0.00060901494
70045,0.0006804718
70046,0.00087178976
70047,0.0016571248
70048,0.0024029687
70049,0.0030295902
70050,0.0029536204
70051,0.0031323102
70052,0.0023455517
70053,0.00058597524
70054,0.0011005385
70055,0.0014786074
70056,0.0019902778
70057,0.0017773542
70058,0.0012944815
70059,0.0010334098
70060,0.0009918506
70061,0.0013206347
70062,0.0014272883
70063,0.0016793682
70064,0.001573025
70065,0.0014907611
70066,0.0012032937
70067,0.00067910185
70068,0.0011831713
70069,0.0015628345
70070,0.0016659006
70071,0.0016496085
70072,0.0014134573
70073,0.0011350119
70074,0.0011688671
70075,0.0013498855
70076,0.0011297688
70077,0.0012429359
70078,0.0013994689
70079,0.001172596
70080,0.0008924109
70081,0.0007494691
70082,0.0007359104
70083,0.0007545776
70084,0.00079944986
70085,0.0011632262
70086,0.0012091086
70087,0.0014398146
70088,0.0016437938
70089,0.0015181345
70090,0.0013898906
70091,0.00204927
70092,0.002189676
70093,0.0020381624
70094,0.0020715035
70095,0.0019679253
70096,0.0017292321
70097,0.0011339088
70098,0.0018702134
70099,0.0020094875
70100,0.0019670082
70101,0.0015926807
70102,0.0010200018
70103,0.00071235833
70104,0.0006425925
70105,0.00033421625
70106,0.00037778987
70107,0.0007119905
70108,0.0006395508
70109,0.0005815381
70110,0.00042437544
70111,0.000492495
70112,0.000786457
70113,0.0011498386
70114,0.0016556138
70115,0.0034235076
70116,0.0038013223
70117,0.0031315947
70118,0.0023344576
70119,0.0016311924
70120,0.0012220852
70121,0.0016077762
70122,0.0025657462
70123,0.0025385027
70124,0.0018731989
70125,0.0016762285
70126,0.0010692318
70127,0.0009839553
70128,0.0011541335
70129,0.00094515237
70130,0.0016695653
70131,0.0028673331
70132,0.0027980227
70133,0.0039062575
70134,0.0048250356
70135,0.0036497782
70136,0.0016945845
70137,0.0017715316
70138,0.0015539636
70139,0.0011623502
70140,0.00081737846
70141,0.000790149
70142,0.00071431673
70143,0.0009336272
70144,0.0015994275
70145,0.0023436774
70146,0.0022846311
70147,0.0017657722
70148,0.0020359335
70149,0.0012032937
70150,0.0010997978
70151,0.0012021079
70152,0.0014803188
70153,0.0013899744
70154,0.0006829054
70155,0.0009345619
70156,0.0010690412
70157,0.0014900776
70158,0.0018769861
70159,0.0018788149
70160,0.0012712275
70161,0.0014869493
70162,0.0013156891
70163,0.0019089197
70164,0.0023684448
70165,0.0018414363
70166,0.0005874634
70167,0.0005154784
70168,0.0006416407
70169,0.0007414264
70170,0.00085745024
70171,0.0006075796
70172,0.001111747
70173,0.001851508
70174,0.0016535909
70175,0.0011184546
70176,0.00096203
70177,0.0012573696
70178,0.0013256498
70179,0.0015898091
70180,0.0018441369
70181,0.0014386618
70182,0.0014412085
70183,0.0018783811
70184,0.0017022785
70185,0.0015793584
70186,0.0013608582
70187,0.0016308355
70188,0.0020718828
70189,0.0016575814
70190,0.0009354646
70191,0.00075907685
70192,0.0006666013
70193,0.0006728157
70194,0.0009762048
70195,0.0013474254
70196,0.00066353806
70197,0.0018258498
70198,0.0020035552
70199,0.0006303838
70200,0.0008713557
70201,0.0009047188
70202,0.0014958673
70203,0.0024940653
70204,0.0018883484
70205,0.0011269058
70206,0.0008837922
70207,0.001370979
70208,0.0013087692
70209,0.0010510858
70210,0.0010249546
70211,0.0012058547
70212,0.0014027301
70213,0.0010644031
70214,0.0011779696
70215,0.0013682379
70216,0.0013825002
70217,0.0015000445
70218,0.0009105547
70219,0.0009286888
70220,0.0017973824
70221,0.00270268
70222,0.0024398442
70223,0.00095000514
70224,0.0004942058
70225,0.0006191102
70226,0.00066423946
70227,0.0006443565
70228,0.0014039538
70229,0.0016921267
70230,0.0016523584
70231,0.0014648637
70232,0.001248706
70233,0.0009939611
70234,0.001267651
70235,0.0013464746
70236,0.0010751763
70237,0.0008788718
70238,0.0009472132
70239,0.001081465
70240,0.0014486209
70241,0.0015333565
70242,0.0012985893
70243,0.0014388238
70244,0.0012850718
70245,0.0014710692
70246,0.0014434282
70247,0.00089335616
70248,0.0007100257
70249,0.00096196955
70250,0.001606744
70251,0.002046058
70252,0.0020616876
70253,0.0015502509
70254,0.001071217
70255,0.0011519375
70256,0.0014057767
70257,0.0013695773
70258,0.0013921084
70259,0.0012200354
70260,0.0025885468
70261,0.0027136202
70262,0.0013357761
70263,0.0
70264,0.0014813998
70265,0.0013234526
70266,0.0012202978
70267,0.0015314382
70268,0.0016159015
70269,0.0012748396
70270,0.0010231641
70271,0.000896186
70272,0.00064385944
70273,0.00056022825
70274,0.0007650727
70275,0.0009141594
70276,0.0013399094
70277,0.0015659228
70278,0.0014772092
70279,0.0012554006
70280,0.0013163304
70281,0.0016221391
70282,0.0013048941
70283,0.00096066773
70284,0.0011496361
70285,0.0013524056
70286,0.0015763887
70287,0.0015439678
70288,0.0015439113
70289,0.0013052733
70290,0.0014533146
70291,0.0017953247
70292,0.0020067194
70293,0.0018448153
70294,0.0015201843
70295,0.0008153464
70296,0.00065741304
70297,0.00081755646
70298,0.0009978478
70299,0.00080148596
70300,0.00059597247
70301,0.00070949266
70302,0.00090773765
70303,0.0006257499
70304,0.00070463563
70305,0.0007968244
70306,0.0005612663
70307,0.0009765923
70308,0.0013530726
70309,0.001281284
70310,0.0007840108
70311,0.0007743742
70312,0.0009437657
70313,0.00080835586
70314,0.00078981736
70315,0.00074806984
70316,0.0006806002
70317,0.0006400057
70318,0.0008102618
70319,0.00079025945
70320,0.0021886525
70321,0.0028097932
70322,0.0022210844
70323,0.0018139677
70324,0.0021294896
70325,0.003502183
70326,0.0032954481
70327,0.00096691854
70328,0.0009340324
70329,0.0011710313
70330,0.0016302465
70331,0.0017071271
70332,0.0011950175
70333,0.0012516858
70334,0.0014126953
70335,0.0013894717
70336,0.0011634014
70337,0.0014579732
70338,0.0014501872
70339,0.0011436715
70340,0.0012718684
70341,0.0013843725
70342,0.0015635606
70343,0.0016975703
70344,0.0015222506
70345,0.0017269249
70346,0.0017779273
70347,0.0018201184
70348,0.0017219629
70349,0.0013387795
70350,0.0013577751
70351,0.002398823
70352,0.0027187956
70353,0.003488903
70354,0.004007277
70355,0.00289306
70356,0.0020658057
70357,0.0016924707
70358,0.0012634655
70359,0.00083582796
70360,0.00041989403
70361,0.0004512966
70362,0.0007932002
70363,0.0010090433
70364,0.0014600676
70365,0.00386174
70366,0.005158001
70367,0.0048919534
70368,0.004129674
70369,0.0032441977
70370,0.0021374698
70371,0.0016944815
70372,0.0024227742
70373,0.003256724
70374,0.0031989098
70375,0.0025314763
70376,0.0014331082
70377,0.0010629529
70378,0.00074111234
70379,0.0007429166
70380,0.0016458286
70381,0.001957739
70382,0.0026046645
70383,0.0029804383
70384,0.0033717607
70385,0.0024538913
70386,0.00072875695
70387,0.0009515357
70388,0.0010773126
70389,0.0014110667
70390,0.0011690663
70391,0.0008947234
70392,0.0011831713
70393,0.0014000719
70394,0.0015830948
70395,0.0015072061
70396,0.0014340421
70397,0.0015002968
70398,0.0014381965
70399,0.0011386472
70400,0.0007364243
70401,0.0009706737
70402,0.0011239577
70403,0.0010911368
70404,0.0011054464
70405,0.0010495895
70406,0.0010608974
70407,0.0010524418
70408,0.00095009705
70409,0.00059185614
70410,0.0010806035
70411,0.0013566815
70412,0.0013296177
70413,0.0010638287
70414,0.0007424071
70415,0.00058597524
70416,0.0005842343
70417,0.00072390854
70418,0.0010462011
70419,0.0011449686
70420,0.0015100805
70421,0.0020016804
70422,0.002597089
70423,0.0022935057
70424,0.0020365624
70425,0.0031833414
70426,0.0031756982
70427,0.0021752606
70428,0.0015804268
70429,0.0010209145
70430,0.0006070045
70431,0.00076966186
70432,0.00093003537
70433,0.0010240739
70434,0.0009862892
70435,0.0010415171
70436,0.0011234914
70437,0.001050615
70438,0.0008822101
70439,0.0009053298
70440,0.00088201213
70441,0.00075113703
70442,0.00079286995
70443,0.0006163776
70444,0.0007593452
70445,0.00086367305
70446,0.0010632267
70447,0.001831738
70448,0.0027719701
70449,0.0026277036
70450,0.0015806478
70451,0.0016390241
70452,0.0013941975
70453,0.0010485353
70454,0.0018526552
70455,0.0025871862
70456,0.0022358813
70457,0.0018110775
70458,0.0020394614
70459,0.0016797495
70460,0.0015952551
70461,0.0017673373
70462,0.0015574247
70463,0.0017991465
70464,0.0039156787
70465,0.005521732
70466,0.0055601224
70467,0.00522262
70468,0.0032420978
70469,0.0014386214
70470,0.0014427224
70471,0.0014988993
70472,0.0015896444
70473,0.0014372045
70474,0.00090565125
70475,0.00077527564
70476,0.0016140813
70477,0.002493435
70478,0.0023646078
70479,0.0020010986
70480,0.0013989073
70481,0.0017397362
70482,0.0012503132
70483,0.0009247632
70484,0.0012973561
70485,0.0013540618
70486,0.0015875741
70487,0.0011661499
70488,0.00095675164
70489,0.0008304483
70490,0.001023875
70491,0.0014431459
70492,0.0019026125
70493,0.0015998461
70494,0.0016779639
70495,0.0015065687
70496,0.0018517438
70497,0.0016140091
70498,0.000955595
70499,0.00063909555
70500,0.00071051746
70501,0.00071141805
70502,0.0006509175
70503,0.0008407233
70504,0.0006453043
70505,0.0013163083
70506,0.0018895348
70507,0.0017168003
70508,0.0013696197
70509,0.00093574455
70510,0.0009518721
70511,0.0010785547
70512,0.0016811696
70513,0.0019812642
70514,0.0014944269
70515,0.0016950654
70516,0.0020892147
70517,0.0018588656
70518,0.0017492457
70519,0.0015926624
70520,0.0015501007
70521,0.0020585798
70522,0.001948784
70523,0.0015546377
70524,0.0009104908
70525,0.0009438273
70526,0.0013172587
70527,0.001685561
70528,0.0020311535
70529,0.0016157033
70530,0.0019242567
70531,0.0019433552
70532,0.0010745536
70533,0.0010574627
70534,0.0011588897
70535,0.0016925395
70536,0.0020221637
70537,0.0013249032
70538,0.00074252475
70539,0.0005291303
70540,0.0012876058
70541,0.00161923
70542,0.0012497777
70543,0.0013184954
70544,0.0012197491
70545,0.0016451564
70546,0.0014377917
70547,0.0013856123
70548,0.0013940514
70549,0.0012639262
70550,0.001325562
70551,0.0011519628
70552,0.0008159173
70553,0.0012416708
70554,0.0027327614
70555,0.0027490817
70556,0.0012257472
70557,0.00055798993
70558,0.00067437114
70559,0.0007442082
70560,0.0011144141
70561,0.001566313
70562,0.0013636142
70563,0.0012752048
70564,0.0012334398
70565,0.0012398177
70566,0.0011158234
70567,0.001607939
70568,0.0018096467
70569,0.0012960542
70570,0.00081887253
70571,0.0008733241
70572,0.0010176308
70573,0.0016717952
70574,0.0016281386
70575,0.0016958035
70576,0.0018641033
70577,0.0017270091
70578,0.0020834533
70579,0.0019988285
70580,0.0015464728
70581,0.0009344373
70582,0.0010497004
70583,0.0015211222
70584,0.002128437
70585,0.002279568
70586,0.0020269507
70587,0.0014486209
70588,0.001584822
70589,0.0015027584
70590,0.0011095196
70591,0.00086313376
70592,0.0008035893
70593,0.0020956683
70594,0.0025811607
70595,0.0021697278
70596,0.0
70597,0.0019299655
70598,0.0019731096
70599,0.001880549
70600,0.0017593656
70601,0.001311213
70602,0.00066786626
70603,0.00072875695
70604,0.0007834166
70605,0.00067867315
70606,0.0010389992
70607,0.0010714615
70608,0.0010377099
70609,0.0011609471
70610,0.0015096951
70611,0.0015306589
70612,0.0016801652
70613,0.0014325801
70614,0.0011797718
70615,0.000823798
70616,0.00086363935
70617,0.0014012147
70618,0.0016405327
70619,0.0014334331
70620,0.00160707
70621,0.0016958722
70622,0.0017392176
70623,0.002026161
70624,0.0021409935
70625,0.0024447895
70626,0.0020410162
70627,0.0017717616
70628,0.0010241591
70629,0.00089508115
70630,0.0008736906
70631,0.0009563561
70632,0.0010247558
70633,0.0011126368
70634,0.0012547513
70635,0.0011333183
70636,0.0007943002
70637,0.0009875278
70638,0.0010719503
70639,0.0007267574
70640,0.001073307
70641,0.0014093951
70642,0.0011215729
70643,0.000856941
70644,0.001172596
70645,0.00112688
70646,0.00088579865
70647,0.00090597256
70648,0.0009326915
70649,0.0012123297
70650,0.0013421664
70651,0.0015215048
70652,0.0011562749
70653,0.0022724713
70654,0.0029391097
70655,0.0021929168
70656,0.0018122824
70657,0.0024349245
70658,0.0030969987
70659,0.002606072
70660,0.00096881296
70661,0.0008779441
70662,0.0012132417
70663,0.0016106879
70664,0.0013347298
70665,0.0011848428
70666,0.0013831736
70667,0.0017128628
70668,0.0016309068
70669,0.0019524841
70670,0.0020509027
70671,0.0016909052
70672,0.0013945106
70673,0.0008035531
70674,0.00085084
70675,0.0010180312
70676,0.0012870632
70677,0.0013389968
70678,0.0014275737
70679,0.0016858373
70680,0.0014127159
70681,0.0011179602
70682,0.00087485573
70683,0.0010458952
70684,0.001972726
70685,0.0025391446
70686,0.0032436235
70687,0.0040031862
70688,0.0032312626
70689,0.0023230724
70690,0.0017428283
70691,0.0010512796
70692,0.0009153366
70693,0.0008108004
70694,0.0008105132
70695,0.00071870355
70696,0.0010733883
70697,0.0036513568
70698,0.005012547
70699,0.0047507486
70700,0.0030491818
70701,0.0020049056
70702,0.0021011608
70703,0.0017482637
70704,0.0011444092
70705,0.0015344
70706,0.002253411
70707,0.0025463097
70708,0.0021256595
70709,0.0017617955
70710,0.00152139
70711,0.0004962626
70712,0.0012748396
70713,0.002178937
70714,0.002069156
70715,0.0019461238
70716,0.0021513405
70717,0.0033190497
70718,0.0028173341
70719,0.00089257397
70720,0.0008771813
70721,0.0009645377
70722,0.0013334863
70723,0.0010636098
70724,0.0008006867
70725,0.001311435
70726,0.0013523411
70727,0.0010531605
70728,0.0010851456
70729,0.0011655508
70730,0.0013902674
70731,0.0010414054
70732,0.0009197772
70733,0.0007574264
70734,0.0008183748
70735,0.0007703422
70736,0.00077339634
70737,0.000840377
70738,0.0008880956
70739,0.0006850755
70740,0.000724431
70741,0.0011289184
70742,0.0015405144
70743,0.001760242
70744,0.001976293
70745,0.0016590205
70746,0.0012477034
70747,0.0008253157
70748,0.0005522227
70749,0.00082008005
70750,0.00092344044
70751,0.0013049387
70752,0.0011263116
70753,0.0011726208
70754,0.0016270299
70755,0.0023294778
70756,0.0025491999
70757,0.0021745649
70758,0.0037622198
70759,0.0039404696
70760,0.002042
70761,0.0011697382
70762,0.0008336314
70763,0.0006317212
70764,0.0006792732
70765,0.00060073915
70766,0.0005812377
70767,0.0007607237
70768,0.0013347516
70769,0.0015053706
70770,0.0011393371
70771,0.00091714715
70772,0.0007510208
70773,0.00070119905
70774,0.0008498817
70775,0.0008501898
70776,0.00056002045
70777,0.0007453415
70778,0.0009052012
70779,0.0011679454
70780,0.0017788928
70781,0.002052945
70782,0.0016483377
70783,0.0011541335
70784,0.0012714793
70785,0.0013798873
70786,0.0012795794
70787,0.0016697396
70788,0.0024423478
70789,0.0024747362
70790,0.0023771166
70791,0.0025359446
70792,0.0019989742
70793,0.0015200312
70794,0.0018711003
70795,0.0017635127
70796,0.0034121908
70797,0.0050296984
70798,0.006467202
70799,0.0052673165
70800,0.0035186731
70801,0.0012465833
70802,0.0014328645
70803,0.0014013186
70804,0.0015184028
70805,0.0016044963
70806,0.0015916936
70807,0.0013324164
70808,0.0008760857
70809,0.0017548105
70810,0.0033158036
70811,0.0028952623
70812,0.0019206385
70813,0.0014517317
70814,0.0014042646
70815,0.0009922027
70816,0.000730751
70817,0.0012399115
70818,0.0014437105
70819,0.0017097335
70820,0.0013617561
70821,0.00084428134
70822,0.0007574648
70823,0.000823798
70824,0.00094644475
70825,0.0012662957
70826,0.0013627816
70827,0.0018714735
70828,0.002040346
70829,0.001976293
70830,0.0015469621
70831,0.00059733825
70832,0.00067781494
70833,0.00068605185
70834,0.0006699112
70835,0.00064145925
70836,0.00053812924
70837,0.00079737214
70838,0.0013413421
70839,0.002088114
70840,0.0017607545
70841,0.0010807113
70842,0.00080792373
70843,0.0007260362
70844,0.00093272276
70845,0.0012718684
70846,0.0014114174
70847,0.0010926028
70848,0.0016699836
70849,0.0017992111
70850,0.0015083835
70851,0.0011075506
70852,0.0011401032
70853,0.00089025585
70854,0.0015642492
70855,0.001937701
70856,0.0019096208
70857,0.0013232547
70858,0.0015592922
70859,0.0016388465
70860,0.0020288166
70861,0.0022764509
70862,0.0021133423
70863,0.0019045848
70864,0.0018517281
70865,0.0017377443
70866,0.0015138919
70867,0.0013629311
70868,0.0012636959
70869,0.001610977
70870,0.0014847947
70871,0.0009354646
70872,0.00089702994
70873,0.0016416677
70874,0.00188058
70875,0.0013538467
70876,0.0018032506
70877,0.0021059478
70878,0.0025610572
70879,0.0023837676
70880,0.0017939463
70881,0.0013133865
70882,0.0012752048
70883,0.0013131871
70884,0.001119911
70885,0.0006203782
70886,0.0009810227
70887,0.0024559542
70888,0.0028846276
70889,0.0017905362
70890,0.00060416904
70891,0.00063415826
70892,0.00064322626
70893,0.0010518609
70894,0.0012039948
70895,0.0009286888
70896,0.0007740734
70897,0.0009286888
70898,0.0009987807
70899,0.0014517918
70900,0.001982586
70901,0.001973021
70902,0.0012628895
70903,0.00063153694
70904,0.000701531
70905,0.00070875394
70906,0.001289029
70907,0.001127706
70908,0.0014334128
70909,0.0018643375
70910,0.0014755927
70911,0.0016385268
70912,0.0017653931
70913,0.0015290037
70914,0.0011066567
70915,0.0011828268
70916,0.00078741857
70917,0.0009205047
70918,0.0016323696
70919,0.001991111
70920,0.0018762416
70921,0.001794287
70922,0.0012650309
70923,0.0008733574
70924,0.0010838575
70925,0.0010760963
70926,0.0016347035
70927,0.0022182523
70928,0.0025368168
70929,0.0
70930,0.0023069426
70931,0.002104344
70932,0.0017144253
70933,0.0011716028
70934,0.00079268636
70935,0.0007021116
70936,0.0007332559
70937,0.00070186285
70938,0.00073043234
70939,0.0012175759
70940,0.0011937747
70941,0.0008592812
70942,0.0009607586
70943,0.0013664499
70944,0.0019365291
70945,0.0024319107
70946,0.0014936866
70947,0.0008593828
70948,0.0007104765
70949,0.0010965115
70950,0.0015960394
70951,0.0017572468
70952,0.0011013051
70953,0.0010446978
70954,0.0011423983
70955,0.0012186032
70956,0.0014057147
70957,0.0015451548
70958,0.0016929006
70959,0.0013732698
70960,0.0014472139
70961,0.0012989254
70962,0.0009334401
70963,0.00077365973
70964,0.0011176737
70965,0.0013345336
70966,0.0014088168
70967,0.0015755947
70968,0.0013870609
70969,0.0010655508
70970,0.0010907099
70971,0.0011815467
70972,0.0007773376
70973,0.00096012227
70974,0.0013511785
70975,0.0010834278
70976,0.0009268694
70977,0.00097061374
70978,0.00064961956
70979,0.00070640945
70980,0.0008432466
70981,0.0012538463
70982,0.0015563777
70983,0.0016582134
70984,0.0018321829
70985,0.0013729731
70986,0.0020662001
70987,0.0027399939
70988,0.0023441121
70989,0.0026222263
70990,0.0026589178
70991,0.002135372
70992,0.0014456646
70993,0.001004041
70994,0.0006282101
70995,0.0013004929
70996,0.0014283278
70997,0.0007805135
70998,0.0007514857
70999,0.0008061205
71000,0.0012542641
71001,0.0013888851
71002,0.0020557079
71003,0.002045062
71004,0.0019656022
71005,0.0021386815
71006,0.0017064962
71007,0.0009245114
71008,0.0009957456
71009,0.0010884395
71010,0.0015024485
71011,0.0017501771
71012,0.001712404
71013,0.0012086993
71014,0.00071821746
71015,0.00075761846
71016,0.0010619119
71017,0.0017968479
71018,0.0022533594
71019,0.0025829643
71020,0.0036469384
71021,0.0033903883
71022,0.0027702898
71023,0.0022681127
71024,0.0015864739
71025,0.001271548
71026,0.0012193673
71027,0.00097477273
71028,0.0009970308
71029,0.0016209905
71030,0.004470858
71031,0.004869317
71032,0.003133815
71033,0.00083843543
71034,0.00084221055
71035,0.0012663186
71036,0.0009979353
71037,0.0008094712
71038,0.00083544484
71039,0.0005520119
71040,0.0011908456
71041,0.0013051617
71042,0.0017409069
71043,0.0020010842
71044,0.001163001
71045,0.0024977035
71046,0.0031779152
71047,0.002337647
71048,0.0020999415
71049,0.0019699652
71050,0.0029262581
71051,0.0025599205
71052,0.0011830975
71053,0.0010777448
71054,0.0009771881
71055,0.0015050032
71056,0.0012495681
71057,0.00079583767
71058,0.0013752182
71059,0.0014934917
71060,0.0008755208
71061,0.00063112203
71062,0.0007890432
71063,0.00093850854
71064,0.00088405557
71065,0.0012480533
71066,0.0016643625
71067,0.0015833521
71068,0.0013421664
71069,0.00091971393
71070,0.00039665514
71071,0.0008382618
71072,0.0010377099
71073,0.0015175209
71074,0.0017592993
71075,0.0020505195
71076,0.0021583233
71077,0.002039376
71078,0.0014078869
71079,0.0011501929
71080,0.000864111
71081,0.0009867023
71082,0.0012838936
71083,0.001429957
71084,0.0015694686
71085,0.001371446
71086,0.0014652808
71087,0.0016222468
71088,0.0013848139
71089,0.0019906433
71090,0.0020312537
71091,0.0042474973
71092,0.0043111076
71093,0.0016248103
71094,0.0012461396
71095,0.0013103693
71096,0.000977337
71097,0.000948963
71098,0.0010200874
71099,0.0009326603
71100,0.0010007602
71101,0.0017050459
71102,0.0015582279
71103,0.00076503464
71104,0.00089332357
71105,0.0011437223
71106,0.0009935803
71107,0.0008437641
71108,0.0005811876
71109,0.00058478204
71110,0.00069995277
71111,0.0008976462
71112,0.0013768891
71113,0.0017565511
71114,0.0016374963
71115,0.0012083622
71116,0.0012491255
71117,0.0011370614
71118,0.0015414021
71119,0.0016587749
71120,0.0013882354
71121,0.0020767516
71122,0.0017567499
71123,0.0013753029
71124,0.0015176168
71125,0.0012386669
71126,0.0010497281
71127,0.0012299427
71128,0.0014802795
71129,0.004024417
71130,0.0050347648
71131,0.0053936634
71132,0.0037959209
71133,0.0012790334
71134,0.0008907788
71135,0.0014106542
71136,0.0013024384
71137,0.0011374708
71138,0.0010244433
71139,0.0014362322
71140,0.0018534719
71141,0.0015087695
71142,0.0017329813
71143,0.0037678396
71144,0.0031688726
71145,0.001628371
71146,0.0012099267
71147,0.0010220257
71148,0.0009607586
71149,0.000775801
71150,0.0011538056
71151,0.0019055015
71152,0.0020172934
71153,0.0012972888
71154,0.0006555066
71155,0.0006241199
71156,0.0008609392
71157,0.0007699643
71158,0.000777899
71159,0.0010965115
71160,0.0017477643
71161,0.002027927
71162,0.0016350951
71163,0.0011714785
71164,0.0008069144
71165,0.0007085896
71166,0.00049089687
71167,0.0006685631
71168,0.00056745467
71169,0.00049918634
71170,0.0010089857
71171,0.0018467864
71172,0.0020776622
71173,0.0013707668
71174,0.00085473055
71175,0.000861311
71176,0.00081523927
71177,0.0011023617
71178,0.0012468401
71179,0.0010489793
71180,0.00077309523
71181,0.0011966724
71182,0.0013122336
71183,0.0010102252
71184,0.00087485573
71185,0.0010489515
71186,0.0008457968
71187,0.0007973356
71188,0.0013241561
71189,0.0016410117
71190,0.0014161521
71191,0.0016463236
71192,0.0015241231
71193,0.0013292893
71194,0.0016339911
71195,0.001452934
71196,0.0015705994
71197,0.0017358842
71198,0.0017562694
71199,0.0013840991
71200,0.001254844
71201,0.0010822989
71202,0.0014530743
71203,0.0015307539
71204,0.0012058306
71205,0.0015783077
71206,0.0018728104
71207,0.0023610974
71208,0.0021438599
71209,0.0021632395
71210,0.0024810904
71211,0.0023497543
71212,0.0021027392
71213,0.001320745
71214,0.0009883527
71215,0.0010849042
71216,0.0011512805
71217,0.0010422434
71218,0.0008407925
71219,0.001029007
71220,0.0018662254
71221,0.0024798817
71222,0.0019247255
71223,0.00073768786
71224,0.0005852795
71225,0.0005462881
71226,0.00077512546
71227,0.0008978407
71228,0.00078889565
71229,0.0007820409
71230,0.0007279578
71231,0.0006639327
71232,0.0013206567
71233,0.0018644623
71234,0.0021085443
71235,0.0015970602
71236,0.001079175
71237,0.0007884528
71238,0.00072671735
71239,0.0007932002
71240,0.0007430341
71241,0.0010527736
71242,0.0015566208
71243,0.0016402843
71244,0.001497967
71245,0.0016174136
71246,0.0014395315
71247,0.001149155
71248,0.0011180904
71249,0.0009677008
71250,0.0011031535
71251,0.0017351296
71252,0.0018675505
71253,0.0016635229
71254,0.0018427317
71255,0.0016911977
71256,0.0017184099
71257,0.0013988657
71258,0.0012951108
71259,0.0013968045
71260,0.0015738204
71261,0.001495809
71262,0.0
71263,0.0024835526
71264,0.0023910576
71265,0.0016137568
71266,0.000897257
71267,0.0005960701
71268,0.00069590786
71269,0.0006752337
71270,0.00086367305
71271,0.0010638287
71272,0.001330821
71273,0.0011767831
71274,0.0006731617
71275,0.0007932736
71276,0.0012710443
71277,0.0021034312
71278,0.0026475757
71279,0.0013526424
71280,0.0007911796
71281,0.0009153048
71282,0.0013429902
71283,0.0015435719
71284,0.0017475478
71285,0.0012011391
71286,0.00082439836
71287,0.0010695312
71288,0.00097563816
71289,0.0007857165
71290,0.0008428323
71291,0.0008815831
71292,0.0008744897
71293,0.0011184807
71294,0.001012786
71295,0.00073206413
71296,0.0010338322
71297,0.0015659599
71298,0.0013332026
71299,0.0009740559
71300,0.0009244799
71301,0.0009096593
71302,0.00073266024
71303,0.00061981496
71304,0.0011829253
71305,0.00092953455
71306,0.0009372052
71307,0.001081438
71308,0.000877314
71309,0.0008608378
71310,0.0008387478
71311,0.0008393721
71312,0.0008045666
71313,0.00058508053
71314,0.0010076578
71315,0.00095617346
71316,0.0010178596
71317,0.0012118976
71318,0.0010492845
71319,0.0014988605
71320,0.0019634836
71321,0.0021955562
71322,0.003379615
71323,0.003326381
71324,0.0018946108
71325,0.0015516959
71326,0.001416522
71327,0.0010338322
71328,0.0016976903
71329,0.0012802843
71330,0.00044552007
71331,0.001009937
71332,0.0013058751
71333,0.0015305638
71334,0.0034959198
71335,0.0036662952
71336,0.0034769871
71337,0.0028656984
71338,0.0034151236
71339,0.0031982728
71340,0.0019754681
71341,0.001285819
71342,0.0011179602
71343,0.0013358196
71344,0.0016935365
71345,0.0016811523
71346,0.0014117473
71347,0.00092211575
71348,0.0008216401
71349,0.0010528564
71350,0.0014975201
71351,0.0019437446
71352,0.0023655922
71353,0.0030585025
71354,0.0031862017
71355,0.003283947
71356,0.0028546276
71357,0.0024895568
71358,0.0022416792
71359,0.0022480579
71360,0.0019586454
71361,0.0016168377
71362,0.0024937384
71363,0.004355075
71364,0.0036849817
71365,0.0007406016
71366,0.00075857824
71367,0.0009671593
71368,0.0010508642
71369,0.0007629013
71370,0.0006975787
71371,0.0007811099
71372,0.0005811876
71373,0.00075542566
71374,0.0010693679
71375,0.0016835396
71376,0.002023027
71377,0.0014162343
71378,0.0035034625
71379,0.004024084
71380,0.0022454022
71381,0.0019985957
71382,0.0017654755
71383,0.0022475787
71384,0.0020746063
71385,0.0009904117
71386,0.0011093097
71387,0.0011560484
71388,0.00164305
71389,0.0014625571
71390,0.0006655526
71391,0.0014833239
71392,0.0016823291
71393,0.0008604658
71394,0.0007816686
71395,0.00090574764
71396,0.0010062417
71397,0.0014737968
71398,0.001929694
71399,0.0018396336
71400,0.00140987
71401,0.0011237505
71402,0.0008185526
71403,0.0008322687
71404,0.0014322144
71405,0.0014542755
71406,0.0015359925
71407,0.0016498026
71408,0.0015619777
71409,0.0016250431
71410,0.0012676279
71411,0.0010326492
71412,0.0011027841
71413,0.0011176217
71414,0.0014998505
71415,0.0013739055
71416,0.0013538683
71417,0.0014173846
71418,0.0014230201
71419,0.0016578799
71420,0.0018791402
71421,0.0016665295
71422,0.0017771741
71423,0.0012808525
71424,0.0039206403
71425,0.0039353184
71426,0.0011318536
71427,0.0013172587
71428,0.0015728954
71429,0.0010730086
71430,0.0006781154
71431,0.00089404004
71432,0.00095388794
71433,0.00099188
71434,0.0015937766
71435,0.0012829185
71436,0.0010350702
71437,0.0013555869
71438,0.0012928166
71439,0.0011356272
71440,0.0010393913
71441,0.0007598816
71442,0.0006765686
71443,0.0006123035
71444,0.00087225705
71445,0.0016014461
71446,0.0018832091
71447,0.0020235882
71448,0.0018070233
71449,0.0016003735
71450,0.0011717022
71451,0.001499074
71452,0.0015662201
71453,0.0010877172
71454,0.0016138108
71455,0.0014247167
71456,0.0010638013
71457,0.0013355146
71458,0.0011489016
71459,0.0010806842
71460,0.0012307706
71461,0.0016661452
71462,0.004110155
71463,0.0042699603
71464,0.0032433541
71465,0.002992425
71466,0.0015057959
71467,0.0010614459
71468,0.0014033732
71469,0.0013316736
71470,0.0011526447
71471,0.0007374906
71472,0.001496198
71473,0.002308519
71474,0.0023993324
71475,0.0018110614
71476,0.0033471137
71477,0.0031102956
71478,0.0016132697
71479,0.0010769614
71480,0.0010137912
71481,0.00086867955
71482,0.0009790628
71483,0.0013038008
71484,0.0020108775
71485,0.0020795944
71486,0.001218651
71487,0.000641686
71488,0.00078415923
71489,0.00108595
71490,0.0010572149
71491,0.0008951787
71492,0.00096755044
71493,0.0014265132
71494,0.0014948163
71495,0.0008703531
71496,0.0008673719
71497,0.0009669787
71498,0.0009581195
71499,0.0006126361
71500,0.000817236
71501,0.00065926975
71502,0.0006035425
71503,0.00087767886
71504,0.0015708959
71505,0.0016603358
71506,0.001299911
71507,0.0013629524
71508,0.0012067233
71509,0.0010476745
71510,0.0012286168
71511,0.0012195343
71512,0.0011012787
71513,0.0009928478
71514,0.0010045917
71515,0.0011634264
71516,0.00095040334
71517,0.00072189554
71518,0.0010054025
71519,0.00097025384
71520,0.000995424
71521,0.0009050083
71522,0.00095297216
71523,0.0007479142
71524,0.0009748026
71525,0.000866902
71526,0.00083978806
71527,0.0012425377
71528,0.001372655
71529,0.0016980331
71530,0.0017332667
71531,0.001395074
71532,0.001016343
71533,0.0012289721
71534,0.0008224544
71535,0.0010680608
71536,0.0017265035
71537,0.0019435199
71538,0.002156394
71539,0.001890351
71540,0.0020911223
71541,0.0018603994
71542,0.0022469182
71543,0.0021759027
71544,0.0015075923
71545,0.0012649389
71546,0.001088787
71547,0.00087415683
71548,0.0009106826
71549,0.0008983916
71550,0.0006301991
71551,0.0008224544
71552,0.000946414
71553,0.0015955835
71554,0.0024011512
71555,0.0022353735
71556,0.0012544033
71557,0.000563853
71558,0.0005659139
71559,0.0007199578
71560,0.0009622418
71561,0.00084041164
71562,0.00068990147
71563,0.0005740327
71564,0.0008087158
71565,0.0014275737
71566,0.0020103708
71567,0.0019201081
71568,0.0016717081
71569,0.0013638489
71570,0.0013771005
71571,0.0011704346
71572,0.000924291
71573,0.00072145194
71574,0.0009950439
71575,0.0015109669
71576,0.0017770922
71577,0.001731217
71578,0.0014657971
71579,0.0014221199
71580,0.0014139514
71581,0.0015170606
71582,0.0014634721
71583,0.001509213
71584,0.001700739
71585,0.0013124554
71586,0.0012226566
71587,0.0015796163
71588,0.0018173819
71589,0.0020477925
71590,0.0019649654
71591,0.0018604463
71592,0.0016260815
71593,0.0012111769
71594,0.0008133092
71595,0.0
71596,0.0023627977
71597,0.0023015875
71598,0.0014305064
71599,0.0010961398
71600,0.0007936037
71601,0.0006032048
71602,0.00033071468
71603,0.0008566692
71604,0.0011430096
71605,0.0012248921
71606,0.0010966707
71607,0.0007585399
71608,0.0011985194
71609,0.0016773914
71610,0.0020287877
71611,0.0023844512
71612,0.0012093012
71613,0.00076438766
71614,0.0009710634
71615,0.0013106803
71616,0.0015691719
71617,0.0015090394
71618,0.0010258061
71619,0.00055731146
71620,0.00068876153
71621,0.0008410002
71622,0.00068753504
71623,0.00083586277
71624,0.0010547069
71625,0.0013257377
71626,0.0014851474
71627,0.0011328302
71628,0.0009008826
71629,0.0020237751
71630,0.0023802854
71631,0.0018779627
71632,0.0013483323
71633,0.00095080136
71634,0.0005234343
71635,0.0005238789
71636,0.0006069566
71637,0.0011887664
71638,0.0010417965
71639,0.000730751
71640,0.00069481967
71641,0.00067229645
71642,0.00075005135
71643,0.0008501214
71644,0.000781892
71645,0.00075692666
71646,0.000687408
71647,0.001217767
71648,0.00082383334
71649,0.00082711224
71650,0.0010531328
71651,0.0012705176
71652,0.001793557
71653,0.002119393
71654,0.0021213146
71655,0.0034502498
71656,0.0035167867
71657,0.0018740378
71658,0.0014533146
71659,0.0011778955
71660,0.0010613637
71661,0.0016022273
71662,0.0017335858
71663,0.002255851
71664,0.0025583967
71665,0.003390723
71666,0.0041107857
71667,0.0053508766
71668,0.0053553786
71669,0.0048667644
71670,0.004254665
71671,0.0041941204
71672,0.0038853998
71673,0.0032176513
71674,0.0018988305
71675,0.0013512216
71676,0.0013365383
71677,0.0015893515
71678,0.0010639381
71679,0.0009614248
71680,0.0010383547
71681,0.00082936115
71682,0.0009806072
71683,0.0011012787
71684,0.0015254401
71685,0.0020043394
71686,0.0022690108
71687,0.003081501
71688,0.0044188886
71689,0.004831455
71690,0.004819652
71691,0.0036354286
71692,0.0035979047
71693,0.0033231422
71694,0.0031367205
71695,0.0027075538
71696,0.0032859582
71697,0.0025717057
71698,0.0010512796
71699,0.0008969326
71700,0.00088026153
71701,0.0008309388
71702,0.0005475121
71703,0.00041989403
71704,0.0006685631
71705,0.0008863242
71706,0.0010543205
71707,0.0010966707
71708,0.0011512805
71709,0.0020466268
71710,0.0031805793
71711,0.0044037336
71712,0.0043263715
71713,0.0019842
71714,0.0017892191
71715,0.0015446651
71716,0.0016870798
71717,0.0016495202
71718,0.0013529005
71719,0.001711673
71720,0.0017241925
71721,0.0017257448
71722,0.0013510061
71723,0.0008283077
71724,0.0014231429
71725,0.0013285228
71726,0.00084820203
71727,0.00090233516
71728,0.00077365973
71729,0.00057509646
71730,0.001223418
71731,0.0014693865
71732,0.0010480911
71733,0.0009875278
71734,0.001033804
71735,0.0010842602
71736,0.001469644
71737,0.0016965413
71738,0.0012701969
71739,0.0008045666
71740,0.001112846
71741,0.0012853662
71742,0.0012256047
71743,0.00080878776
71744,0.000935589
71745,0.0008967379
71746,0.0012886
71747,0.0014897065
71748,0.001140435
71749,0.0008830674
71750,0.00085493486
71751,0.0012666862
71752,0.0016665644
71753,0.0018190307
71754,0.0020648332
71755,0.0026212716
71756,0.002960903
71757,0.0037025602
71758,0.0030933032
71759,0.00072390854
71760,0.0013996768
71761,0.0016046414
71762,0.00094834936
71763,0.00056991115
71764,0.0008574163
71765,0.0009076094
71766,0.00093798124
71767,0.0014891397
71768,0.001255076
71769,0.0014658368
71770,0.0013623758
71771,0.00092107366
71772,0.0012776218
71773,0.0013182304
71774,0.0008736573
71775,0.00084758416
71776,0.0008525486
71777,0.0010200874
71778,0.0018543039
71779,0.0022900768
71780,0.0025254218
71781,0.0019626385
71782,0.0012192957
71783,0.00095708616
71784,0.0012063374
71785,0.0012414833
71786,0.0010856818
71787,0.0015434776
71788,0.0014005083
71789,0.0012388079
71790,0.0012301556
71791,0.0011378801
71792,0.0014051141
71793,0.0012838709
71794,0.0016110854
71795,0.0031582008
71796,0.0033070676
71797,0.0025104533
71798,0.0021887587
71799,0.0017046191
71800,0.0014534948
71801,0.0015089237
71802,0.0010106284
71803,0.0009773966
71804,0.0014215263
71805,0.0020839702
71806,0.0033293895
71807,0.0040846555
71808,0.00394495
71809,0.0034096907
71810,0.0024809614
71811,0.0013638703
71812,0.0008918889
71813,0.0006149595
71814,0.00041113872
71815,0.0007753507
71816,0.0013060534
71817,0.0018430002
71818,0.0020532429
71819,0.0011261824
71820,0.000669694
71821,0.0010552035
71822,0.0011331128
71823,0.0009319111
71824,0.0006397328
71825,0.0007355148
71826,0.0013322855
71827,0.0015685783
71828,0.0011523165
71829,0.0009475204
71830,0.0010524971
71831,0.0010991889
71832,0.00096251396
71833,0.001178266
71834,0.0009946343
71835,0.00079839345
71836,0.0007668585
71837,0.0016342049
71838,0.001739753
71839,0.0015126994
71840,0.001723399
71841,0.0015095215
71842,0.0015390778
71843,0.0015030488
71844,0.001124346
71845,0.0012659049
71846,0.0011764368
71847,0.00063365325
71848,0.000984724
71849,0.0011033381
71850,0.00091689324
71851,0.0009078018
71852,0.00095471134
71853,0.0008877678
71854,0.0007183795
71855,0.00049679016
71856,0.0007607237
71857,0.0008849769
71858,0.00094969873
71859,0.00094807317
71860,0.0014530743
71861,0.0016752211
71862,0.0015782708
71863,0.0011781673
71864,0.00092969113
71865,0.000947981
71866,0.0011249671
71867,0.0008393374
71868,0.0008248924
71869,0.0015565087
71870,0.0017850337
71871,0.0018447996
71872,0.0015264129
71873,0.0014488017
71874,0.0018161004
71875,0.0023981312
71876,0.002332362
71877,0.0016615798
71878,0.0015357272
71879,0.0011251223
71880,0.0009034956
71881,0.00070011907
71882,0.00086259405
71883,0.0008910075
71884,0.0009757277
71885,0.0009067111
71886,0.0014108812
71887,0.0021414557
71888,0.0025439425
71889,0.0018591317
71890,0.0014922635
71891,0.00087638467
71892,0.0007151311
71893,0.0006447177
71894,0.0008097229
71895,0.0009102031
71896,0.00092195795
71897,0.0008468628
71898,0.0011915297
71899,0.0016389886
71900,0.0014984139
71901,0.0012925464
71902,0.0009345619
71903,0.0016430677
71904,0.0017536326
71905,0.001849306
71906,0.0012788513
71907,0.0012481932
71908,0.0012458126
71909,0.0018686878
71910,0.0017626379
71911,0.0012819199
71912,0.0012370446
71913,0.001238526
71914,0.0017427448
71915,0.0021172636
71916,0.0020758964
71917,0.001518537
71918,0.0010449486
71919,0.0011701611
71920,0.0012455556
71921,0.0019041416
71922,0.0020996088
71923,0.0023351556
71924,0.0020165285
71925,0.0017249857
71926,0.0011304899
71927,0.00086387526
71928,0.0
71929,0.0020024653
71930,0.0017305781
71931,0.0008480648
71932,0.00071104977
71933,0.00077369733
71934,0.0009598494
71935,0.0007561958
71936,0.000977992
71937,0.001227503
71938,0.0012053236
71939,0.0010103404
71940,0.0010927627
71941,0.0016513366
71942,0.0018796667
71943,0.0017104653
71944,0.0017199505
71945,0.00085452624
71946,0.0004973172
71947,0.0011229992
71948,0.0014980254
71949,0.0014377917
71950,0.0012054684
71951,0.0009041074
71952,0.0006453494
71953,0.0006527927
71954,0.00059738697
71955,0.00066138536
71956,0.00090484746
71957,0.0013467557
71958,0.0019153275
71959,0.0019109158
71960,0.0014601473
71961,0.0015746154
71962,0.0024993343
71963,0.0022416662
71964,0.0013223966
71965,0.0011332668
71966,0.00083058845
71967,0.00056436897
71968,0.000718339
71969,0.00070182135
71970,0.0011446634
71971,0.0010252952
71972,0.00056219887
71973,0.0004417808
71974,0.0006222986
71975,0.00080308213
71976,0.000944906
71977,0.0008457279
71978,0.0007777868
71979,0.0009133631
71980,0.0015151217
71981,0.0012793519
71982,0.0009971767
71983,0.0008649863
71984,0.0009888532
71985,0.0016613521
71986,0.002057123
71987,0.0019286077
71988,0.0029224067
71989,0.0033031402
71990,0.0019202142
71991,0.0011830975
71992,0.00072044274
71993,0.0007880097
71994,0.0016027903
71995,0.0022647996
71996,0.0030193226
71997,0.0029562698
71998,0.0037921467
71999,0.0044269823
72000,0.004772709
72001,0.004407242
72002,0.003502748
72003,0.0040198946
72004,0.004200562
72005,0.004959752
72006,0.0046659033
72007,0.003591468
72008,0.0028972318
72009,0.0024419308
72010,0.0017801848
72011,0.0008499159
72012,0.00032779772
72013,0.00065599487
72014,0.00082690106
72015,0.0009363664
72016,0.0011789082
72017,0.0013070112
72018,0.0015030876
72019,0.00158585
72020,0.0027291912
72021,0.004139015
72022,0.004944607
72023,0.0054116235
72024,0.004461278
72025,0.0043071904
72026,0.0038791776
72027,0.0035712493
72028,0.0023351184
72029,0.001971575
72030,0.0011977421
72031,0.00082443363
72032,0.0008886525
72033,0.00071935117
72034,0.00069594965
72035,0.00048828125
72036,0.00037725022
72037,0.0008076715
72038,0.0011461118
72039,0.0011901367
72040,0.0010936146
72041,0.001271525
72042,0.0022342145
72043,0.0031325796
72044,0.0035726265
72045,0.00323775
72046,0.0016445726
72047,0.0011967211
72048,0.0010156842
72049,0.0012730577
72050,0.0017028596
72051,0.0014247575
72052,0.0015141802
72053,0.0014759675
72054,0.0010785006
72055,0.000635213
72056,0.0007411516
72057,0.0012995303
72058,0.0011526953
72059,0.0010472855
72060,0.0011038919
72061,0.00084472937
72062,0.00073043234
72063,0.0013798663
72064,0.0014969953
72065,0.000831464
72066,0.000922242
72067,0.0011213134
72068,0.001435604
72069,0.0016248282
72070,0.0012778495
72071,0.00078047626
72072,0.00060973136
72073,0.00122883
72074,0.0015603558
72075,0.0015554987
72076,0.0010693679
72077,0.00095553405
72078,0.0009247632
72079,0.0011582617
72080,0.00084179576
72081,0.0007772627
72082,0.00085176306
72083,0.0009216738
72084,0.001451511
72085,0.001636963
72086,0.0015869507
72087,0.0022815333
72088,0.0030365277
72089,0.0034441457
72090,0.0031622988
72091,0.0022293113
72092,0.000806698
72093,0.0012388079
72094,0.0013203702
72095,0.0009991885
72096,0.00093453075
72097,0.0011834418
72098,0.0009021094
72099,0.0010159421
72100,0.0011270349
72101,0.0011605961
72102,0.0014833239
72103,0.0012602595
72104,0.0011886685
72105,0.0014855394
72106,0.0013235406
72107,0.000747486
72108,0.0007672
72109,0.0006483639
72110,0.0005925442
72111,0.0017167324
72112,0.00267933
72113,0.002996342
72114,0.0020230848
72115,0.0013485264
72116,0.0013069668
72117,0.0011628759
72118,0.00095793727
72119,0.0009696537
72120,0.0012915778
72121,0.0014363133
72122,0.0014566351
72123,0.0015952187
72124,0.0016848184
72125,0.0017834189
72126,0.0015329958
72127,0.0017317213
72128,0.0023452665
72129,0.002607088
72130,0.0024500575
72131,0.0022707032
72132,0.001697073
72133,0.0012024468
72134,0.0009790924
72135,0.00087399036
72136,0.001008726
72137,0.0014253294
72138,0.0017799395
72139,0.002657155
72140,0.0032502473
72141,0.0034049586
72142,0.0027149392
72143,0.0018673012
72144,0.0011082073
72145,0.00061981496
72146,0.00056975795
72147,0.00061713264
72148,0.00068605185
72149,0.00093278516
72150,0.0013883611
72151,0.0019446277
72152,0.001156904
72153,0.00055343355
72154,0.0009451216
72155,0.0008717564
72156,0.00077302
72157,0.0007853831
72158,0.000890452
72159,0.0011712301
72160,0.0014426619
72161,0.0010838575
72162,0.0013702783
72163,0.0013541477
72164,0.0012769838
72165,0.0009645377
72166,0.0010661243
72167,0.0010861107
72168,0.0014051141
72169,0.0011747286
72170,0.0016387578
72171,0.0015008592
72172,0.001331914
72173,0.0013550286
72174,0.0011068146
72175,0.0013459991
72176,0.0014035805
72177,0.0012070609
72178,0.0015983536
72179,0.001596003
72180,0.0009945466
72181,0.0012958072
72182,0.0014591105
72183,0.001022965
72184,0.0012494284
72185,0.0011264408
72186,0.00071121345
72187,0.0006164721
72188,0.00072378793
72189,0.00095617346
72190,0.00091552734
72191,0.0010906833
72192,0.0010291768
72193,0.0011468226
72194,0.001089375
72195,0.0010948912
72196,0.0010218548
72197,0.0009920853
72198,0.0009878519
72199,0.00083506154
72200,0.0005621471
72201,0.00047400588
72202,0.0011124013
72203,0.0009862892
72204,0.0008840227
72205,0.0008520705
72206,0.0008914973
72207,0.0020223653
72208,0.0027822196
72209,0.002164692
72210,0.001058398
72211,0.0013678549
72212,0.00082834286
72213,0.00087168964
72214,0.0007627487
72215,0.0010889206
72216,0.0008206477
72217,0.00094206806
72218,0.0012996646
72219,0.0015516959
72220,0.001600919
72221,0.0021162324
72222,0.002137715
72223,0.0019951414
72224,0.0011028105
72225,0.00094905496
72226,0.00080170383
72227,0.0008721903
72228,0.00083881716
72229,0.0009680917
72230,0.0011630511
72231,0.0015410621
72232,0.0017761912
72233,0.0014048655
72234,0.0008650872
72235,0.0006068127
72236,0.0010980234
72237,0.0013860743
72238,0.0015462093
72239,0.0011843268
72240,0.0011648514
72241,0.0012081213
72242,0.0017399536
72243,0.0015751143
72244,0.0011232324
72245,0.0009498213
72246,0.000860026
72247,0.0013310178
72248,0.0021710286
72249,0.0027957333
72250,0.0022691903
72251,0.0013011193
72252,0.0011038128
72253,0.0012995974
72254,0.0015874275
72255,0.001466353
72256,0.0014886901
72257,0.0017163255
72258,0.001740656
72259,0.0015166192
72260,0.0012633963
72261,0.0
72262,0.0016816542
72263,0.0013134973
72264,0.0007431124
72265,0.00073246163
72266,0.00091173657
72267,0.00094033644
72268,0.0007056674
72269,0.0011905034
72270,0.0013021032
72271,0.0010492012
72272,0.0009820901
72273,0.0013495404
72274,0.0014796895
72275,0.0013008509
72276,0.0008995571
72277,0.0010307874
72278,0.00094825734
72279,0.0010414612
72280,0.0013244858
72281,0.0013359068
72282,0.0011153538
72283,0.0009057798
72284,0.0006909974
72285,0.0009615156
72286,0.0007398153
72287,0.0007334146
72288,0.0011105422
72289,0.001481989
72290,0.0016599676
72291,0.0020377054
72292,0.0018983246
72293,0.0017522546
72294,0.0023095023
72295,0.002903343
72296,0.0019634985
72297,0.0010107724
72298,0.00093053596
72299,0.0006857124
72300,0.0007341286
72301,0.0009116408
72302,0.0010815457
72303,0.0011439513
72304,0.0009950147
72305,0.00050081615
72306,0.0007921722
72307,0.00082943134
72308,0.000699412
72309,0.001256814
72310,0.0013989073
72311,0.0011690165
72312,0.0009743546
72313,0.0014412893
72314,0.0014386417
72315,0.0013482459
72316,0.00097366737
72317,0.0006115901
72318,0.0013738631
72319,0.0017811165
72320,0.0012794429
72321,0.0019913157
72322,0.0026701682
72323,0.0022481226
72324,0.0016655338
72325,0.0011866345
72326,0.0010389151
72327,0.0014983556
72328,0.00198398
72329,0.002427131
72330,0.0021351948
72331,0.0022967013
72332,0.002333036
72333,0.0018364667
72334,0.0018194946
72335,0.0016038069
72336,0.0026357763
72337,0.0037380608
72338,0.0052371835
72339,0.005634007
72340,0.0047668577
72341,0.0037590158
72342,0.0032218455
72343,0.0024346975
72344,0.0011767583
72345,0.0007071506
72346,0.0007505944
72347,0.0007427207
72348,0.0006561723
72349,0.0010507812
72350,0.0011406902
72351,0.00091600406
72352,0.0012361974
72353,0.0019141723
72354,0.0024071194
72355,0.0033391567
72356,0.004498335
72357,0.004632167
72358,0.0031782633
72359,0.002581499
72360,0.0022014207
72361,0.0015563777
72362,0.00062982953
72363,0.000587612
72364,0.0006395963
72365,0.00073961855
72366,0.0007926497
72367,0.0008460032
72368,0.00069289014
72369,0.0010540168
72370,0.0012409439
72371,0.0012345483
72372,0.0011141528
72373,0.0012642024
72374,0.0015411188
72375,0.0015703955
72376,0.0016964384
72377,0.001744414
72378,0.00201244
72379,0.0016423059
72380,0.0007094517
72381,0.0007951791
72382,0.0012542177
72383,0.0018174141
72384,0.0015849505
72385,0.0014465903
72386,0.0014120565
72387,0.0007612591
72388,0.0005659653
72389,0.0008692824
72390,0.0011409452
72391,0.001111302
72392,0.0012216565
72393,0.0014560755
72394,0.0013486128
72395,0.0012105039
72396,0.0017653106
72397,0.0018154111
72398,0.0009509544
72399,0.00084669096
72400,0.0011290988
72401,0.0011932383
72402,0.0010481466
72403,0.0007427207
72404,0.0007881205
72405,0.00064272835
72406,0.0008831333
72407,0.0012124738
72408,0.0013693648
72409,0.0014040159
72410,0.0014685148
72411,0.0014425811
72412,0.0012269338
72413,0.0006290897
72414,0.0007695484
72415,0.0010873158
72416,0.001368408
72417,0.0014379739
72418,0.0011541335
72419,0.0012146082
72420,0.0015691163
72421,0.0014530743
72422,0.0012352318
72423,0.0009233774
72424,0.00033124228
72425,0.0010171732
72426,0.0011366005
72427,0.001016343
72428,0.0008147393
72429,0.00078981736
72430,0.0007649966
72431,0.0004401969
72432,0.0007947764
72433,0.0009790924
72434,0.0012808525
72435,0.001257439
72436,0.0012522205
72437,0.0016551742
72438,0.0014660155
72439,0.0011090736
72440,0.00047755378
72441,0.00031539958
72442,0.0005250997
72443,0.00075253064
72444,0.0013895765
72445,0.002820875
72446,0.0038472882
72447,0.0035624208
72448,0.0026641884
72449,0.0020284292
72450,0.0013840782
72451,0.00096749025
72452,0.00074752496
72453,0.0009879698
72454,0.0013272515
72455,0.0012822377
72456,0.0014010485
72457,0.0015555173
72458,0.0016155412
72459,0.001215231
72460,0.0013104359
72461,0.0013583965
72462,0.0017534666
72463,0.0021192008
72464,0.0021948405
72465,0.0016309426
72466,0.0012374445
72467,0.00066581497
72468,0.0006178396
72469,0.0006480945
72470,0.00082893996
72471,0.0013247933
72472,0.001265675
72473,0.0005290753
72474,0.0007869749
72475,0.000643362
72476,0.0006117804
72477,0.00071991736
72478,0.0009740559
72479,0.0010929757
72480,0.0010396992
72481,0.0007951425
72482,0.00086100685
72483,0.0012425611
72484,0.0018779318
72485,0.0012417176
72486,0.0005695025
72487,0.00094592187
72488,0.0009736375
72489,0.00090757734
72490,0.0008614124
72491,0.0011829991
72492,0.0012304158
72493,0.001146848
72494,0.0011548141
72495,0.0015927355
72496,0.0018803014
72497,0.0015321033
72498,0.0012912398
72499,0.0014331489
72500,0.0016151809
72501,0.0019451366
72502,0.0013547709
72503,0.0015819361
72504,0.0014025018
72505,0.0009297224
72506,0.0008419686
72507,0.00085306045
72508,0.001025948
72509,0.0008721236
72510,0.00080720294
72511,0.0013039793
72512,0.0013881725
72513,0.001196794
72514,0.0016404617
72515,0.0014620397
72516,0.0008849769
72517,0.0011837861
72518,0.0013191353
72519,0.0012475168
72520,0.0012174802
72521,0.0011246566
72522,0.0009629372
72523,0.0010955821
72524,0.0016666517
72525,0.0014560155
72526,0.0009481959
72527,0.00073377165
72528,0.0010857355
72529,0.0010903096
72530,0.000828378
72531,0.0010294595
72532,0.00095058704
72533,0.00081284385
72534,0.00069175515
72535,0.0013492601
72536,0.0013094362
72537,0.00097049377
72538,0.0010980763
72539,0.00090072106
72540,0.0019679698
72541,0.0024572455
72542,0.0017436463
72543,0.001339301
72544,0.0015925893
72545,0.0012464665
72546,0.0014930825
72547,0.0014196415
72548,0.0017662008
72549,0.0014279814
72550,0.0014861661
72551,0.0017451813
72552,0.0016977931
72553,0.0014503879
72554,0.0012033178
72555,0.0015968052
72556,0.0017482637
72557,0.0013232107
72558,0.0010425505
72559,0.00082679547
72560,0.00093785714
72561,0.0013103249
72562,0.0016474547
72563,0.001870867
72564,0.0018038154
72565,0.0017238887
72566,0.0011897208
72567,0.0007007008
72568,0.0007341286
72569,0.00069179724
72570,0.00071870355
72571,0.0009273403
72572,0.0006964931
72573,0.0005555331
72574,0.0009581803
72575,0.0014342855
72576,0.0013891365
72577,0.0013249251
72578,0.0011382126
72579,0.00069502904
72580,0.00072579563
72581,0.001715206
72582,0.0027292445
72583,0.002569362
72584,0.00159839
72585,0.0013735876
72586,0.0014502072
72587,0.001234784
72588,0.0009490243
72589,0.0011834418
72590,0.001495984
72591,0.0017239393
72592,0.0014597486
72593,0.0011006442
72594,0.0
72595,0.000973189
72596,0.0007349606
72597,0.00071166345
72598,0.00062295306
72599,0.0008796993
72600,0.00077317056
72601,0.000532912
72602,0.0010940934
72603,0.0011020448
72604,0.0009841032
72605,0.0013018796
72606,0.001401547
72607,0.0010221965
72608,0.00068392744
72609,0.000755233
72610,0.0011468987
72611,0.0012318578
72612,0.0011967454
72613,0.0012448076
72614,0.0011693649
72615,0.00075907685
72616,0.00069957844
72617,0.00085066893
72618,0.0010417965
72619,0.00087041996
72620,0.001431259
72621,0.0017598287
72622,0.0018253396
72623,0.0019294677
72624,0.0018395702
72625,0.0013697897
72626,0.001168643
72627,0.0023529849
72628,0.0029905182
72629,0.0022410948
72630,0.001022111
72631,0.0009530027
72632,0.00077200274
72633,0.0011591408
72634,0.0013529221
72635,0.0017619277
72636,0.0016349705
72637,0.0012186988
72638,0.0009875572
72639,0.0010296856
72640,0.001192189
72641,0.0013480084
72642,0.0017191381
72643,0.0019738174
72644,0.0015360493
72645,0.0013128767
72646,0.0012250347
72647,0.0013113907
72648,0.0013844776
72649,0.0012879674
72650,0.00087239046
72651,0.0013516092
72652,0.0019035607
72653,0.0015947443
72654,0.0018531892
72655,0.0022879154
72656,0.0019155403
72657,0.001712251
72658,0.0016503669
72659,0.0015698209
72660,0.0020157057
72661,0.0021283687
72662,0.0021032928
72663,0.0019819546
72664,0.0018105471
72665,0.0018057666
72666,0.0014769334
72667,0.0016780333
72668,0.001927098
72669,0.0018746123
72670,0.0026033905
72671,0.004058056
72672,0.00472082
72673,0.004361352
72674,0.004005236
72675,0.0039861817
72676,0.0033622698
72677,0.0018859117
72678,0.00096538226
72679,0.0006160943
72680,0.0004635132
72681,0.00041276365
72682,0.0010019809
72683,0.00091667107
72684,0.00082988734
72685,0.0015076888
72686,0.00191844
72687,0.0021823535
72688,0.0023351805
72689,0.0033491566
72690,0.004009267
72691,0.002949558
72692,0.0020982777
72693,0.0015367691
72694,0.0012172412
72695,0.0010300813
72696,0.0008924435
72697,0.00055569026
72698,0.0007666308
72699,0.0010622134
72700,0.0010106284
72701,0.00081880146
72702,0.0013369521
72703,0.0014726708
72704,0.0011908701
72705,0.0008194055
72706,0.0013774596
72707,0.0017696742
72708,0.001391272
72709,0.0011320593
72710,0.001393028
72711,0.0020615465
72712,0.0015585081
72713,0.0007369379
72714,0.00074939145
72715,0.0012024468
72716,0.002129517
72717,0.001827459
72718,0.001442924
72719,0.0013605374
72720,0.00070558494
72721,0.0006453043
72722,0.00066164933
72723,0.0012327789
72724,0.0013081242
72725,0.0011736131
72726,0.0015262222
72727,0.0015065687
72728,0.00096209056
72729,0.0017957138
72730,0.0020212713
72731,0.0012048406
72732,0.0009019803
72733,0.0008081758
72734,0.00084483274
72735,0.0010906298
72736,0.0010838037
72737,0.0009503421
72738,0.0008212858
72739,0.00087342405
72740,0.00094178994
72741,0.0010802264
72742,0.0011764368
72743,0.0015027196
72744,0.0016488497
72745,0.0011409197
72746,0.00062505185
72747,0.0005776716
72748,0.0010739033
72749,0.0011662747
72750,0.00093281636
72751,0.0008501214
72752,0.0012525459
72753,0.0013656829
72754,0.0008593828
72755,0.0009341258
72756,0.00097533985
72757,0.0008457968
72758,0.0011427804
72759,0.0010434435
72760,0.0005786784
72761,0.00052432314
72762,0.0006033978
72763,0.0007552715
72764,0.0008077796
72765,0.00074181886
72766,0.00083335204
72767,0.00088547
72768,0.0007886742
72769,0.0013467123
72770,0.0020115431
72771,0.0014211987
72772,0.0008025746
72773,0.00052432314
72774,0.0005056165
72775,0.0006737667
72776,0.00071914884
72777,0.0011449686
72778,0.0025602274
72779,0.0036730682
72780,0.0042371447
72781,0.004233317
72782,0.003808054
72783,0.0028092337
72784,0.0010707007
72785,0.00068876153
72786,0.0006922178
72787,0.00075507886
72788,0.00063918665
72789,0.0008057233
72790,0.0015073993
72791,0.0014432467
72792,0.00082294963
72793,0.00076545303
72794,0.0009824752
72795,0.0013982829
72796,0.0019111291
72797,0.002273918
72798,0.0021131495
72799,0.0016614222
72800,0.0013482891
72801,0.0015811081
72802,0.001629818
72803,0.0016915591
72804,0.0018600238
72805,0.0018135024
72806,0.0010133892
72807,0.00076129736
72808,0.0008747892
72809,0.0010361662
72810,0.0011292793
72811,0.0011312877
72812,0.0010281865
72813,0.000991293
72814,0.0009817937
72815,0.0008427632
72816,0.0010236476
72817,0.0018553081
72818,0.001383994
72819,0.0004419784
72820,0.0008144892
72821,0.0010115495
72822,0.0012764367
72823,0.0015757055
72824,0.0018169335
72825,0.0016003735
72826,0.0011653011
72827,0.0014145481
72828,0.0015518458
72829,0.0015042876
72830,0.00094807317
72831,0.0010442241
72832,0.0014671467
72833,0.0018160844
72834,0.0020400037
72835,0.0013433802
72836,0.001185604
72837,0.0013513723
72838,0.001335362
72839,0.0011940916
72840,0.0014567149
72841,0.0012928391
72842,0.0011751249
72843,0.00082580926
72844,0.0008400653
72845,0.0009779027
72846,0.0013100139
72847,0.001928985
72848,0.0016441301
72849,0.0012725546
72850,0.0009892063
72851,0.0009908818
72852,0.0011174654
72853,0.0013273831
72854,0.0012567677
72855,0.00071431673
72856,0.0011027841
72857,0.001628907
72858,0.0012895708
72859,0.0007580025
72860,0.0010309003
72861,0.0012488692
72862,0.0010130733
72863,0.000708836
72864,0.0010152257
72865,0.00095735985
72866,0.0009325043
72867,0.0010675702
72868,0.0013532446
72869,0.0014588312
72870,0.0011161102
72871,0.0011822361
72872,0.0010417686
72873,0.0016913355
72874,0.0019193046
72875,0.0015057572
72876,0.0017072805
72877,0.0020026835
72878,0.0018105953
72879,0.0019417221
72880,0.0019746576
72881,0.002270293
72882,0.0018487709
72883,0.0014117473
72884,0.0014148568
72885,0.00083443394
72886,0.0009159087
72887,0.00060001196
72888,0.0011991748
72889,0.0014078869
72890,0.0010789323
72891,0.001081142
72892,0.0013247933
72893,0.0016541189
72894,0.0019382417
72895,0.0018656483
72896,0.0018048155
72897,0.0014608846
72898,0.0011828268
72899,0.00074436463
72900,0.00081248576
72901,0.0007933837
72902,0.00032939197
72903,0.0006453043
72904,0.00078259886
72905,0.0007007008
72906,0.0007544233
72907,0.0011537551
72908,0.0014071632
72909,0.0015352154
72910,0.0015824696
72911,0.0014800632
72912,0.0010224527
72913,0.00063945976
72914,0.00071874406
72915,0.0018795119
72916,0.0024335855
72917,0.0019302971
72918,0.0016189783
72919,0.0013398008
72920,0.0010502825
72921,0.0011744065
72922,0.001388948
72923,0.0012200115
72924,0.0015613999
72925,0.0014676028
72926,0.001223656
72927,0.0
72928,0.0008153107
72929,0.00050307746
72930,0.00079631293
72931,0.00094733614
72932,0.0013185395
72933,0.0009979645
72934,0.0010078889
72935,0.0011966481
72936,0.0009197456
72937,0.0013250789
72938,0.0014169123
72939,0.0011150929
72940,0.0008408271
72941,0.0007220165
72942,0.00085792533
72943,0.00077482505
72944,0.000863336
72945,0.0007612591
72946,0.0007238683
72947,0.00067324814
72948,0.00056199176
72949,0.00070871285
72950,0.0010016323
72951,0.0011074455
72952,0.0013075011
72953,0.00187194
72954,0.0019848894
72955,0.002093334
72956,0.0021094137
72957,0.0017034065
72958,0.0011205605
72959,0.0010975196
72960,0.001870089
72961,0.0027983761
72962,0.0025380554
72963,0.0014092713
72964,0.00096878293
72965,0.0011183505
72966,0.0015246959
72967,0.0014104479
72968,0.001537375
72969,0.001171578
72970,0.0010540445
72971,0.0013068777
72972,0.0012546121
72973,0.0014908392
72974,0.0016360205
72975,0.0017149685
72976,0.0016734481
72977,0.001006791
72978,0.0010841796
72979,0.0011498133
72980,0.0013282379
72981,0.0014390462
72982,0.0014833239
72983,0.0011090473
72984,0.0011132382
72985,0.0016423059
72986,0.001384898
72987,0.0014702973
72988,0.0019123774
72989,0.0014648637
72990,0.0012173129
72991,0.0013374962
72992,0.0017262675
72993,0.003126628
72994,0.0030040154
72995,0.0019731242
72996,0.0018577067
72997,0.0016585469
72998,0.0017839248
72999,0.0019649654
73000,0.0038322655
73001,0.0047103157
73002,0.0045325537
73003,0.004132175
73004,0.0043901117
73005,0.004997358
73006,0.0051681306
73007,0.0047661313
73008,0.0043142387
73009,0.0036933678
73010,0.0023004238
73011,0.0012247734
73012,0.00062444626
73013,0.00050394447
73014,0.00070682133
73015,0.00093275396
73016,0.00094209897
73017,0.0013720613
73018,0.0020035552
73019,0.0023663302
73020,0.0023331856
73021,0.0019107178
73022,0.0030114758
73023,0.0038987177
73024,0.0037228866
73025,0.002823845
73026,0.0016655687
73027,0.0012915778
73028,0.001356853
73029,0.0009891768
73030,0.00051553483
73031,0.0009795976
73032,0.0010852797
73033,0.0007586166
73034,0.00096881296
73035,0.0014763618
73036,0.001451511
73037,0.000906101
73038,0.0008192279
73039,0.0015360493
73040,0.0016805982
73041,0.0011759419
73042,0.0013305148
73043,0.0014464093
73044,0.0017701511
73045,0.0012029791
73046,0.0009088271
73047,0.0011579853
73048,0.0015426854
73049,0.0022536307
73050,0.001976617
73051,0.0017918685
73052,0.0015369207
73053,0.0007214923
73054,0.0006760522
73055,0.0005987981
73056,0.0010781228
73057,0.0012673294
73058,0.001140435
73059,0.0014856568
73060,0.0015444766
73061,0.00077256805
73062,0.0016694781
73063,0.0024214045
73064,0.0017590015
73065,0.00076423533
73066,0.00074071955
73067,0.0008749555
73068,0.0010959805
73069,0.0012135295
73070,0.0013674932
73071,0.0013613927
73072,0.0011527204
73073,0.00102994
73074,0.0010785006
73075,0.00083443394
73076,0.0012432636
73077,0.0013119231
73078,0.0008239393
73079,0.0006178396
73080,0.0005306681
73081,0.001200218
73082,0.0012718684
73083,0.0011070248
73084,0.00094702886
73085,0.0014989576
73086,0.0015708959
73087,0.0011426022
73088,0.00097136304
73089,0.0010661515
73090,0.0010356043
73091,0.0009811117
73092,0.00083240855
73093,0.00047055492
73094,0.0006231399
73095,0.0006690853
73096,0.0006642833
73097,0.0009206944
73098,0.0006225324
73099,0.00058612425
73100,0.00059738697
73101,0.0009785573
73102,0.0015293083
73103,0.0018984779
73104,0.0011862911
73105,0.00089475594
73106,0.0010717602
73107,0.0012023016
73108,0.0012311961
73109,0.00065243593
73110,0.0003990691
73111,0.0009107785
73112,0.0019662238
73113,0.0029180914
73114,0.003828436
73115,0.004246805
73116,0.004029736
73117,0.00280601
73118,0.0017738794
73119,0.0012690965
73120,0.0008849769
73121,0.00070710946
73122,0.0006630993
73123,0.0011641016
73124,0.0012145842
73125,0.0008849769
73126,0.001010398
73127,0.0011482936
73128,0.001215279
73129,0.001843016
73130,0.0022717924
73131,0.0026989947
73132,0.0021469393
73133,0.0015878858
73134,0.0016620702
73135,0.0017286093
73136,0.001846676
73137,0.0021941375
73138,0.0024263393
73139,0.0016617725
73140,0.0014433073
73141,0.0013887803
73142,0.0012258897
73143,0.0009930236
73144,0.0006345712
73145,0.0006598434
73146,0.0007369774
73147,0.000967069
73148,0.00078047626
73149,0.0006302914
73150,0.0017654591
73151,0.0017753553
73152,0.0009843397
73153,0.0014266355
73154,0.001966594
73155,0.0020583677
73156,0.0020255288
73157,0.0018228985
73158,0.0014495046
73159,0.0013478141
73160,0.0017565014
73161,0.0015362198
73162,0.0013359939
73163,0.00090381765
73164,0.001132676
73165,0.0014619401
73166,0.0018644779
73167,0.0019524841
73168,0.0014873015
73169,0.00096995384
73170,0.0016498378
73171,0.0019407476
73172,0.0017344586
73173,0.0015672232
73174,0.0014160082
73175,0.0014432064
73176,0.0011087324
73177,0.00091667107
73178,0.00092580117
73179,0.0014380751
73180,0.0016025724
73181,0.0016167117
73182,0.0016196973
73183,0.0012035597
73184,0.0010115495
73185,0.0014151242
73186,0.001718681
73187,0.0015485603
73188,0.0010932685
73189,0.0014440531
73190,0.0017366386
73191,0.0014198261
73192,0.0008916605
73193,0.001183491
73194,0.001271525
73195,0.00086161506
73196,0.0005616292
73197,0.0009808149
73198,0.0009481959
73199,0.0010265718
73200,0.0010988183
73201,0.0012548208
73202,0.0017388827
73203,0.0012487993
73204,0.0006434072
73205,0.0006353046
73206,0.0010569121
73207,0.001118923
73208,0.0009581195
73209,0.0015096372
73210,0.0018065884
73211,0.0019278984
73212,0.001875528
73213,0.0016815158
73214,0.0019282908
73215,0.0016211701
73216,0.0011519628
73217,0.00088263885
73218,0.0006224389
73219,0.0008355842
73220,0.0010526353
73221,0.0016076313
73222,0.0018197026
73223,0.0017613164
73224,0.0018709758
73225,0.0020018984
73226,0.0019048293
73227,0.0019871606
73228,0.0016752385
73229,0.0013350351
73230,0.0009188908
73231,0.0005136685
73232,0.0006317673
73233,0.0008868494
73234,0.0009018835
73235,0.00078642
73236,0.0011150929
73237,0.0012050096
73238,0.0010325928
73239,0.0008018853
73240,0.0009860531
73241,0.001210528
73242,0.0013303836
73243,0.0014693469
73244,0.00167812
73245,0.00134803
73246,0.0007071506
73247,0.0004525202
73248,0.0011866591
73249,0.002031483
73250,0.002191762
73251,0.0022486143
73252,0.0020432253
73253,0.0018969136
73254,0.0019498141
73255,0.001621529
73256,0.001579082
73257,0.0017504931
73258,0.0016012097
73259,0.0013690246
73260,0.0
73261,0.00090233516
73262,0.00049450016
73263,0.0006184988
73264,0.0011032854
73265,0.0011783155
73266,0.0007880097
73267,0.0011950175
73268,0.0011231547
73269,0.0005894911
73270,0.0012071091
73271,0.0009833339
73272,0.00073867355
73273,0.00085391296
73274,0.00067350746
73275,0.00068566995
73276,0.00064082374
73277,0.0007688295
73278,0.00073186535
73279,0.0006617813
73280,0.000731388
73281,0.0006713867
73282,0.0010078023
73283,0.0010743098
73284,0.001107787
73285,0.0015523896
73286,0.0017806261
73287,0.0018686722
73288,0.0018282869
73289,0.0016633305
73290,0.0012035597
73291,0.0011938723
73292,0.0011778955
73293,0.0013093917
73294,0.0023700048
73295,0.0025474639
73296,0.0016189424
73297,0.0007720781
73298,0.0008132376
73299,0.0009503727
73300,0.00083279307
73301,0.0011155886
73302,0.0011131859
73303,0.0013310397
73304,0.0018254672
73305,0.0014025227
73306,0.0013245078
73307,0.0013652566
73308,0.0010127284
73309,0.00089923345
73310,0.00074740814
73311,0.000506709
73312,0.00082432776
73313,0.0013391924
73314,0.00149039
73315,0.0016233049
73316,0.0013648089
73317,0.0016503317
73318,0.0019409575
73319,0.0018185347
73320,0.0017457649
73321,0.0017726977
73322,0.0010058077
73323,0.0007871228
73324,0.0010323392
73325,0.0015830029
73326,0.0035591433
73327,0.0036299885
73328,0.0019442086
73329,0.001845257
73330,0.001719849
73331,0.0019242415
73332,0.0037422082
73333,0.005168536
73334,0.0055100233
73335,0.004678194
73336,0.0046230797
73337,0.0049595875
73338,0.005116571
73339,0.0050022304
73340,0.0052003656
73341,0.0053866333
73342,0.0041250195
73343,0.002408473
73344,0.0012950659
73345,0.000806698
73346,0.00073575217
73347,0.0007944468
73348,0.0009459526
73349,0.0014597885
73350,0.002174886
73351,0.004037918
73352,0.0043973383
73353,0.003931219
73354,0.003064615
73355,0.0033023646
73356,0.0035454363
73357,0.0041904273
73358,0.0036178778
73359,0.0019763373
73360,0.0013337265
73361,0.0015587135
73362,0.0010893216
73363,0.00077087095
73364,0.0010559754
73365,0.0011619746
73366,0.00057042163
73367,0.0009429327
73368,0.0014054248
73369,0.0018107079
73370,0.0015918581
73371,0.0014509296
73372,0.0017174443
73373,0.0017506593
73374,0.0015113135
73375,0.001626332
73376,0.0013430985
73377,0.0010429414
73378,0.0009736375
73379,0.0012498476
73380,0.0014898822
73381,0.0019797655
73382,0.0028945887
73383,0.0030753368
73384,0.0027265346
73385,0.0014477969
73386,0.0010240455
73387,0.0011884236
73388,0.0010831322
73389,0.0014855394
73390,0.0015951091
73391,0.0012429359
73392,0.001269578
73393,0.0012744971
73394,0.0007676172
73395,0.0014339812
73396,0.0023620832
73397,0.0018634943
73398,0.00093627314
73399,0.00075738796
73400,0.0009845763
73401,0.0013762759
73402,0.001773026
73403,0.0018142726
73404,0.0013709366
73405,0.0013559519
73406,0.0013023267
73407,0.0008096869
73408,0.00061713264
73409,0.00091980887
73410,0.0010927094
73411,0.00100201
73412,0.00094327214
73413,0.0007900753
73414,0.0011702109
73415,0.0011222992
73416,0.0009384155
73417,0.0006653777
73418,0.0012617367
73419,0.0013879419
73420,0.0014241446
73421,0.0010399511
73422,0.0010086971
73423,0.0007377668
73424,0.00044552007
73425,0.0005076845
73426,0.0004180184
73427,0.0006043617
73428,0.0007481087
73429,0.00096724957
73430,0.0009538269
73431,0.0006337451
73432,0.00055965653
73433,0.00049000676
73434,0.0007982841
73435,0.0014051762
73436,0.0016643975
73437,0.0010224243
73438,0.0012776674
73439,0.0012960542
73440,0.0015591616
73441,0.0015302976
73442,0.00089283474
73443,0.0007897805
73444,0.0008822101
73445,0.00074806984
73446,0.0010164862
73447,0.0013207009
73448,0.0028095446
73449,0.0036419313
73450,0.0033761514
73451,0.0024155078
73452,0.0017266552
73453,0.0013231447
73454,0.0010357728
73455,0.000697537
73456,0.00073741167
73457,0.00083446887
73458,0.0007368984
73459,0.0012754103
73460,0.0012564433
73461,0.0008486137
73462,0.001269578
73463,0.0020410162
73464,0.0024414062
73465,0.0020471814
73466,0.0013228807
73467,0.00092828134
73468,0.00097229145
73469,0.001169788
73470,0.0017516897
73471,0.002430043
73472,0.0017480307
73473,0.0019480371
73474,0.0016272266
73475,0.0013859693
73476,0.0011414299
73477,0.0011917984
73478,0.0010190883
73479,0.0007267574
73480,0.0010250114
73481,0.0013384533
73482,0.001051335
73483,0.001893735
73484,0.0019579767
73485,0.0016973132
73486,0.002028343
73487,0.0022332112
73488,0.0019311865
73489,0.0016852156
73490,0.0012567677
73491,0.0008806582
73492,0.0012412488
73493,0.0018995814
73494,0.0019725342
73495,0.0017527527
73496,0.0014825388
73497,0.0018470384
73498,0.0020011424
73499,0.0022916775
73500,0.0019235306
73501,0.001468376
73502,0.0011844988
73503,0.0019162239
73504,0.0024324132
73505,0.0020665661
73506,0.0013425783
73507,0.0012535214
73508,0.0012274081
73509,0.0012209654
73510,0.0011719257
73511,0.0013792756
73512,0.0014787648
73513,0.0012809888
73514,0.0011324191
73515,0.0016110854
73516,0.0017487464
73517,0.001136447
73518,0.00095778535
73519,0.0012686378
73520,0.0011796731
73521,0.0013803934
73522,0.0016843519
73523,0.0020410877
73524,0.002000255
73525,0.0015553115
73526,0.0013092362
73527,0.0011655508
73528,0.0007404051
73529,0.00049508834
73530,0.000591315
73531,0.0006299219
73532,0.00074405177
73533,0.0008152036
73534,0.0009947806
73535,0.0018441369
73536,0.0013728035
73537,0.00065306015
73538,0.00067536306
73539,0.0008283077
73540,0.0009489323
73541,0.0012640413
73542,0.0014718998
73543,0.0016228926
73544,0.0016295679
73545,0.0013011193
73546,0.0011722981
73547,0.0017295688
73548,0.001919805
73549,0.0014441741
73550,0.0007436214
73551,0.00056673615
73552,0.0008460032
73553,0.0014178363
73554,0.0019189406
73555,0.0020454177
73556,0.0020356192
73557,0.0021641944
73558,0.0021117856
73559,0.0018949027
73560,0.0017929402
73561,0.0014567549
73562,0.0008559215
73563,0.0005131016
73564,0.00037384033
73565,0.0007586166
73566,0.001040175
73567,0.000941048
73568,0.00083881716
73569,0.0010952367
73570,0.001130387
73571,0.0010619119
73572,0.000989118
73573,0.0010876906
73574,0.0010438339
73575,0.0008796993
73576,0.0010956352
73577,0.0016410294
73578,0.0013639344
73579,0.000719513
73580,0.0007481476
73581,0.0011918473
73582,0.0018733076
73583,0.002496025
73584,0.002916485
73585,0.0027762402
73586,0.002385452
73587,0.0018745657
73588,0.0015412698
73589,0.0014933943
73590,0.0015926441
73591,0.0013654485
73592,0.00096462824
73593,0.0
73594,0.000890452
73595,0.00041403086
73596,0.00035334888
73597,0.00085884077
73598,0.001019431
73599,0.00070719176
73600,0.001290383
73601,0.0012396064
73602,0.0007187845
73603,0.0014991324
73604,0.0011733652
73605,0.0006323659
73606,0.0011123752
73607,0.00089842395
73608,0.00079165766
73609,0.0007953621
73610,0.000868981
73611,0.00088260585
73612,0.0008545603
73613,0.0007717011
73614,0.0005824382
73615,0.0009798353
73616,0.0011001154
73617,0.0013570461
73618,0.0017022785
73619,0.001657599
73620,0.0018707424
73621,0.001615343
73622,0.0010338322
73623,0.0008540834
73624,0.0013295739
73625,0.0011509265
73626,0.0012888935
73627,0.002099179
73628,0.002294939
73629,0.0017248339
73630,0.0011491297
73631,0.0008361413
73632,0.0008635383
73633,0.0009959502
73634,0.0012318578
73635,0.0012446673
73636,0.0015379429
73637,0.001734274
73638,0.0012071091
73639,0.0010631719
73640,0.001158538
73641,0.00096845237
73642,0.0008573824
73643,0.0010346202
73644,0.0010944658
73645,0.00090667896
73646,0.0012688901
73647,0.0018137912
73648,0.001954004
73649,0.00160973
73650,0.0021113583
73651,0.0022697544
73652,0.0018891342
73653,0.0018390323
73654,0.0016660753
73655,0.0012952007
73656,0.0010033161
73657,0.00081623823
73658,0.0013940096
73659,0.0035759893
73660,0.0038333589
73661,0.0022238735
73662,0.0019840386
73663,0.0018067978
73664,0.0017060868
73665,0.0044715675
73666,0.006774026
73667,0.0061898846
73668,0.0051997723
73669,0.005314294
73670,0.005650142
73671,0.005673618
73672,0.0054934663
73673,0.0054328362
73674,0.0060225986
73675,0.004732691
73676,0.0026653681
73677,0.0017165629
73678,0.0013397138
73679,0.0009917333
73680,0.0007632827
73681,0.001398387
73682,0.0022024384
73683,0.003952652
73684,0.005080243
73685,0.0049871504
73686,0.0038298876
73687,0.0035243095
73688,0.0032546679
73689,0.003161535
73690,0.004391901
73691,0.003666859
73692,0.0021394978
73693,0.0016102361
73694,0.0014295905
73695,0.0011796978
73696,0.0011897208
73697,0.0013103249
73698,0.0013586321
73699,0.000764578
73700,0.00078797276
73701,0.0011294081
73702,0.0017238887
73703,0.0015659042
73704,0.0016268331
73705,0.0017363201
73706,0.002019139
73707,0.0018622131
73708,0.0015511706
73709,0.00091221527
73710,0.0007043877
73711,0.00094200624
73712,0.0010512796
73713,0.0010978908
73714,0.0016280849
73715,0.0025798525
73716,0.0032467444
73717,0.0034363456
73718,0.0022403675
73719,0.0019717077
73720,0.001977971
73721,0.0021017424
73722,0.0020432682
73723,0.0019959726
73724,0.0014145277
73725,0.0010117509
73726,0.0009838074
73727,0.0011202487
73728,0.0014836377
73729,0.0021160399
73730,0.0016279598
73731,0.0009612432
73732,0.0012060719
73733,0.0016259204
73734,0.0018399341
73735,0.0016773914
73736,0.0013546849
73737,0.0006922178
73738,0.0011866345
73739,0.0011963076
73740,0.0005497401
73741,0.00028536384
73742,0.0005899846
73743,0.00064970914
73744,0.00093677035
73745,0.0008645488
73746,0.00087605254
73747,0.0009312238
73748,0.0011737371
73749,0.0010502548
73750,0.00077354687
73751,0.0008713557
73752,0.0010501163
73753,0.0012856153
73754,0.0010274503
73755,0.00077632605
73756,0.0007458879
73757,0.0006843954
73758,0.0006624406
73759,0.0004857714
73760,0.00082492776
73761,0.0007440909
73762,0.0008332822
73763,0.00064849854
73764,0.0006296909
73765,0.00061368034
73766,0.0004936165
73767,0.00076773093
73768,0.0012518951
73769,0.0014058803
73770,0.0011601197
73771,0.001290834
73772,0.0009594248
73773,0.0013471878
73774,0.0015125263
73775,0.0012484497
73776,0.0012646627
73777,0.0010037222
73778,0.00085377664
73779,0.0009463833
73780,0.00074549764
73781,0.001017974
73782,0.0020295624
73783,0.0022953576
73784,0.0018298622
73785,0.0014557156
73786,0.0013542336
73787,0.0010868608
73788,0.0007178121
73789,0.00057509646
73790,0.0006895639
73791,0.00064077834
73792,0.0012389254
73793,0.001423511
73794,0.00070834317
73795,0.0008126648
73796,0.0013761914
73797,0.0018713803
73798,0.0020579859
73799,0.0016796108
73800,0.0012619904
73801,0.0010261465
73802,0.00087864
73803,0.0014717614
73804,0.002060657
73805,0.001512661
73806,0.0019590466
73807,0.0013645956
73808,0.0013381488
73809,0.0010321982
73810,0.0011773271
73811,0.0011637765
73812,0.0012354673
73813,0.0015944887
73814,0.0016140272
73815,0.0010642117
73816,0.0014033316
73817,0.0015698766
73818,0.0015413265
73819,0.0017329981
73820,0.0015811081
73821,0.0008511136
73822,0.0008698848
73823,0.00086222286
73824,0.00062904344
73825,0.0009171154
73826,0.001271113
73827,0.0015751697
73828,0.0014933943
73829,0.0014924391
73830,0.0019182732
73831,0.0019044778
73832,0.0019666532
73833,0.0014858332
73834,0.0013638703
73835,0.0015019447
73836,0.0026263187
73837,0.0031764496
73838,0.0025589652
73839,0.0014360296
73840,0.0008999776
73841,0.0008773472
73842,0.0009751906
73843,0.001209229
73844,0.0014818516
73845,0.0015837197
73846,0.0012802843
73847,0.00079055404
73848,0.0012345954
73849,0.0019318194
73850,0.0017548768
73851,0.0015703399
73852,0.0015150448
73853,0.0010405947
73854,0.0009607283
73855,0.0012168107
73856,0.0016754643
73857,0.0018232338
73858,0.0015235501
73859,0.00091984053
73860,0.0008299575
73861,0.0007714748
73862,0.00070603855
73863,0.0010131308
73864,0.0009437965
73865,0.00079912215
73866,0.0007319051
73867,0.0010302225
73868,0.00194726
73869,0.0015397964
73870,0.00080427714
73871,0.0007743742
73872,0.0008130229
73873,0.0009929651
73874,0.0011346271
73875,0.00086841144
73876,0.001009937
73877,0.0012790106
73878,0.00083230366
73879,0.00078612386
73880,0.0009310675
73881,0.0013691309
73882,0.0013787057
73883,0.00077685073
73884,0.00083537516
73885,0.0012481699
73886,0.0018689836
73887,0.002011572
73888,0.0017357501
73889,0.0015408922
73890,0.001700431
73891,0.0014515312
73892,0.0012886
73893,0.0011672225
73894,0.0008566013
73895,0.00058850285
73896,0.0004966144
73897,0.0003474517
73898,0.0010220541
73899,0.0011099393
73900,0.0008251041
73901,0.0005282495
73902,0.0004851719
73903,0.0008163452
73904,0.0012789195
73905,0.0011346529
73906,0.0010330437
73907,0.0010949178
73908,0.000927905
73909,0.0011897208
73910,0.0018930279
73911,0.0021158748
73912,0.0018967295
73913,0.0015566583
73914,0.001392401
73915,0.0011897698
73916,0.0014241446
73917,0.0017001914
73918,0.0018816785
73919,0.0022486662
73920,0.0021029606
73921,0.0015365798
73922,0.0013178108
73923,0.0015352154
73924,0.001477997
73925,0.00091609935
73926,0.0
73927,0.0010530499
73928,0.0011534272
73929,0.001371255
73930,0.0016690248
73931,0.0015961124
73932,0.0012295166
73933,0.0010911102
73934,0.0011397202
73935,0.00059528835
73936,0.0013294863
73937,0.0011421945
73938,0.0010615007
73939,0.0014572144
73940,0.0012691653
73941,0.00084134616
73942,0.0006443565
73943,0.0010773666
73944,0.0010868608
73945,0.00076129736
73946,0.0005550614
73947,0.0005704726
73948,0.00094021263
73949,0.0011975962
73950,0.0014917369
73951,0.0019970806
73952,0.0020938206
73953,0.00209621
73954,0.0017180543
73955,0.0011637765
73956,0.0013580322
73957,0.0013504674
73958,0.00096465845
73959,0.0011844742
73960,0.0018935198
73961,0.0022442224
73962,0.0021287925
73963,0.0014442949
73964,0.0007813707
73965,0.0006586956
73966,0.00070521364
73967,0.00078478997
73968,0.0011609471
73969,0.0014673251
73970,0.0013750913
73971,0.00096604525
73972,0.00066323095
73973,0.001079175
73974,0.0013418845
73975,0.0011852848
73976,0.001369301
73977,0.0014971897
73978,0.0013051172
73979,0.0011154321
73980,0.0016694956
73981,0.001808762
73982,0.001835579
73983,0.0031101366
73984,0.002861918
73985,0.0016306749
73986,0.0019329941
73987,0.0018915052
73988,0.001666739
73989,0.00124434
73990,0.0009564474
73991,0.001440542
73992,0.0034705026
73993,0.0038807304
73994,0.0024973887
73995,0.0021452848
73996,0.0019840386
73997,0.0019350257
73998,0.0049444363
73999,0.0073299664
74000,0.0055919923
74001,0.0049038315
74002,0.0053475033
74003,0.0060426346
74004,0.006829821
74005,0.0062641045
74006,0.005006464
74007,0.006492534
74008,0.0058537945
74009,0.0029349083
74010,0.0021663047
74011,0.0019741566
74012,0.0012822377
74013,0.0008038428
74014,0.0019714716
74015,0.002852955
74016,0.0044869534
74017,0.0048172665
74018,0.003668779
74019,0.002372116
74020,0.0036289461
74021,0.00380433
74022,0.0035427264
74023,0.004498361
74024,0.0040468816
74025,0.0024220294
74026,0.0020585232
74027,0.0017682264
74028,0.0017525037
74029,0.0015811449
74030,0.0013990945
74031,0.0013539542
74032,0.0012488692
74033,0.0012069886
74034,0.000918479
74035,0.0010579305
74036,0.00077894586
74037,0.0010909768
74038,0.0015175593
74039,0.0018178304
74040,0.001431381
74041,0.00081126695
74042,0.0007486143
74043,0.0009845467
74044,0.0013651288
74045,0.0013254083
74046,0.0010229935
74047,0.00088625855
74048,0.0013728671
74049,0.0028543726
74050,0.0033941974
74051,0.002757538
74052,0.0026470372
74053,0.0028044744
74054,0.002962947
74055,0.0027238328
74056,0.0021746852
74057,0.001265491
74058,0.00074608304
74059,0.0006483639
74060,0.000851968
74061,0.00124434
74062,0.0015165233
74063,0.0011124013
74064,0.0011433406
74065,0.0016593188
74066,0.0016780333
74067,0.0014493641
74068,0.0009095633
74069,0.0008274992
74070,0.00087648426
74071,0.001667734
74072,0.0014156383
74073,0.0006216435
74074,0.0005163246
74075,0.0006609892
74076,0.0007370169
74077,0.0010033161
74078,0.00089706236
74079,0.0010608151
74080,0.0010490348
74081,0.0011157452
74082,0.0009215791
74083,0.0008442469
74084,0.0008213921
74085,0.0005451682
74086,0.0008510794
74087,0.0009791221
74088,0.0011079446
74089,0.001047869
74090,0.00091822544
74091,0.0007080144
74092,0.0004456507
74093,0.0006630554
74094,0.00060445804
74095,0.0007220568
74096,0.00057256053
74097,0.0006377736
74098,0.0006395053
74099,0.0006627042
74100,0.0006864336
74101,0.0011024409
74102,0.0014725522
74103,0.0018002138
74104,0.0017345928
74105,0.0014517317
74106,0.001522977
74107,0.0013004706
74108,0.0014057147
74109,0.0014798862
74110,0.0010590028
74111,0.0012156621
74112,0.001203608
74113,0.0007059973
74114,0.0007359895
74115,0.0015664431
74116,0.0020391617
74117,0.0014203179
74118,0.0008905174
74119,0.0008684785
74120,0.0010618846
74121,0.0010143652
74122,0.0011429586
74123,0.0010650045
74124,0.000959
74125,0.0010874765
74126,0.0012485196
74127,0.00066973746
74128,0.0006238401
74129,0.0011246825
74130,0.0014676822
74131,0.0021163423
74132,0.0022480707
74133,0.002208983
74134,0.0019404477
74135,0.0017425444
74136,0.0019356272
74137,0.0014247167
74138,0.0009701938
74139,0.0012463732
74140,0.000901141
74141,0.00084362616
74142,0.0003512837
74143,0.00041773982
74144,0.0007024017
74145,0.0012811932
74146,0.0019707186
74147,0.00199641
74148,0.0011177259
74149,0.001089562
74150,0.0010051999
74151,0.0013332245
74152,0.0013982829
74153,0.0011187148
74154,0.0007753132
74155,0.00078308216
74156,0.00093144254
74157,0.00094095524
74158,0.00081833923
74159,0.0008675061
74160,0.0011389795
74161,0.0010921232
74162,0.0013201939
74163,0.0015555922
74164,0.0012838709
74165,0.0011779203
74166,0.0012351375
74167,0.0018367837
74168,0.001823537
74169,0.0024361077
74170,0.003141208
74171,0.002613399
74172,0.0013132757
74173,0.0010787975
74174,0.0009146368
74175,0.0013678124
74176,0.0016976903
74177,0.0015903034
74178,0.0011823839
74179,0.0011128722
74180,0.0011435951
74181,0.0011973532
74182,0.0017244288
74183,0.0019748197
74184,0.0020865523
74185,0.0017190704
74186,0.000981853
74187,0.00063489215
74188,0.0008751218
74189,0.0010860303
74190,0.0013004257
74191,0.0013604518
74192,0.0009663465
74193,0.001044475
74194,0.0010232495
74195,0.0012031969
74196,0.0013232107
74197,0.00099232
74198,0.0007851978
74199,0.0009159723
74200,0.001025352
74201,0.0016561762
74202,0.0015993183
74203,0.0007359895
74204,0.00047012177
74205,0.00070941064
74206,0.0010016904
74207,0.001054072
74208,0.00067910185
74209,0.0008392334
74210,0.0012521507
74211,0.0008719233
74212,0.00090026855
74213,0.00071244006
74214,0.0012860679
74215,0.001754628
74216,0.0013359721
74217,0.0016092779
74218,0.001909819
74219,0.00199778
74220,0.0018307685
74221,0.0015236075
74222,0.001174679
74223,0.0011704843
74224,0.0010660423
74225,0.0012831907
74226,0.001199563
74227,0.0013983663
74228,0.0012553078
74229,0.0015938863
74230,0.0017088652
74231,0.0017906012
74232,0.0013910836
74233,0.00074475555
74234,0.0006295522
74235,0.00078586466
74236,0.001040091
74237,0.0016069976
74238,0.0015227668
74239,0.0012886904
74240,0.0010382145
74241,0.00067785784
74242,0.0010625147
74243,0.0016924535
74244,0.0022791978
74245,0.0020827688
74246,0.0017019536
74247,0.0014512304
74248,0.0010076001
74249,0.000724431
74250,0.0005585113
74251,0.0011662497
74252,0.0019162846
74253,0.0023278906
74254,0.0017523209
74255,0.0010583155
74256,0.0014844418
74257,0.0015916936
74258,0.0007998502
74259,0.0
74260,0.0012245594
74261,0.0015521084
74262,0.0015582279
74263,0.0014880449
74264,0.0014335752
74265,0.0013216481
74266,0.0010311544
74267,0.00089878024
74268,0.00040993356
74269,0.0010773666
74270,0.0012564433
74271,0.001496762
74272,0.0017084904
74273,0.0014784499
74274,0.0009199038
74275,0.0010656602
74276,0.001373291
74277,0.0012271235
74278,0.0009346242
74279,0.00040132354
74280,0.0006296909
74281,0.0009304734
74282,0.0015313053
74283,0.0018610563
74284,0.00207361
74285,0.0021064314
74286,0.0018115113
74287,0.0014305471
74288,0.0012658129
74289,0.00157147
74290,0.0013433802
74291,0.001329136
74292,0.0014699212
74293,0.001902276
74294,0.0025019879
74295,0.002578995
74296,0.0021504338
74297,0.0013520182
74298,0.0009892357
74299,0.0007669724
74300,0.00089338876
74301,0.0012016236
74302,0.0014025018
74303,0.0010914835
74304,0.00075781054
74305,0.0007911796
74306,0.0008426596
74307,0.0010707822
74308,0.00095397944
74309,0.0009519944
74310,0.0012271709
74311,0.0014641482
74312,0.0014087135
74313,0.0017880801
74314,0.0017678807
74315,0.0019167402
74316,0.0033236763
74317,0.0030566559
74318,0.0017206948
74319,0.0019746283
74320,0.0020248964
74321,0.0015842892
74322,0.0014591903
74323,0.001287538
74324,0.0012883515
74325,0.0036325774
74326,0.0039134854
74327,0.0023417769
74328,0.0019141268
74329,0.0019550314
74330,0.0022572824
74331,0.0048946654
74332,0.008215275
74333,0.0058078486
74334,0.0016533622
74335,0.0036059283
74336,0.004677043
74337,0.006569059
74338,0.007507735
74339,0.005565072
74340,0.005547304
74341,0.0058918884
74342,0.0039994475
74343,0.0028236492
74344,0.0025668803
74345,0.0016240398
74346,0.0012348547
74347,0.0027581607
74348,0.0037617092
74349,0.0046035666
74350,0.0041487003
74351,0.0023040266
74352,0.0021254267
74353,0.0036399968
74354,0.0045390027
74355,0.0047923652
74356,0.0052398834
74357,0.0047200616
74358,0.0026964918
74359,0.0026909383
74360,0.0022729707
74361,0.0021752606
74362,0.0016871316
74363,0.0013627175
74364,0.0012111529
74365,0.001244223
74366,0.001262682
74367,0.0010708093
74368,0.0009582107
74369,0.00074020855
74370,0.0011823839
74371,0.0013532232
74372,0.0013829843
74373,0.0010851724
74374,0.0009192708
74375,0.0010164003
74376,0.0016365007
74377,0.0018512879
74378,0.0016877869
74379,0.0013366038
74380,0.0011293823
74381,0.0012662957
74382,0.0021305145
74383,0.002496153
74384,0.0025091313
74385,0.0025564164
74386,0.0027473767
74387,0.0023682236
74388,0.0021425835
74389,0.0016276021
74390,0.0013418411
74391,0.0010497004
74392,0.00072839746
74393,0.00055996847
74394,0.00092909613
74395,0.0014201335
74396,0.0011023617
74397,0.0011552173
74398,0.0018724063
74399,0.0016947563
74400,0.0011548897
74401,0.0009451216
74402,0.0011855303
74403,0.0014656979
74404,0.0016483554
74405,0.001290834
74406,0.00059806864
74407,0.0006265401
74408,0.0009814083
74409,0.0009803994
74410,0.000943704
74411,0.0007822641
74412,0.0010233632
74413,0.0011168662
74414,0.0011828268
74415,0.0010477301
74416,0.0009958918
74417,0.00086965057
74418,0.0007813707
74419,0.0010264867
74420,0.001142653
74421,0.0010257777
74422,0.0010707822
74423,0.0010736594
74424,0.00092803047
74425,0.0007973356
74426,0.001136037
74427,0.0012365269
74428,0.0011711307
74429,0.0007541918
74430,0.0008979379
74431,0.0011069197
74432,0.001056003
74433,0.0009557168
74434,0.00095428445
74435,0.0012311961
74436,0.0015521084
74437,0.0014470731
74438,0.0014563353
74439,0.0013898906
74440,0.0010751763
74441,0.0013335082
74442,0.0014097875
74443,0.0011206383
74444,0.0014799649
74445,0.00135092
74446,0.00064458227
74447,0.00067540613
74448,0.001489218
74449,0.0020541498
74450,0.0017855065
74451,0.0011912121
74452,0.0008698514
74453,0.0010669429
74454,0.00095909106
74455,0.0010133031
74456,0.0011302066
74457,0.0011915297
74458,0.0011942866
74459,0.0010230788
74460,0.00044486634
74461,0.00029676285
74462,0.00080655364
74463,0.0011648764
74464,0.0018739445
74465,0.0021647727
74466,0.002568671
74467,0.0025583056
74468,0.002379992
74469,0.002119393
74470,0.0012197968
74471,0.0009921147
74472,0.00081431057
74473,0.00059303513
74474,0.0007565421
74475,0.0005478309
74476,0.00050336664
74477,0.00035003875
74478,0.0009889414
74479,0.0017854576
74480,0.002097126
74481,0.0016687632
74482,0.0011113543
74483,0.0009930236
74484,0.0013701721
74485,0.001200121
74486,0.0010879313
74487,0.0007186225
74488,0.00053214683
74489,0.0006289047
74490,0.0008121633
74491,0.0010358291
74492,0.0010069356
74493,0.0009790033
74494,0.0008132018
74495,0.00096935354
74496,0.0011764121
74497,0.0011648514
74498,0.0015026034
74499,0.0017771249
74500,0.001843395
74501,0.0013612645
74502,0.0016048228
74503,0.0030101612
74504,0.002428174
74505,0.001043806
74506,0.0012964809
74507,0.001756286
74508,0.0020486452
74509,0.0020066614
74510,0.0014865773
74511,0.0010339448
74512,0.000894333
74513,0.001053713
74514,0.001040231
74515,0.0009300667
74516,0.0018553865
74517,0.002555699
74518,0.0018662254
74519,0.00069053395
74520,0.0004894719
74521,0.0010544308
74522,0.0013172366
74523,0.0015561908
74524,0.0014590108
74525,0.0012253672
74526,0.0015460964
74527,0.0014755336
74528,0.0019638985
74529,0.0019228193
74530,0.0013147596
74531,0.00069204957
74532,0.000786457
74533,0.000786568
74534,0.0016580203
74535,0.001959908
74536,0.000937112
74537,0.00058681896
74538,0.00091148115
74539,0.0011774754
74540,0.0011228437
74541,0.00069053395
74542,0.00070710946
74543,0.0011154843
74544,0.0011113805
74545,0.001570414
74546,0.0011165014
74547,0.0012528014
74548,0.0016836087
74549,0.0015886187
74550,0.001829719
74551,0.0018064112
74552,0.0013344681
74553,0.0010647312
74554,0.0008765175
74555,0.00083982275
74556,0.0011984223
74557,0.0012320232
74558,0.0016011916
74559,0.0015598334
74560,0.0018178463
74561,0.001889812
74562,0.0021659688
74563,0.0024799404
74564,0.0021421215
74565,0.001718105
74566,0.0008784412
74567,0.00065314927
74568,0.00078482705
74569,0.0011209759
74570,0.0016679782
74571,0.0019343336
74572,0.0016089523
74573,0.00078941195
74574,0.000333257
74575,0.000655773
74576,0.0007516793
74577,0.0014198056
74578,0.0012919158
74579,0.0009957749
74580,0.0011631262
74581,0.0011958209
74582,0.00091797183
74583,0.0009803994
74584,0.0007470576
74585,0.0015805926
74586,0.0022762974
74587,0.0018518538
74588,0.0012091086
74589,0.0012392072
74590,0.0015756316
74591,0.00094644475
74592,0.0
74593,0.0011511793
74594,0.0012785099
74595,0.0010820569
74596,0.001151887
74597,0.0015007234
74598,0.001426452
74599,0.0012950434
74600,0.0009157816
74601,0.00081812585
74602,0.00076404493
74603,0.00059180695
74604,0.00092432246
74605,0.0013068554
74606,0.0011739355
74607,0.001067979
74608,0.0013460856
74609,0.0014258397
74610,0.0014665315
74611,0.0010821376
74612,0.0005695025
74613,0.00093673926
74614,0.0012637419
74615,0.0017690985
74616,0.0019653651
74617,0.001873898
74618,0.0020451332
74619,0.0018799144
74620,0.0018618067
74621,0.0022388732
74622,0.002535715
74623,0.0023383815
74624,0.001822627
74625,0.0014337173
74626,0.0017207626
74627,0.002741491
74628,0.0035466265
74629,0.0034474311
74630,0.0022560186
74631,0.0017929889
74632,0.0013328096
74633,0.0014125922
74634,0.0011524679
74635,0.0011065778
74636,0.00084717205
74637,0.0009098833
74638,0.0010453106
74639,0.0012487993
74640,0.0012723488
74641,0.0011873946
74642,0.0005033088
74643,0.00071149983
74644,0.0012627281
74645,0.0017855065
74646,0.0021355355
74647,0.0021287925
74648,0.0020866778
74649,0.0029784164
74650,0.0030661055
74651,0.0025338896
74652,0.0020815947
74653,0.0020880303
74654,0.002049895
74655,0.0028190587
74656,0.003129168
74657,0.002598299
74658,0.0044884835
74659,0.004557974
74660,0.0024144712
74661,0.0017749947
74662,0.0016584767
74663,0.0022956745
74664,0.0045270477
74665,0.008114032
74666,0.0062897545
74667,0.001064321
74668,0.002274852
74669,0.0034665505
74670,0.006565115
74671,0.0077598146
74672,0.005482159
74673,0.0052094576
74674,0.0055921692
74675,0.0043358463
74676,0.0029336088
74677,0.002774405
74678,0.0024370274
74679,0.0016893726
74680,0.0031798654
74681,0.004822894
74682,0.005644458
74683,0.005158966
74684,0.003397086
74685,0.0018474323
74686,0.0025228737
74687,0.004595284
74688,0.0053914078
74689,0.0059957574
74690,0.00600011
74691,0.0038392309
74692,0.0029056477
74693,0.0024947536
74694,0.0019516194
74695,0.0010116071
74696,0.0009025932
74697,0.0006666013
74698,0.0006085847
74699,0.0007023188
74700,0.00084627833
74701,0.00095040334
74702,0.0011377778
74703,0.0016938802
74704,0.0020655098
74705,0.0019092245
74706,0.0012045024
74707,0.0014156383
74708,0.0016682923
74709,0.0023487385
74710,0.002198047
74711,0.0018157959
74712,0.0015192077
74713,0.0013237604
74714,0.0012656979
74715,0.0017232301
74716,0.0018454778
74717,0.0015872808
74718,0.001771433
74719,0.0016613697
74720,0.0014897065
74721,0.0012056858
74722,0.001287312
74723,0.001466214
74724,0.0016546819
74725,0.0012786464
74726,0.00067229645
74727,0.0009875867
74728,0.0014077835
74729,0.0011740347
74730,0.0010464515
74731,0.0017834189
74732,0.001806975
74733,0.0012263644
74734,0.00087438984
74735,0.0010967769
74736,0.001226483
74737,0.0010277053
74738,0.0008771481
74739,0.0006851604
74740,0.0007921355
74741,0.0010988183
74742,0.0008410002
74743,0.00058383564
74744,0.0006550625
74745,0.000972471
74746,0.00112095
74747,0.0011219361
74748,0.0008168798
74749,0.00078271044
74750,0.0006673867
74751,0.0007481087
74752,0.00077478745
74753,0.00118231
74754,0.0012230136
74755,0.0013369086
74756,0.0011315707
74757,0.000955595
74758,0.0012639492
74759,0.0016681353
74760,0.0017503268
74761,0.0016324052
74762,0.0014875362
74763,0.0012034145
74764,0.0012018173
74765,0.0009157498
74766,0.0011630511
74767,0.0011136042
74768,0.00080050493
74769,0.000708836
74770,0.00060834555
74771,0.0011108305
74772,0.0013638063
74773,0.0013515016
74774,0.0012379853
74775,0.0012400524
74776,0.001036812
74777,0.0012883741
74778,0.0014780561
74779,0.0011687425
74780,0.00077200274
74781,0.0013218023
74782,0.0017364877
74783,0.0018154753
74784,0.0013971378
74785,0.00086438045
74786,0.00087178976
74787,0.0005704726
74788,0.0009875278
74789,0.0013067885
74790,0.0014279814
74791,0.0015281279
74792,0.0013434235
74793,0.0011712549
74794,0.0010896688
74795,0.0013106803
74796,0.0016743349
74797,0.001918
74798,0.0021500008
74799,0.002677374
74800,0.0031643966
74801,0.0025725544
74802,0.002148877
74803,0.0013752817
74804,0.0015333565
74805,0.001165326
74806,0.0010773396
74807,0.00077568844
74808,0.0007346437
74809,0.00058383564
74810,0.000350205
74811,0.00041396057
74812,0.0011058939
74813,0.0016330647
74814,0.0015554987
74815,0.0015669075
74816,0.0014517317
74817,0.000930317
74818,0.0008461064
74819,0.0011168662
74820,0.0010599094
74821,0.0008765175
74822,0.0009689331
74823,0.00096592476
74824,0.0010151396
74825,0.0010114345
74826,0.0011363189
74827,0.0014802401
74828,0.0025163474
74829,0.003249325
74830,0.0032425914
74831,0.0027388888
74832,0.001963854
74833,0.0017644697
74834,0.0013063208
74835,0.0010477023
74836,0.0024422526
74837,0.0030777114
74838,0.0019013578
74839,0.0015652536
74840,0.0022400038
74841,0.002533614
74842,0.0021195854
74843,0.0007271978
74844,0.00071533455
74845,0.0006181222
74846,0.000451941
74847,0.0006769126
74848,0.0011172049
74849,0.0016855783
74850,0.002401042
74851,0.0017458649
74852,0.0009189225
74853,0.0013281722
74854,0.0018618067
74855,0.001978545
74856,0.0017059162
74857,0.0012995526
74858,0.0010889206
74859,0.0017333004
74860,0.001704602
74861,0.0024769343
74862,0.0027934317
74863,0.0021023515
74864,0.0011374964
74865,0.0010879313
74866,0.0010715701
74867,0.0019188648
74868,0.0022757987
74869,0.0011478373
74870,0.0004931446
74871,0.000611828
74872,0.0009507095
74873,0.0011079183
74874,0.0007036023
74875,0.000601804
74876,0.00083090377
74877,0.0011378801
74878,0.0019230312
74879,0.0013767834
74880,0.0006711266
74881,0.0011803391
74882,0.0015237794
74883,0.00175345
74884,0.0013026618
74885,0.00088773505
74886,0.0011625255
74887,0.00160888
74888,0.0015284707
74889,0.0016417209
74890,0.0016328865
74891,0.0018034927
74892,0.0018374015
74893,0.0018081021
74894,0.0023867327
74895,0.0025097113
74896,0.002590424
74897,0.0019132599
74898,0.0017216249
74899,0.0010758258
74900,0.00059587474
74901,0.00053345785
74902,0.00078642
74903,0.0012196775
74904,0.00239682
74905,0.0020839423
74906,0.000714724
74907,0.0005101436
74908,0.00061239855
74909,0.000696702
74910,0.0011385194
74911,0.0010956352
74912,0.0013579036
74913,0.0017836473
74914,0.0019203809
74915,0.0016771485
74916,0.0017354483
74917,0.0014506888
74918,0.0015350827
74919,0.00216797
74920,0.001729737
74921,0.0012387844
74922,0.0010914569
74923,0.0017222503
74924,0.0013891156
74925,0.0
74926,0.00092765404
74927,0.00080050493
74928,0.00082834286
74929,0.0009645076
74930,0.0012296113
74931,0.0014843241
74932,0.0014956337
74933,0.0012167868
74934,0.00095851434
74935,0.00082231284
74936,0.00055348617
74937,0.0010646218
74938,0.001217002
74939,0.0007481476
74940,0.000991293
74941,0.0015572564
74942,0.0015021772
74943,0.001495809
74944,0.0010313237
74945,0.0006965349
74946,0.0015363146
74947,0.0018956551
74948,0.0019050584
74949,0.0020011715
74950,0.0018580043
74951,0.002048162
74952,0.0020665661
74953,0.0020416437
74954,0.0024190957
74955,0.0027257446
74956,0.002579277
74957,0.0025887717
74958,0.0022843636
74959,0.0022768853
74960,0.0024317312
74961,0.0035072402
74962,0.003302594
74963,0.0023585074
74964,0.0021106
74965,0.001899566
74966,0.001944493
74967,0.0014122832
74968,0.0015595908
74969,0.0012743601
74970,0.0013130098
74971,0.0016089523
74972,0.0014703567
74973,0.0015672232
74974,0.0015528583
74975,0.0012705633
74976,0.00091971393
74977,0.0010953696
74978,0.00155475
74979,0.0019416022
74980,0.0018135667
74981,0.0014883382
74982,0.0017248339
74983,0.002736816
74984,0.0030956261
74985,0.0027395901
74986,0.002664822
74987,0.0025234043
74988,0.0030472914
74989,0.004102721
74990,0.004790482
74991,0.005439962
74992,0.004829274
74993,0.0023927367
74994,0.0021194206
74995,0.0018717535
74996,0.0022348005
74997,0.0036375413
74998,0.0071773627
74999,0.006270513
75000,0.0022692159
75001,0.0015936854
75002,0.0026776348
75003,0.0057981038
75004,0.007906998
75005,0.0073540397
75006,0.0054104943
75007,0.004577096
75008,0.0047495477
75009,0.0040280893
75010,0.0033625383
75011,0.0028119157
75012,0.0017234497
75013,0.0028594967
75014,0.004890418
75015,0.0067159217
75016,0.007665837
75017,0.0050830953
75018,0.0021230702
75019,0.001708269
75020,0.0037335656
75021,0.005258856
75022,0.0063822563
75023,0.006193574
75024,0.005127549
75025,0.004427383
75026,0.0030580075
75027,0.0031758265
75028,0.0028564415
75029,0.0023029526
75030,0.0010405387
75031,0.00068541523
75032,0.0007921355
75033,0.0007429558
75034,0.00072145194
75035,0.0010449486
75036,0.0016569667
75037,0.0022181473
75038,0.0019499037
75039,0.0009830676
75040,0.0013455666
75041,0.0020490997
75042,0.0024339443
75043,0.0018546334
75044,0.0011789575
75045,0.0012564897
75046,0.001279966
75047,0.0010657148
75048,0.0013613714
75049,0.0012869954
75050,0.0006603725
75051,0.0009662862
75052,0.00075907685
75053,0.0010614734
75054,0.0008663983
75055,0.0009631185
75056,0.0012244168
75057,0.0016996092
75058,0.0013753664
75059,0.0006382298
75060,0.0011056833
75061,0.0016151088
75062,0.0016794029
75063,0.0014455036
75064,0.0014225497
75065,0.0013699385
75066,0.0009110021
75067,0.00040943627
75068,0.00078959623
75069,0.0008896018
75070,0.0006555066
75071,0.0009939903
75072,0.0007960936
75073,0.0007747123
75074,0.0010738763
75075,0.0010639929
75076,0.00057988416
75077,0.00059728953
75078,0.00069372973
75079,0.00075500173
75080,0.00056945137
75081,0.0009111938
75082,0.0010595248
75083,0.0010307592
75084,0.00075253064
75085,0.0011493576
75086,0.0016037162
75087,0.0012620826
75088,0.00092094723
75089,0.0011516343
75090,0.0014431862
75091,0.0018867294
75092,0.0019598487
75093,0.0016176836
75094,0.0015306589
75095,0.0016556138
75096,0.0015646026
75097,0.0014151036
75098,0.0012485662
75099,0.0015558728
75100,0.0016660055
75101,0.000864111
75102,0.0007984663
75103,0.0007903331
75104,0.0009314113
75105,0.0012389019
75106,0.0014219357
75107,0.0012058306
75108,0.0012022532
75109,0.0009935218
75110,0.0010742827
75111,0.0015988816
75112,0.0015408545
75113,0.0012508252
75114,0.0012815794
75115,0.0014074113
75116,0.0017137121
75117,0.0013254083
75118,0.0008457279
75119,0.0009330035
75120,0.00062774663
75121,0.001182753
75122,0.0013487639
75123,0.0011859721
75124,0.0012976476
75125,0.0014749812
75126,0.0015563591
75127,0.001800925
75128,0.0018634943
75129,0.0020465842
75130,0.0018691238
75131,0.0021738152
75132,0.0030226079
75133,0.004215805
75134,0.003205281
75135,0.0016524642
75136,0.0012600748
75137,0.0013430119
75138,0.0012831226
75139,0.0011474062
75140,0.00052731205
75141,0.00040979154
75142,0.0003870743
75143,0.0004822236
75144,0.00051468733
75145,0.00052565365
75146,0.0011302582
75147,0.0013454583
75148,0.0018781797
75149,0.0018539114
75150,0.0013921084
75151,0.0011876642
75152,0.001227503
75153,0.0013005153
75154,0.0014212397
75155,0.0013370609
75156,0.0011936529
75157,0.00106787
75158,0.0014219767
75159,0.0021928106
75160,0.0028854345
75161,0.0034215942
75162,0.0040645273
75163,0.0038175266
75164,0.0033060552
75165,0.001975424
75166,0.0014702182
75167,0.0013389098
75168,0.0011167099
75169,0.002012006
75170,0.002908561
75171,0.0022019232
75172,0.0013039571
75173,0.0024513993
75174,0.0028448333
75175,0.0021657806
75176,0.0010815995
75177,0.000979865
75178,0.0006870269
75179,0.000751292
75180,0.0010186884
75181,0.0014203999
75182,0.0016448203
75183,0.0019247558
75184,0.0014374679
75185,0.0013314768
75186,0.001770562
75187,0.0021427735
75188,0.0019122404
75189,0.0012274556
75190,0.0008065176
75191,0.0009062295
75192,0.0019804416
75193,0.0016293358
75194,0.0018551198
75195,0.0028815286
75196,0.0025982766
75197,0.0016064541
75198,0.0012666173
75199,0.0011494842
75200,0.002237794
75201,0.0023009044
75202,0.001030985
75203,0.0010475356
75204,0.0013130762
75205,0.0012809433
75206,0.0009581499
75207,0.0008736906
75208,0.0009817937
75209,0.000899104
75210,0.0010268836
75211,0.001914978
75212,0.001577699
75213,0.0009269008
75214,0.0010384108
75215,0.0012070609
75216,0.0011090211
75217,0.0009958918
75218,0.001136703
75219,0.00111397
75220,0.0014417941
75221,0.001695134
75222,0.0016949108
75223,0.0016210085
75224,0.0015381321
75225,0.0018353729
75226,0.0019146133
75227,0.0021701436
75228,0.002088908
75229,0.0018023466
75230,0.0016150366
75231,0.0017957948
75232,0.0014956922
75233,0.0009084427
75234,0.00086256035
75235,0.0008612772
75236,0.0007720781
75237,0.0023160083
75238,0.0022616491
75239,0.0014310556
75240,0.00086370675
75241,0.0006358541
75242,0.0008249983
75243,0.0012473302
75244,0.00125922
75245,0.0015993911
75246,0.0019232128
75247,0.0017147309
75248,0.0014149597
75249,0.0019543911
75250,0.001997372
75251,0.0019100932
75252,0.0019630685
75253,0.0013882563
75254,0.0011158756
75255,0.0007667067
75256,0.0014756519
75257,0.001485598
75258,0.0
75259,0.00055116764
75260,8.181614e-05
75261,0.0002891128
75262,0.00054018054
75263,0.0006719933
75264,0.0011213652
75265,0.0010945988
75266,0.00078256166
75267,0.0005131016
75268,0.0008263025
75269,0.0009268694
75270,0.0013158439
75271,0.0012268389
75272,0.00083349174
75273,0.001650173
75274,0.0019305233
75275,0.0017293332
75276,0.0014981808
75277,0.00087342405
75278,0.0006690853
75279,0.0021715916
75280,0.0026001465
75281,0.0019627127
75282,0.0018713025
75283,0.0019051349
75284,0.0018648993
75285,0.002188679
75286,0.0020599365
75287,0.0025284854
75288,0.0031568366
75289,0.0036078084
75290,0.0036083488
75291,0.0031911305
75292,0.002669078
75293,0.0021520033
75294,0.0034445089
75295,0.0036770832
75296,0.0029129004
75297,0.0017845934
75298,0.0022188295
75299,0.0023517725
75300,0.0021266176
75301,0.0020862871
75302,0.0014374679
75303,0.0010257777
75304,0.0013605801
75305,0.0012958746
75306,0.0013373656
75307,0.0014916979
75308,0.0012301792
75309,0.001026997
75310,0.0012091567
75311,0.001290586
75312,0.0015996277
75313,0.0014634524
75314,0.00073186535
75315,0.00083540997
75316,0.002518544
75317,0.003747361
75318,0.00430285
75319,0.0036221067
75320,0.002461423
75321,0.002360974
75322,0.0034365659
75323,0.004496135
75324,0.0048458427
75325,0.004071996
75326,0.0020288022
75327,0.001989649
75328,0.001820646
75329,0.0019033925
75330,0.0028771923
75331,0.0056231176
75332,0.005648674
75333,0.0031978723
75334,0.0013300772
75335,0.002077214
75336,0.0054373555
75337,0.0074265013
75338,0.007528736
75339,0.006459606
75340,0.0054072333
75341,0.004325779
75342,0.004398278
75343,0.0038802878
75344,0.0028438203
75345,0.0016799574
75346,0.0011216507
75347,0.0031829483
75348,0.006265582
75349,0.008559202
75350,0.0067288363
75351,0.0031127369
75352,0.0011891336
75353,0.0026301057
75354,0.0044044144
75355,0.0057565235
75356,0.0055428958
75357,0.0053998223
75358,0.0053093294
75359,0.0039434154
75360,0.0037160479
75361,0.0035973303
75362,0.0033106562
75363,0.0025230811
75364,0.0015457011
75365,0.0013466908
75366,0.0007451462
75367,0.00046426605
75368,0.0008092195
75369,0.0008866197
75370,0.0019334758
75371,0.001969123
75372,0.0012467001
75373,0.0015858132
75374,0.001958289
75375,0.0014749812
75376,0.0010733883
75377,0.0014958867
75378,0.001738163
75379,0.0018384624
75380,0.0015563777
75381,0.0017077918
75382,0.0015355756
75383,0.0010704016
75384,0.0011408433
75385,0.00057600666
75386,0.000863336
75387,0.0008981324
75388,0.0012973336
75389,0.0015076116
75390,0.0017486799
75391,0.0016850948
75392,0.0013362771
75393,0.0016583713
75394,0.001686079
75395,0.0016818965
75396,0.0014661942
75397,0.0009874098
75398,0.0011377011
75399,0.0010409022
75400,0.0006040727
75401,0.0008009774
75402,0.0009059083
75403,0.000785346
75404,0.0009368325
75405,0.0006923439
75406,0.00078745553
75407,0.0010740118
75408,0.001010542
75409,0.0005987009
75410,0.0005468206
75411,0.00066921575
75412,0.00092777953
75413,0.0011734643
75414,0.0015027777
75415,0.0015205863
75416,0.0013467988
75417,0.0012705633
75418,0.0015403632
75419,0.0013004257
75420,0.0008665662
75421,0.00079525233
75422,0.0012115133
75423,0.0017439969
75424,0.0018382091
75425,0.0016727523
75426,0.0010998242
75427,0.0011252516
75428,0.0012779407
75429,0.0012375151
75430,0.00097321894
75431,0.001148395
75432,0.0015205672
75433,0.0017367391
75434,0.0009216106
75435,0.0008034807
75436,0.00073867355
75437,0.00075827126
75438,0.0010841528
75439,0.0014526936
75440,0.0012617598
75441,0.0011226882
75442,0.0009055548
75443,0.000701531
75444,0.001299687
75445,0.0013580322
75446,0.0011262082
75447,0.0010000329
75448,0.0009269636
75449,0.00150115
75450,0.0013423183
75451,0.0012125458
75452,0.00111397
75453,0.00094447465
75454,0.0012860679
75455,0.0016531685
75456,0.0012484962
75457,0.00097474287
75458,0.0010381865
75459,0.0012049372
75460,0.001466472
75461,0.0015867857
75462,0.0017196289
75463,0.0014546757
75464,0.0012599363
75465,0.0026485978
75466,0.0046839574
75467,0.0038426935
75468,0.0014945826
75469,0.0010164003
75470,0.0009314113
75471,0.0012166433
75472,0.0015265845
75473,0.0011645015
75474,0.001148395
75475,0.0010066465
75476,0.00075731106
75477,0.0005061918
75478,0.00055715477
75479,0.00089015777
75480,0.00089097477
75481,0.0017692301
75482,0.0019877318
75483,0.0017650139
75484,0.0011782167
75485,0.0010795257
75486,0.0011320593
75487,0.0011366005
75488,0.000959
75489,0.0009952486
75490,0.0012754331
75491,0.0021632395
75492,0.0026850048
75493,0.0028599037
75494,0.0025800667
75495,0.0022019495
75496,0.0021119234
75497,0.0019435649
75498,0.0014585519
75499,0.0011722981
75500,0.0013314768
75501,0.001699866
75502,0.0020686074
75503,0.0031218864
75504,0.0025423977
75505,0.0015181345
75506,0.00223925
75507,0.0027876121
75508,0.0022590868
75509,0.0013544485
75510,0.0012193673
75511,0.0010196593
75512,0.0007681857
75513,0.0008714559
75514,0.0010869143
75515,0.0011569795
75516,0.0010205153
75517,0.0010497281
75518,0.0012468634
75519,0.0012834402
75520,0.0016391483
75521,0.0013515016
75522,0.0008602967
75523,0.00079554506
75524,0.0008219942
75525,0.0018510679
75526,0.001670611
75527,0.0010428855
75528,0.0022894668
75529,0.002401745
75530,0.0015096565
75531,0.0011575328
75532,0.0012435211
75533,0.001961808
75534,0.0020798042
75535,0.0014580529
75536,0.0016108504
75537,0.0017741254
75538,0.0013642117
75539,0.0011109614
75540,0.0011645015
75541,0.0011525942
75542,0.0010544308
75543,0.0012477034
75544,0.0016467478
75545,0.0016002099
75546,0.0013134751
75547,0.0010993214
75548,0.00086944975
75549,0.0006843954
75550,0.0011874192
75551,0.0013250789
75552,0.0010196593
75553,0.0010567744
75554,0.0014022113
75555,0.0012398881
75556,0.001015111
75557,0.0009216106
75558,0.0014522127
75559,0.0017006706
75560,0.0019375809
75561,0.0017770267
75562,0.0014801812
75563,0.0016961123
75564,0.002235608
75565,0.0020438093
75566,0.00096078886
75567,0.00056745467
75568,0.0006599757
75569,0.0008559555
75570,0.0019090873
75571,0.0018443735
75572,0.0014970925
75573,0.0010718417
75574,0.0009664067
75575,0.0011060517
75576,0.0014058389
75577,0.0013747525
75578,0.0017470147
75579,0.0017031502
75580,0.0012408736
75581,0.00056219887
75582,0.0011110662
75583,0.0012570455
75584,0.0011304899
75585,0.0015996641
75586,0.0014249617
75587,0.0010669157
75588,0.00085299223
75589,0.0014752377
75590,0.0019039888
75591,0.0
75592,0.0006544402
75593,0.0006542178
75594,0.0006310298
75595,0.00069103955
75596,0.00056899124
75597,0.0005852795
75598,0.00087598606
75599,0.0008014133
75600,0.00081570324
75601,0.0011166317
75602,0.001341993
75603,0.001244527
75604,0.0010097065
75605,0.00079583767
75606,0.0016470837
75607,0.0015861436
75608,0.0008825729
75609,0.0006323659
75610,0.00050665153
75611,0.00062173716
75612,0.0022249597
75613,0.0034172535
75614,0.0025397176
75615,0.0016608615
75616,0.0019351009
75617,0.0020354905
75618,0.0022979807
75619,0.002209497
75620,0.0025481035
75621,0.003135115
75622,0.0034809108
75623,0.0032188992
75624,0.0035016595
75625,0.0034000576
75626,0.0033346128
75627,0.0032870828
75628,0.0037941723
75629,0.0032894725
75630,0.001938662
75631,0.0025958896
75632,0.0029334105
75633,0.0030172206
75634,0.0030052164
75635,0.0020265486
75636,0.0007230235
75637,0.0006189221
75638,0.0007377668
75639,0.00085377664
75640,0.0014308318
75641,0.0013520182
75642,0.0011583873
75643,0.0013964084
75644,0.001431137
75645,0.001871769
75646,0.001685112
75647,0.00081345235
75648,0.0009839849
75649,0.0023027759
75650,0.0035757776
75651,0.0052413773
75652,0.0044762837
75653,0.0033973171
75654,0.0040322705
75655,0.004485526
75656,0.0043546134
75657,0.0037033933
75658,0.0026503445
75659,0.0019089807
75660,0.0016578272
75661,0.001379381
75662,0.0012320232
75663,0.0018869453
75664,0.004001819
75665,0.0052039684
75666,0.0043398514
75667,0.002072557
75668,0.0021331764
75669,0.0035467576
75670,0.0067847027
75671,0.007663069
75672,0.0066171265
75673,0.00626958
75674,0.0044581913
75675,0.005162868
75676,0.0043693855
75677,0.002358927
75678,0.0017997125
75679,0.0009979645
75680,0.001953572
75681,0.0059080585
75682,0.0088769505
75683,0.0078955125
75684,0.0043297536
75685,0.0009594248
75686,0.0021309652
75687,0.004272052
75688,0.005714371
75689,0.004503605
75690,0.0046545123
75691,0.0047302125
75692,0.0039948896
75693,0.0035418062
75694,0.00352639
75695,0.0033090734
75696,0.0030213268
75697,0.0023319628
75698,0.001855763
75699,0.0011840073
75700,0.0008400306
75701,0.00082908035
75702,0.0006831611
75703,0.0013223966
75704,0.0015905778
75705,0.0013553937
75706,0.0015065109
75707,0.0015759455
75708,0.0009612432
75709,0.0014668491
75710,0.0020373627
75711,0.0019812642
75712,0.0020166296
75713,0.0018904433
75714,0.0018854177
75715,0.0016996949
75716,0.0015322173
75717,0.0016848184
75718,0.0012947961
75719,0.0016165137
75720,0.0016831073
75721,0.0018439317
75722,0.0020250834
75723,0.0019042027
75724,0.0017808386
75725,0.0013194442
75726,0.0011413279
75727,0.00092912745
75728,0.0010139347
75729,0.0011520891
75730,0.0006519004
75731,0.000805109
75732,0.00092296756
75733,0.0008549008
75734,0.00091600406
75735,0.0007932002
75736,0.00069695263
75737,0.00073946116
75738,0.00069175515
75739,0.00080046855
75740,0.0010354638
75741,0.00093869463
75742,0.0007094517
75743,0.0008708211
75744,0.0010746077
75745,0.0013147817
75746,0.0020066614
75747,0.002063395
75748,0.001998581
75749,0.0015455127
75750,0.001843695
75751,0.0022568312
75752,0.0019930252
75753,0.0010332972
75754,0.00087048684
75755,0.0015098685
75756,0.0018964686
75757,0.0016892864
75758,0.0014382573
75759,0.00092400756
75760,0.0009950439
75761,0.00091851066
75762,0.00085367437
75763,0.0009472747
75764,0.0012259372
75765,0.001495809
75766,0.001739251
75767,0.0009386016
75768,0.000687408
75769,0.0008118407
75770,0.00081844593
75771,0.0008027196
75772,0.0011607215
75773,0.0014169739
75774,0.0014216901
75775,0.0012063856
75776,0.0010361943
75777,0.0010682787
75778,0.0009393145
75779,0.00076404493
75780,0.0009764731
75781,0.0010420759
75782,0.0014833434
75783,0.0012133376
75784,0.0012254622
75785,0.001155847
75786,0.0009971767
75787,0.0010054604
75788,0.0015007816
75789,0.0014631938
75790,0.001123595
75791,0.0007776745
75792,0.00075198896
75793,0.00087462284
75794,0.001016343
75795,0.000946414
75796,0.0008920195
75797,0.0008784743
75798,0.0015458893
75799,0.004527729
75800,0.0040391
75801,0.0011994417
75802,0.0011429586
75803,0.0013947192
75804,0.001711826
75805,0.0018735096
75806,0.0013732698
75807,0.001179229
75808,0.0012276215
75809,0.0009216738
75810,0.0005368297
75811,0.00048822165
75812,0.00084068865
75813,0.0011821376
75814,0.0015518458
75815,0.0017402715
75816,0.0015170414
75817,0.00097432476
75818,0.000689015
75819,0.0009806963
75820,0.0011789822
75821,0.0009836594
75822,0.0008219588
75823,0.0009862892
75824,0.0018760555
75825,0.0019223198
75826,0.001468039
75827,0.0011845971
75828,0.0010553413
75829,0.0012816021
75830,0.0011274738
75831,0.0008160956
75832,0.0011662497
75833,0.001390079
75834,0.0017638428
75835,0.0020700418
75836,0.0025237964
75837,0.0019723277
75838,0.001311435
75839,0.0018171577
75840,0.002514033
75841,0.002107854
75842,0.0010753117
75843,0.0009963299
75844,0.0010914569
75845,0.00079711655
75846,0.00078586466
75847,0.0011719257
75848,0.0012532892
75849,0.0009077697
75850,0.0010736323
75851,0.0009522695
75852,0.0007977735
75853,0.0013309959
75854,0.0013361246
75855,0.0006798728
75856,0.0008794677
75857,0.0011751249
75858,0.0016262784
75859,0.001546868
75860,0.0008521047
75861,0.0017815413
75862,0.0022749929
75863,0.0019454358
75864,0.0011843514
75865,0.0014687724
75866,0.0017492955
75867,0.0016311388
75868,0.0013830053
75869,0.0016402488
75870,0.0016754818
75871,0.0014778395
75872,0.0015790082
75873,0.001667542
75874,0.0010413774
75875,0.0007690187
75876,0.001590706
75877,0.0020938206
75878,0.0018238083
75879,0.0013644036
75880,0.0007909589
75881,0.0008116614
75882,0.0009098513
75883,0.0012587807
75884,0.0013162198
75885,0.0010996654
75886,0.001085387
75887,0.00090716034
75888,0.00097614515
75889,0.0007475639
75890,0.0008569749
75891,0.0011526195
75892,0.0012484497
75893,0.0012093012
75894,0.0011797965
75895,0.0013201939
75896,0.0015691719
75897,0.0024460629
75898,0.0027044348
75899,0.0016066534
75900,0.00064795977
75901,0.0006699112
75902,0.00081234245
75903,0.0010341137
75904,0.001222728
75905,0.0011723974
75906,0.0010827022
75907,0.0009645377
75908,0.001184941
75909,0.0014150625
75910,0.0014539352
75911,0.0019535124
75912,0.0020479064
75913,0.0014889638
75914,0.0007508658
75915,0.0008498817
75916,0.0008471033
75917,0.00087041996
75918,0.0015642678
75919,0.0017947735
75920,0.001002881
75921,0.0012463732
75922,0.0017051484
75923,0.002051513
75924,0.0
75925,0.0010667247
75926,0.0011659502
75927,0.0010176308
75928,0.0008304483
75929,0.0009098833
75930,0.00093053596
75931,0.0012717997
75932,0.0011577088
75933,0.0014997922
75934,0.0016305856
75935,0.0015929365
75936,0.0013549641
75937,0.0008497104
75938,0.0007987943
75939,0.0017313515
75940,0.0015853727
75941,0.00097531
75942,0.00079912215
75943,0.0006853303
75944,0.0010707822
75945,0.0036089295
75946,0.0043376647
75947,0.0031058008
75948,0.0019684283
75949,0.0021831936
75950,0.002347809
75951,0.0021297357
75952,0.0019594627
75953,0.00179769
75954,0.0025395572
75955,0.0036979984
75956,0.0040428233
75957,0.0042810696
75958,0.004131097
75959,0.0041154483
75960,0.003565271
75961,0.0041128383
75962,0.003743017
75963,0.0024477993
75964,0.0025402906
75965,0.0026622324
75966,0.0028367296
75967,0.0031427734
75968,0.0025100708
75969,0.0014713065
75970,0.001339931
75971,0.0011903078
75972,0.0008649526
75973,0.0015944887
75974,0.0015134688
75975,0.0010753658
75976,0.001439572
75977,0.0012770977
75978,0.0016987185
75979,0.0015749665
75980,0.0009134587
75981,0.0013008285
75982,0.0019989451
75983,0.0032442783
75984,0.005649859
75985,0.0050991476
75986,0.0042497646
75987,0.004695029
75988,0.004478877
75989,0.004486175
75990,0.0044077104
75991,0.0038857292
75992,0.003155435
75993,0.0022844528
75994,0.0014368198
75995,0.0009578765
75996,0.0011817929
75997,0.0030527113
75998,0.0050003277
75999,0.004932992
76000,0.0024473357
76001,0.0022459985
76002,0.0031388816
76003,0.0061402833
76004,0.00653319
76005,0.0061779018
76006,0.00784972
76007,0.0058249463
76008,0.004351184
76009,0.0042831018
76010,0.0027735657
76011,0.0021938854
76012,0.0010895352
76013,0.0018456829
76014,0.00528228
76015,0.0074566747
76016,0.007878121
76017,0.005493371
76018,0.0018190307
76019,0.0019140355
76020,0.003929501
76021,0.0051232395
76022,0.004346338
76023,0.004458211
76024,0.0040666033
76025,0.003726645
76026,0.0036426184
76027,0.0030548938
76028,0.0025718529
76029,0.0024485246
76030,0.002622759
76031,0.0021982323
76032,0.0014665911
76033,0.0013297709
76034,0.0009321297
76035,0.0005147439
76036,0.0009782597
76037,0.0013847719
76038,0.0014594895
76039,0.0011902833
76040,0.0010800647
76041,0.0010535197
76042,0.001530868
76043,0.0018628851
76044,0.0017430453
76045,0.001771778
76046,0.0018750625
76047,0.0015109669
76048,0.0010889474
76049,0.0011545117
76050,0.0015693388
76051,0.0016259563
76052,0.0019395176
76053,0.0019488885
76054,0.0018868065
76055,0.0017937678
76056,0.0015121221
76057,0.001400155
76058,0.0009402745
76059,0.0008040962
76060,0.0007712484
76061,0.0011358064
76062,0.0011480148
76063,0.00074170117
76064,0.0011128722
76065,0.001305563
76066,0.001453715
76067,0.0012404983
76068,0.001075447
76069,0.00078415923
76070,0.00062561035
76071,0.0007693971
76072,0.00080615666
76073,0.00095751183
76074,0.0008996865
76075,0.0009865842
76076,0.0009717824
76077,0.0018884254
76078,0.0023329486
76079,0.002762294
76080,0.002457127
76081,0.0022292328
76082,0.0019288944
76083,0.0023924205
76084,0.002942633
76085,0.0027113026
76086,0.0015127186
76087,0.0012912623
76088,0.0018781486
76089,0.0021758894
76090,0.0017052337
76091,0.0011401798
76092,0.0009097873
76093,0.0010740118
76094,0.001312522
76095,0.001388466
76096,0.0014901948
76097,0.0016938974
76098,0.0017898533
76099,0.0018046058
76100,0.0013683868
76101,0.000931005
76102,0.00093596225
76103,0.00068452297
76104,0.0010097929
76105,0.0014280222
76106,0.0017912674
76107,0.0014467916
76108,0.0014611834
76109,0.0016332964
76110,0.001326023
76111,0.00055343355
76112,0.0005732717
76113,0.0009904705
76114,0.0009152094
76115,0.0011309017
76116,0.000772794
76117,0.00063567096
76118,0.00047030745
76119,0.0007932736
76120,0.0008653563
76121,0.0013396922
76122,0.0015448158
76123,0.0011191571
76124,0.0007250735
76125,0.00087458955
76126,0.0011083911
76127,0.0011462641
76128,0.0007250735
76129,0.0010479245
76130,0.0014676028
76131,0.0038675764
76132,0.0052789073
76133,0.0041614412
76134,0.001224607
76135,0.0011813989
76136,0.0016324765
76137,0.0016709942
76138,0.0016430677
76139,0.0011945791
76140,0.0009481345
76141,0.0012014783
76142,0.00094067684
76143,0.00067841576
76144,0.0006970779
76145,0.00084902515
76146,0.0007377668
76147,0.0009632394
76148,0.0014654397
76149,0.0013767834
76150,0.0010565266
76151,0.0008263377
76152,0.00067355065
76153,0.0011356014
76154,0.0011596178
76155,0.0010844212
76156,0.0009076094
76157,0.0016560357
76158,0.0019372654
76159,0.0010850115
76160,0.00069594965
76161,0.0010078601
76162,0.001439491
76163,0.00093278516
76164,0.0005854287
76165,0.0008073471
76166,0.0009433647
76167,0.0011887419
76168,0.0016158834
76169,0.0016293894
76170,0.0011431369
76171,0.001123621
76172,0.0015262794
76173,0.0021461665
76174,0.0018628851
76175,0.0007531105
76176,0.00079066446
76177,0.00093159877
76178,0.0007334543
76179,0.00064661086
76180,0.0012291615
76181,0.0013839309
76182,0.0012335577
76183,0.0010635551
76184,0.00084217597
76185,0.0006949453
76186,0.0012773029
76187,0.0014474351
76188,0.00094425894
76189,0.00093763985
76190,0.0011604708
76191,0.0012060719
76192,0.001143646
76193,0.00077685073
76194,0.0010480911
76195,0.0019334758
76196,0.002124276
76197,0.0015219447
76198,0.0015284898
76199,0.0015477708
76200,0.0013014548
76201,0.0009109382
76202,0.0011707579
76203,0.0011828515
76204,0.0011132905
76205,0.0016233049
76206,0.0018917668
76207,0.0013962626
76208,0.0009963592
76209,0.0018910897
76210,0.0025137553
76211,0.0022326116
76212,0.0019952143
76213,0.0011667487
76214,0.0010795257
76215,0.0015677803
76216,0.0016755686
76217,0.0014397943
76218,0.0011295112
76219,0.0009929651
76220,0.0010061259
76221,0.0012637188
76222,0.0013081242
76223,0.0010657967
76224,0.0011445363
76225,0.0015735615
76226,0.0012374445
76227,0.00050081615
76228,0.00039044317
76229,0.00058053626
76230,0.0017656239
76231,0.0028025955
76232,0.0021584984
76233,0.00091173657
76234,0.0005526442
76235,0.00071882503
76236,0.0008896018
76237,0.0011655757
76238,0.00086784153
76239,0.00097109337
76240,0.0011188189
76241,0.0012199876
76242,0.00147099
76243,0.0016101999
76244,0.0020984719
76245,0.0019260558
76246,0.0012321885
76247,0.0006304761
76248,0.00084472937
76249,0.0010971748
76250,0.00096733985
76251,0.001766662
76252,0.0021819402
76253,0.0013830895
76254,0.0014691885
76255,0.0014968009
76256,0.0017161899
76257,0.0
76258,0.0011398223
76259,0.0012478901
76260,0.00088296854
76261,0.00062644714
76262,0.0008451427
76263,0.0009368946
76264,0.0011796731
76265,0.0008799639
76266,0.0013504674
76267,0.0012597283
76268,0.0011713295
76269,0.001452954
76270,0.0010358009
76271,0.00070128206
76272,0.0013455666
76273,0.0013344464
76274,0.00078006595
76275,0.0006145334
76276,0.001396971
76277,0.0020876818
76278,0.004336504
76279,0.0047178906
76280,0.0033653413
76281,0.0020230848
76282,0.0022201275
76283,0.002254741
76284,0.0021859515
76285,0.0038309363
76286,0.0036738208
76287,0.003688818
76288,0.003517391
76289,0.0042550275
76290,0.0041857227
76291,0.0040709167
76292,0.004231784
76293,0.0043669404
76294,0.005082906
76295,0.0042581316
76296,0.0023687396
76297,0.0023330983
76298,0.0024530846
76299,0.0024759355
76300,0.002808177
76301,0.0025018365
76302,0.0019420969
76303,0.0018725307
76304,0.0018194946
76305,0.0016126201
76306,0.0018570955
76307,0.0018611188
76308,0.001711639
76309,0.0020022618
76310,0.0018962077
76311,0.0018201664
76312,0.0017031673
76313,0.0012960094
76314,0.0014994817
76315,0.0018423368
76316,0.0024123972
76317,0.005047633
76318,0.0053878813
76319,0.0051976005
76320,0.00503266
76321,0.0026564212
76322,0.0023016885
76323,0.0029040547
76324,0.0036389013
76325,0.0037247546
76326,0.0031294844
76327,0.0023232102
76328,0.0014479377
76329,0.0009598494
76330,0.0021397152
76331,0.0042323754
76332,0.005049466
76333,0.0035542909
76334,0.0020989433
76335,0.0025367592
76336,0.0054235016
76337,0.006055178
76338,0.005278069
76339,0.0075487723
76340,0.006838968
76341,0.0049191965
76342,0.0040640975
76343,0.003276796
76344,0.0027831818
76345,0.0013441166
76346,0.0015627041
76347,0.0047082948
76348,0.007544206
76349,0.008529452
76350,0.0058289273
76351,0.0025454066
76352,0.0016404795
76353,0.0038268163
76354,0.0048559285
76355,0.005190725
76356,0.0051986864
76357,0.004800211
76358,0.0035491283
76359,0.0032064884
76360,0.0029440469
76361,0.0026183943
76362,0.0024852862
76363,0.0025766692
76364,0.0025236926
76365,0.0020760647
76366,0.0016071062
76367,0.00092586403
76368,0.000602867
76369,0.0007596517
76370,0.0011799939
76371,0.0013783046
76372,0.0012371152
76373,0.0009995963
76374,0.0009577246
76375,0.0011991748
76376,0.0017998581
76377,0.0017755192
76378,0.0015099264
76379,0.0011796978
76380,0.00070252595
76381,0.0006668196
76382,0.0008509768
76383,0.0011683939
76384,0.0013993441
76385,0.0015858132
76386,0.0018143689
76387,0.0018473378
76388,0.0017107546
76389,0.0012904281
76390,0.0010266001
76391,0.00077426137
76392,0.00085203635
76393,0.0008280969
76394,0.0011740347
76395,0.0010857355
76396,0.00080003217
76397,0.0011803637
76398,0.0011774506
76399,0.0012257472
76400,0.0008692824
76401,0.00096752035
76402,0.00092176854
76403,0.0008506005
76404,0.00092831266
76405,0.00088263885
76406,0.0010094759
76407,0.00088026153
76408,0.0013581179
76409,0.0017853109
76410,0.0029197664
76411,0.0033296342
76412,0.0030253315
76413,0.0026106802
76414,0.0021011746
76415,0.0022860828
76416,0.0022993356
76417,0.0031519835
76418,0.0033792362
76419,0.0026704844
76420,0.002159267
76421,0.002521789
76422,0.0020995396
76423,0.0014119534
76424,0.00078908005
76425,0.00096887304
76426,0.001426105
76427,0.0017522213
76428,0.0016247565
76429,0.0017646346
76430,0.0017783036
76431,0.0016598625
76432,0.0014100558
76433,0.0008660623
76434,0.0007455757
76435,0.0009971184
76436,0.0010813035
76437,0.0013986368
76438,0.0014072253
76439,0.0016837816
76440,0.0013831736
76441,0.0013999264
76442,0.0016406036
76443,0.0015756501
76444,0.0010209145
76445,0.00072591595
76446,0.0009363664
76447,0.0009751011
76448,0.0011274479
76449,0.0006588723
76450,0.0005579378
76451,0.00065216824
76452,0.00080770755
76453,0.0007412694
76454,0.000941048
76455,0.0013956162
76456,0.0012207031
76457,0.0012636959
76458,0.0014948163
76459,0.0016997976
76460,0.0016456872
76461,0.0009629372
76462,0.0017378113
76463,0.0024254157
76464,0.0047546555
76465,0.0051255
76466,0.003393237
76467,0.0010643757
76468,0.001074689
76469,0.0019247558
76470,0.0019411824
76471,0.0013356889
76472,0.0008702528
76473,0.001198495
76474,0.001249638
76475,0.00095242227
76476,0.0007247925
76477,0.0007000775
76478,0.0006510069
76479,0.00035728057
76480,0.0006372714
76481,0.0012718684
76482,0.0015756316
76483,0.001495264
76484,0.001041573
76485,0.0005755012
76486,0.001175224
76487,0.0013148924
76488,0.001223537
76489,0.0011436715
76490,0.0015816969
76491,0.0018494005
76492,0.0010828367
76493,0.0011149101
76494,0.0019087672
76495,0.002232416
76496,0.0017114009
76497,0.0015195333
76498,0.0013623544
76499,0.0005781249
76500,0.0007722666
76501,0.0011832942
76502,0.0009689331
76503,0.0011819407
76504,0.0015595536
76505,0.0016415436
76506,0.0019567278
76507,0.001722284
76508,0.0009857579
76509,0.0009231252
76510,0.00096797146
76511,0.00071141805
76512,0.00063365325
76513,0.0009215791
76514,0.00096048595
76515,0.001009937
76516,0.0009096593
76517,0.0009868202
76518,0.0009003332
76519,0.0011042873
76520,0.0014243898
76521,0.0011015694
76522,0.0008816821
76523,0.00069949526
76524,0.0010330437
76525,0.0014922635
76526,0.0015726364
76527,0.0012544729
76528,0.0015661643
76529,0.0019207294
76530,0.0012909243
76531,0.0015095215
76532,0.0015830029
76533,0.0011832942
76534,0.00087711494
76535,0.000897484
76536,0.0008693828
76537,0.0008648517
76538,0.0019113575
76539,0.0022662256
76540,0.0017733542
76541,0.0015044423
76542,0.0022895175
76543,0.0033024352
76544,0.0035553798
76545,0.0034254452
76546,0.0027067582
76547,0.002231099
76548,0.002134554
76549,0.0019609027
76550,0.0016350595
76551,0.0012495915
76552,0.0010256926
76553,0.0011098081
76554,0.0010322545
76555,0.0015812552
76556,0.0011001682
76557,0.00088359456
76558,0.0015769056
76559,0.0014322144
76560,0.0009045258
76561,0.00044486634
76562,0.0003474517
76563,0.0012315271
76564,0.002417206
76565,0.002471818
76566,0.0018096949
76567,0.0011000624
76568,0.00083478267
76569,0.0013337919
76570,0.0015983353
76571,0.0013624612
76572,0.0015763149
76573,0.0018516809
76574,0.0018849237
76575,0.0021103793
76576,0.0020197013
76577,0.0021164662
76578,0.0018794809
76579,0.0009438273
76580,0.0007227417
76581,0.0010986594
76582,0.0013779878
76583,0.0011150929
76584,0.0019211082
76585,0.0024932483
76586,0.0011228955
76587,0.0013216261
76588,0.0009699838
76589,0.0008934865
76590,0.0
76591,0.0011800185
76592,0.0010742286
76593,0.00064195815
76594,0.0006843954
76595,0.00091339496
76596,0.0009455218
76597,0.0009814379
76598,0.00085873913
76599,0.0011713295
76600,0.0006772565
76601,0.0011071826
76602,0.0016106879
76603,0.0014845202
76604,0.0012336521
76605,0.0014306285
76606,0.0010937742
76607,0.000533676
76608,0.00070111605
76609,0.0019167706
76610,0.0023537641
76611,0.004263548
76612,0.004128229
76613,0.0018594918
76614,0.0019801476
76615,0.0019417522
76616,0.0023458125
76617,0.0038049957
76618,0.0048775347
76619,0.004514307
76620,0.0036521617
76621,0.002629497
76622,0.002807441
76623,0.0031636423
76624,0.0031876173
76625,0.0032129535
76626,0.0035811616
76627,0.004980008
76628,0.004403476
76629,0.0029568013
76630,0.0026136886
76631,0.0025417681
76632,0.0022587776
76633,0.002045617
76634,0.001745398
76635,0.001732091
76636,0.0021701572
76637,0.0025055099
76638,0.0022484332
76639,0.0019456452
76640,0.0017271776
76641,0.00186727
76642,0.001953989
76643,0.0018721732
76644,0.0015587695
76645,0.0014950694
76646,0.0010074268
76647,0.0010065308
76648,0.001429957
76649,0.0020251265
76650,0.0044321725
76651,0.0059331385
76652,0.0067130523
76653,0.006051399
76654,0.0031508384
76655,0.0019930105
76656,0.0019110225
76657,0.0020914006
76658,0.0023381948
76659,0.0025955755
76660,0.0028471139
76661,0.0022552703
76662,0.0013106136
76663,0.0019772206
76664,0.0032742461
76665,0.004050167
76666,0.0031912583
76667,0.0015955105
76668,0.0018551042
76669,0.004071124
76670,0.005861883
76671,0.0056099817
76672,0.0069747856
76673,0.0073925685
76674,0.0053432565
76675,0.0036647152
76676,0.0037642152
76677,0.0034399095
76678,0.0019923823
76679,0.0013771427
76680,0.004538996
76681,0.0068124044
76682,0.007340901
76683,0.006626642
76684,0.005016575
76685,0.0021006481
76686,0.0034753461
76687,0.0047516003
76688,0.0052274102
76689,0.005310546
76690,0.0045350897
76691,0.0035017175
76692,0.0032775777
76693,0.0032057986
76694,0.0028378272
76695,0.0025273687
76696,0.00249041
76697,0.0025594316
76698,0.0027081126
76699,0.0022449226
76700,0.0013710852
76701,0.00077872165
76702,0.0008148465
76703,0.00095257506
76704,0.0013449391
76705,0.0016014461
76706,0.0015060278
76707,0.0011069197
76708,0.0012345247
76709,0.0019280342
76710,0.0018596327
76711,0.0011165014
76712,0.00061868696
76713,0.00065064913
76714,0.0009769796
76715,0.0010057788
76716,0.0010457281
76717,0.0014847947
76718,0.0016658133
76719,0.0019097885
76720,0.0018792021
76721,0.0014325801
76722,0.0009979353
76723,0.00088986347
76724,0.0007612591
76725,0.0011414299
76726,0.0013638916
76727,0.0016823809
76728,0.0011600945
76729,0.0010264585
76730,0.00085748424
76731,0.000613016
76732,0.0010523588
76733,0.0012412488
76734,0.0014005706
76735,0.0011091523
76736,0.0008452805
76737,0.00100407
76738,0.0010709724
76739,0.0010054025
76740,0.0009131082
76741,0.0015905778
76742,0.0027318134
76743,0.003198391
76744,0.0035351028
76745,0.0027266522
76746,0.0028490247
76747,0.0026074676
76748,0.0025378605
76749,0.0022927823
76750,0.002800975
76751,0.0032554546
76752,0.0030922492
76753,0.0024809614
76754,0.002278968
76755,0.0015001221
76756,0.0011649763
76757,0.00091667107
76758,0.0014013186
76759,0.0016475077
76760,0.0020500228
76761,0.0018466287
76762,0.001588747
76763,0.0014048863
76764,0.00090484746
76765,0.0007199578
76766,0.00051315833
76767,0.00074752496
76768,0.0011627007
76769,0.0014673648
76770,0.0013147596
76771,0.0013032873
76772,0.0013831736
76773,0.0012505227
76774,0.001115119
76775,0.0013437051
76776,0.001796605
76777,0.0018711003
76778,0.0015190927
76779,0.0010457837
76780,0.0012646627
76781,0.001116032
76782,0.0006835869
76783,0.0005246561
76784,0.00054222404
76785,0.0005041177
76786,0.00030574744
76787,0.00063827535
76788,0.0011472793
76789,0.0013801826
76790,0.001756783
76791,0.001854147
76792,0.0022906105
76793,0.0026042957
76794,0.0022539923
76795,0.0022651723
76796,0.0027941922
76797,0.004296399
76798,0.0037917553
76799,0.000556423
76800,0.00068264967
76801,0.0006881697
76802,0.0019085536
76803,0.0021851258
76804,0.0014590108
76805,0.0008956337
76806,0.0017152908
76807,0.0015397395
76808,0.00096538226
76809,0.000545435
76810,0.00049567583
76811,0.00071529386
76812,0.00063699734
76813,0.0007379246
76814,0.0010371488
76815,0.0014937061
76816,0.0016664945
76817,0.0012308888
76818,0.00065243593
76819,0.0015585828
76820,0.0018939809
76821,0.0015069358
76822,0.0014473547
76823,0.0015472819
76824,0.0015806846
76825,0.0009985184
76826,0.0016252939
76827,0.002297094
76828,0.0021134939
76829,0.001422345
76830,0.0016306749
76831,0.0015117949
76832,0.0009021416
76833,0.00081270066
76834,0.0010312955
76835,0.00083398045
76836,0.001330121
76837,0.0016146041
76838,0.0017048582
76839,0.0020932367
76840,0.0016626129
76841,0.0012711359
76842,0.0008607702
76843,0.0007332162
76844,0.0005711864
76845,0.0006485883
76846,0.00063042995
76847,0.0011155886
76848,0.0012683854
76849,0.0014614224
76850,0.0014567749
76851,0.00111397
76852,0.0013651927
76853,0.0013766142
76854,0.00094693666
76855,0.00087545434
76856,0.0012399115
76857,0.0020068497
76858,0.0026026524
76859,0.0027023463
76860,0.0025947795
76861,0.0019821748
76862,0.0016834878
76863,0.0010560306
76864,0.0012771661
76865,0.0013941975
76866,0.0009404293
76867,0.0007558493
76868,0.0007599199
76869,0.0011965021
76870,0.0017866634
76871,0.0031426994
76872,0.0034135808
76873,0.002853169
76874,0.002469014
76875,0.0026913602
76876,0.0031529437
76877,0.0037227615
76878,0.0038249223
76879,0.0033569944
76880,0.0026366154
76881,0.0022898607
76882,0.0018925974
76883,0.0011922378
76884,0.00085632945
76885,0.0008447983
76886,0.00093459303
76887,0.0008501898
76888,0.0016307463
76889,0.0013800982
76890,0.00079554506
76891,0.001192604
76892,0.0014512104
76893,0.0012783505
76894,0.000869751
76895,0.0012008968
76896,0.0012146562
76897,0.0015853727
76898,0.002043795
76899,0.0020117022
76900,0.0017425109
76901,0.001752022
76902,0.0020916928
76903,0.0021804457
76904,0.00191844
76905,0.001853566
76906,0.0021395658
76907,0.0018666153
76908,0.0018256266
76909,0.0014160288
76910,0.0011862175
76911,0.0012905183
76912,0.0011509012
76913,0.001230534
76914,0.0016638378
76915,0.0016041335
76916,0.0012264593
76917,0.0020940846
76918,0.0024715352
76919,0.0010669157
76920,0.0011080235
76921,0.0010026487
76922,0.001337148
76923,0.0
76924,0.0014217721
76925,0.0009862892
76926,0.0007198365
76927,0.0007531105
76928,0.00108375
76929,0.0009411408
76930,0.00083735865
76931,0.0010476467
76932,0.001233251
76933,0.0007613356
76934,0.0015443447
76935,0.001933536
76936,0.0018414204
76937,0.0014143835
76938,0.0011292793
76939,0.0009846058
76940,0.0011509012
76941,0.0015245241
76942,0.0027433482
76943,0.003116708
76944,0.003695424
76945,0.004022464
76946,0.0024861526
76947,0.0019139139
76948,0.002061377
76949,0.0021970803
76950,0.003672759
76951,0.004023361
76952,0.0028639308
76953,0.002141075
76954,0.0018776838
76955,0.001319775
76956,0.0016550511
76957,0.0021974114
76958,0.002169567
76959,0.0026961355
76960,0.004261302
76961,0.004751116
76962,0.0037268403
76963,0.0025404394
76964,0.002469238
76965,0.0022924393
76966,0.0022434571
76967,0.0016661801
76968,0.0015072061
76969,0.002055991
76970,0.0026141785
76971,0.0023588159
76972,0.002031741
76973,0.0016369808
76974,0.0017128797
76975,0.0015584708
76976,0.0015828741
76977,0.001364233
76978,0.0011309789
76979,0.0011154843
76980,0.0014526536
76981,0.0019219413
76982,0.0024151462
76983,0.00400171
76984,0.0067209164
76985,0.007579507
76986,0.006575644
76987,0.0039947005
76988,0.0020101103
76989,0.0019087367
76990,0.0014670276
76991,0.0016026814
76992,0.0022421726
76993,0.0032332614
76994,0.002798761
76995,0.0018886565
76996,0.0020960711
76997,0.0018411833
76998,0.0027067475
76999,0.00281028
77000,0.0016155952
77001,0.0013185174
77002,0.0032642398
77003,0.0053867577
77004,0.0066894824
77005,0.006098502
77006,0.005912771
77007,0.005618799
77008,0.004155948
77009,0.0039281454
77010,0.0037050354
77011,0.0028995816
77012,0.0017383639
77013,0.0035761113
77014,0.005991387
77015,0.007050729
77016,0.0072898376
77017,0.006106157
77018,0.0034131203
77019,0.0019188648
77020,0.0029152075
77021,0.004066882
77022,0.0044316733
77023,0.0040970277
77024,0.0034318794
77025,0.0028756442
77026,0.0028755025
77027,0.0030860312
77028,0.0030194577
77029,0.0026878759
77030,0.0025888279
77031,0.002935156
77032,0.0024383406
77033,0.0014760857
77034,0.0012207031
77035,0.0012308651
77036,0.00087319076
77037,0.0010107148
77038,0.0013169493
77039,0.0015961488
77040,0.0013666203
77041,0.0013359068
77042,0.0018603367
77043,0.0018328023
77044,0.0012262932
77045,0.0007949595
77046,0.0006529264
77047,0.0010753928
77048,0.0012381969
77049,0.0011069197
77050,0.001670611
77051,0.0019184704
77052,0.0018240317
77053,0.0014311166
77054,0.00066494016
77055,0.0006374084
77056,0.00085632945
77057,0.0009589393
77058,0.001516696
77059,0.0016073959
77060,0.0017205764
77061,0.0013081242
77062,0.0016354867
77063,0.001319797
77064,0.0008714559
77065,0.0010480077
77066,0.0012822604
77067,0.0013671526
77068,0.0007323821
77069,0.000800214
77070,0.001033438
77071,0.0011285574
77072,0.0009252666
77073,0.0010910834
77074,0.0015535328
77075,0.0025180238
77076,0.0025396144
77077,0.0027694912
77078,0.0025232888
77079,0.0027777283
77080,0.0030181753
77081,0.0029588381
77082,0.0027735552
77083,0.0028517612
77084,0.0026544703
77085,0.0022184753
77086,0.0016573531
77087,0.0012731034
77088,0.000974922
77089,0.0007738102
77090,0.0011114328
77091,0.001571822
77092,0.001655438
77093,0.0020752093
77094,0.0020292038
77095,0.0015853911
77096,0.0012518718
77097,0.0008178412
77098,0.0007807745
77099,0.00076145027
77100,0.0010743911
77101,0.0013234526
77102,0.0013141176
77103,0.0009757575
77104,0.0012206793
77105,0.00095242227
77106,0.0011753725
77107,0.0011673472
77108,0.001271548
77109,0.0019195775
77110,0.0025597727
77111,0.0024108766
77112,0.0018452255
77113,0.0011863157
77114,0.0010004402
77115,0.00071027165
77116,0.0004966144
77117,0.00047222193
77118,0.00042492372
77119,0.00038116443
77120,0.00059381983
77121,0.0011336777
77122,0.0014212397
77123,0.0017463983
77124,0.0014811837
77125,0.0023281283
77126,0.0027036706
77127,0.0027571898
77128,0.0021651895
77129,0.0023896086
77130,0.00299225
77131,0.002431001
77132,0.0009033667
77133,0.00070285733
77134,0.0006729887
77135,0.0015591242
77136,0.0018744259
77137,0.0016039883
77138,0.0017035945
77139,0.0019390823
77140,0.0014369008
77141,0.00065794407
77142,0.00067905895
77143,0.0007634352
77144,0.0009965053
77145,0.00085306045
77146,0.00081538205
77147,0.00078941195
77148,0.0013060534
77149,0.0016906642
77150,0.0011930675
77151,0.0010253805
77152,0.0017171563
77153,0.0023055798
77154,0.0017166646
77155,0.001465956
77156,0.0013798029
77157,0.0009995671
77158,0.000686815
77159,0.0016387755
77160,0.002091498
77161,0.0015680586
77162,0.0010701297
77163,0.0013650222
77164,0.0018391588
77165,0.001477229
77166,0.0007777868
77167,0.00064516894
77168,0.00034978922
77169,0.00091262994
77170,0.0013592532
77171,0.0015909254
77172,0.0020455315
77173,0.0016210085
77174,0.00084669096
77175,0.00070891815
77176,0.00068409764
77177,0.0005497401
77178,0.0010049682
77179,0.0015178277
77180,0.0017748963
77181,0.0014996758
77182,0.0014508894
77183,0.0012825781
77184,0.0012828958
77185,0.0013172366
77186,0.0010989242
77187,0.00070932857
77188,0.0010787705
77189,0.0019292263
77190,0.0022282796
77191,0.0029548714
77192,0.0031287496
77193,0.0034858487
77194,0.0028547193
77195,0.002128642
77196,0.00138391
77197,0.0013929444
77198,0.0014505684
77199,0.001187272
77200,0.0012918483
77201,0.0010773666
77202,0.0016750996
77203,0.0029243282
77204,0.0034484358
77205,0.0035542008
77206,0.0027689447
77207,0.0026305595
77208,0.0022030596
77209,0.002106832
77210,0.0024400111
77211,0.0028640325
77212,0.0027103685
77213,0.002159267
77214,0.0014872232
77215,0.0010561683
77216,0.00065301557
77217,0.0009912635
77218,0.0011732908
77219,0.0011420416
77220,0.0011187929
77221,0.001610959
77222,0.0011293823
77223,0.0006237468
77224,0.00048240463
77225,0.0011143357
77226,0.0012672605
77227,0.0011204565
77228,0.0012227042
77229,0.0009971475
77230,0.0008798316
77231,0.0012860679
77232,0.0019705412
77233,0.0024361077
77234,0.002634694
77235,0.00232629
77236,0.0018735096
77237,0.0015827455
77238,0.0014906048
77239,0.0016519709
77240,0.0012115373
77241,0.0010051709
77242,0.00086033053
77243,0.0010270253
77244,0.0012120416
77245,0.0013210314
77246,0.0013838047
77247,0.0014639494
77248,0.0009782597
77249,0.0007043877
77250,0.0020900504
77251,0.0025432447
77252,0.0013290703
77253,0.0009658946
77254,0.0012785099
77255,0.001672213
77256,0.0
77257,0.0011290215
77258,0.0008061205
77259,0.0006561723
77260,0.0006308453
77261,0.00080148596
77262,0.0008376019
77263,0.0011736131
77264,0.0016285675
77265,0.0015105045
77266,0.0011231547
77267,0.0013482459
77268,0.0019063413
77269,0.0016500847
77270,0.0015134304
77271,0.0019096513
77272,0.002443444
77273,0.0023958972
77274,0.0023354422
77275,0.003180936
77276,0.0037601462
77277,0.0041228533
77278,0.004375549
77279,0.003573384
77280,0.0031117643
77281,0.0026821417
77282,0.0021367345
77283,0.0032534248
77284,0.0028565843
77285,0.00073753006
77286,0.0007915474
77287,0.000542063
77288,0.00059298606
77289,0.0009888237
77290,0.0015719886
77291,0.0019356272
77292,0.002790179
77293,0.0035513663
77294,0.004349324
77295,0.0039718016
77296,0.0030630475
77297,0.0028024085
77298,0.0024666672
77299,0.0025944542
77300,0.0024569612
77301,0.0020576748
77302,0.0016205057
77303,0.0017950654
77304,0.0016753428
77305,0.0015236648
77306,0.0011594923
77307,0.0010727374
77308,0.0011655757
77309,0.0012884419
77310,0.0009904705
77311,0.0012302739
77312,0.0014911514
77313,0.0013368215
77314,0.0016064541
77315,0.0018700578
77316,0.0033433465
77317,0.008538611
77318,0.009269982
77319,0.0067607416
77320,0.00439263
77321,0.0017066838
77322,0.0022106294
77323,0.0020316406
77324,0.0022857264
77325,0.0022673553
77326,0.003054341
77327,0.0032627147
77328,0.002759648
77329,0.002298272
77330,0.001772008
77331,0.0019691673
77332,0.0019162694
77333,0.0012806024
77334,0.0010665337
77335,0.002028128
77336,0.00443956
77337,0.006911196
77338,0.0067387335
77339,0.005803683
77340,0.0051095304
77341,0.0039364942
77342,0.0032417027
77343,0.00296806
77344,0.002632141
77345,0.0017154604
77346,0.003136906
77347,0.0041459356
77348,0.0046038385
77349,0.0070284447
77350,0.007018823
77351,0.004522082
77352,0.0027645268
77353,0.0015580972
77354,0.003585012
77355,0.004049204
77356,0.0037587294
77357,0.0033371341
77358,0.002235699
77359,0.0023269528
77360,0.0025815214
77361,0.0028441683
77362,0.0027622518
77363,0.002407784
77364,0.0025745223
77365,0.0025142415
77366,0.0018572053
77367,0.0015612321
77368,0.0014712472
77369,0.0008334219
77370,0.0007384765
77371,0.0010388871
77372,0.0014964314
77373,0.0023052136
77374,0.00212115
77375,0.0017768629
77376,0.0015110247
77377,0.0010306463
77378,0.0007209273
77379,0.00076476834
77380,0.0011844988
77381,0.001528166
77382,0.0014422986
77383,0.0015675018
77384,0.0016415082
77385,0.0010162285
77386,0.0006611653
77387,0.00035277187
77388,0.00067755725
77389,0.00054136454
77390,0.0007889325
77391,0.0011863157
77392,0.0011194431
77393,0.0011429586
77394,0.0010926295
77395,0.0015709144
77396,0.0013171923
77397,0.0007458099
77398,0.0008005413
77399,0.0012685689
77400,0.0014029999
77401,0.00096378307
77402,0.0010147955
77403,0.0010772316
77404,0.0009778432
77405,0.0007586933
77406,0.00065256975
77407,0.0011659253
77408,0.002194204
77409,0.002465487
77410,0.0023983982
77411,0.0021790704
77412,0.0018983092
77413,0.002244391
77414,0.0023453906
77415,0.0025917043
77416,0.0030718334
77417,0.002537826
77418,0.0015973519
77419,0.0010575453
77420,0.00058383564
77421,0.00078679
77422,0.0006975787
77423,0.0010888138
77424,0.0014186776
77425,0.0017008588
77426,0.0020372483
77427,0.0019764109
77428,0.0015894612
77429,0.001219582
77430,0.0008582306
77431,0.00089939527
77432,0.0012138173
77433,0.0015186904
77434,0.0012728062
77435,0.0010148529
77436,0.0011399755
77437,0.0015060857
77438,0.0012931993
77439,0.0010624325
77440,0.0011207681
77441,0.0012783961
77442,0.0014466507
77443,0.0023387175
77444,0.0024195288
77445,0.001553383
77446,0.0010718417
77447,0.0010129584
77448,0.0011017015
77449,0.0011359602
77450,0.0012291141
77451,0.0011534019
77452,0.0010456725
77453,0.0008665326
77454,0.001159191
77455,0.0012070609
77456,0.0011242424
77457,0.00071354216
77458,0.0010903096
77459,0.0013190692
77460,0.0018032506
77461,0.0018483773
77462,0.002113177
77463,0.0022200097
77464,0.0015791004
77465,0.0008277805
77466,0.00057382986
77467,0.0005389939
77468,0.0011038919
77469,0.0015495749
77470,0.001725087
77471,0.0018116238
77472,0.0015356134
77473,0.0010835889
77474,0.0006282564
77475,0.0010527736
77476,0.0011045509
77477,0.00093134877
77478,0.00072410953
77479,0.00091339496
77480,0.0009863187
77481,0.001491171
77482,0.0016916967
77483,0.0013233207
77484,0.0015154098
77485,0.002083174
77486,0.0022598854
77487,0.001370788
77488,0.0010604858
77489,0.0011873946
77490,0.0008698848
77491,0.000460363
77492,0.0017143913
77493,0.0020610525
77494,0.0014994041
77495,0.0012023984
77496,0.0008602967
77497,0.001694825
77498,0.0017915274
77499,0.00084217597
77500,0.00072157296
77501,0.000675923
77502,0.0009829195
77503,0.0014364147
77504,0.0019900731
77505,0.00257459
77506,0.0019632909
77507,0.0011161102
77508,0.00082728814
77509,0.00066327484
77510,0.0007938971
77511,0.0012930867
77512,0.0015459835
77513,0.0014288982
77514,0.0011071826
77515,0.0011161885
77516,0.00092517224
77517,0.0009171154
77518,0.0008601952
77519,0.00085049786
77520,0.00087295746
77521,0.001494271
77522,0.001972121
77523,0.0020548298
77524,0.0025128867
77525,0.0025634766
77526,0.0027966804
77527,0.002805315
77528,0.0024060188
77529,0.001586272
77530,0.0014229178
77531,0.0015211222
77532,0.0017492124
77533,0.0016749258
77534,0.0016450858
77535,0.002612285
77536,0.003376729
77537,0.0032421337
77538,0.0028572262
77539,0.0021666675
77540,0.0018535503
77541,0.0014327832
77542,0.0013219564
77543,0.0011781673
77544,0.001575687
77545,0.0017382969
77546,0.001594726
77547,0.0011804131
77548,0.0008467253
77549,0.0008067341
77550,0.0013369086
77551,0.0016804077
77552,0.0013394097
77553,0.0014858135
77554,0.0018335326
77555,0.0014027716
77556,0.0008930303
77557,0.0007699643
77558,0.0011153538
77559,0.0008484422
77560,0.0006157163
77561,0.00071643223
77562,0.0007717011
77563,0.0011896475
77564,0.0013435101
77565,0.0021268092
77566,0.0031959333
77567,0.0036505756
77568,0.0033305692
77569,0.0024337529
77570,0.001481989
77571,0.0010609797
77572,0.0011045509
77573,0.0011704843
77574,0.0014931019
77575,0.0012893225
77576,0.0010547069
77577,0.0004939702
77578,0.00041403086
77579,0.0007820409
77580,0.00091746444
77581,0.0005903791
77582,0.0006055644
77583,0.0015136227
77584,0.0021705728
77585,0.0018258657
77586,0.0010180883
77587,0.0016096937
77588,0.0016803558
77589,0.0
77590,0.0009292527
77591,0.0007603793
77592,0.0009782597
77593,0.001226483
77594,0.0017382299
77595,0.0021312519
77596,0.00223648
77597,0.0020024944
77598,0.0017781564
77599,0.0016800266
77600,0.0017066497
77601,0.0020097191
77602,0.0019284718
77603,0.002012845
77604,0.0028585093
77605,0.0029216397
77606,0.002612597
77607,0.001958155
77608,0.0028481255
77609,0.003954485
77610,0.004193857
77611,0.0044864733
77612,0.0044630133
77613,0.0042075473
77614,0.0043301773
77615,0.0030490386
77616,0.0023355295
77617,0.002043852
77618,0.00080003217
77619,0.0006051798
77620,0.0002962721
77621,0.0006660772
77622,0.0010978908
77623,0.0013555225
77624,0.0018067978
77625,0.0029070396
77626,0.0033006722
77627,0.0037451624
77628,0.0037741836
77629,0.0032956512
77630,0.0028951417
77631,0.0024876741
77632,0.003081737
77633,0.0035355638
77634,0.0032474166
77635,0.0021885992
77636,0.0014274514
77637,0.0014666903
77638,0.0011237246
77639,0.0008496077
77640,0.00077192736
77641,0.0014363538
77642,0.0014645059
77643,0.0010373171
77644,0.0012888259
77645,0.001364233
77646,0.00069175515
77647,0.0012691653
77648,0.001808424
77649,0.0036440403
77650,0.009702562
77651,0.0102305515
77652,0.006609165
77653,0.005940624
77654,0.0047037615
77655,0.004509211
77656,0.0037051218
77657,0.002920175
77658,0.0027751706
77659,0.0031949768
77660,0.0032000558
77661,0.0029779472
77662,0.002266264
77663,0.0019514405
77664,0.0016545939
77665,0.0015039779
77666,0.0012273844
77667,0.0012813067
77668,0.0022918554
77669,0.0030704308
77670,0.0059761684
77671,0.007725914
77672,0.006228895
77673,0.0044948338
77674,0.0040950663
77675,0.0028296416
77676,0.0025750874
77677,0.0021428687
77678,0.00097605574
77679,0.0013298803
77680,0.0026353016
77681,0.0043493304
77682,0.0071621975
77683,0.007073815
77684,0.0047331033
77685,0.0035600998
77686,0.002066834
77687,0.002908851
77688,0.0034496423
77689,0.0040097167
77690,0.0035731152
77691,0.0018965914
77692,0.0018982632
77693,0.0022047497
77694,0.0026538891
77695,0.0031681468
77696,0.0025294751
77697,0.0021628088
77698,0.00213574
77699,0.0017207963
77700,0.0016622628
77701,0.001576278
77702,0.0012341946
77703,0.0012913976
77704,0.001250546
77705,0.0014317266
77706,0.003156975
77707,0.0029255121
77708,0.0019086909
77709,0.0015109669
77710,0.00096492993
77711,0.0008382271
77712,0.0008835616
77713,0.0012511741
77714,0.0016520943
77715,0.0017621589
77716,0.001927536
77717,0.0018010866
77718,0.0007059973
77719,0.00055924035
77720,0.00095471134
77721,0.0011669731
77722,0.0010217124
77723,0.0011324191
77724,0.00129565
77725,0.0013287637
77726,0.00111028
77727,0.0007418581
77728,0.0011028368
77729,0.0014591903
77730,0.0010749869
77731,0.0005510092
77732,0.0011043136
77733,0.0011755953
77734,0.00090439705
77735,0.0008525486
77736,0.0011064464
77737,0.0010086971
77738,0.0006982876
77739,0.0008116614
77740,0.0012912398
77741,0.002104012
77742,0.0027990208
77743,0.0024466577
77744,0.0018461243
77745,0.0012821469
77746,0.0010915902
77747,0.0013717643
77748,0.0022723689
77749,0.0032179318
77750,0.0026312233
77751,0.0015864188
77752,0.0012426783
77753,0.00061368034
77754,0.0008167017
77755,0.0011095196
77756,0.0017322758
77757,0.0019400577
77758,0.0019456003
77759,0.0018543666
77760,0.0015571443
77761,0.0015131419
77762,0.0012597283
77763,0.0011842039
77764,0.0013900371
77765,0.0014986664
77766,0.0013675145
77767,0.0007101487
77768,0.00082978216
77769,0.0013973877
77770,0.0015110247
77771,0.0013439866
77772,0.0009880287
77773,0.0010920167
77774,0.0012405686
77775,0.00070389174
77776,0.0014200105
77777,0.0017352134
77778,0.0014351781
77779,0.0012765279
77780,0.0012596821
77781,0.0011912365
77782,0.0014163987
77783,0.0015593856
77784,0.0016293894
77785,0.0017219629
77786,0.0015145645
77787,0.0011162406
77788,0.00069255405
77789,0.0007140722
77790,0.0007482643
77791,0.0011990777
77792,0.0010727645
77793,0.0011984708
77794,0.0016437583
77795,0.0019735668
77796,0.0020784044
77797,0.0015127764
77798,0.0011005385
77799,0.00078627194
77800,0.0007040571
77801,0.0010583431
77802,0.0013747314
77803,0.0015592362
77804,0.0015667403
77805,0.0014116236
77806,0.0012603982
77807,0.0012918032
77808,0.0013984495
77809,0.0013710852
77810,0.0011188189
77811,0.0012036564
77812,0.0011634014
77813,0.0010876103
77814,0.0014884947
77815,0.0015384159
77816,0.0015469621
77817,0.00147004
77818,0.0019214567
77819,0.0017382802
77820,0.0013068331
77821,0.00079165766
77822,0.0009619393
77823,0.00092381856
77824,0.0006434072
77825,0.0015642678
77826,0.0018361973
77827,0.0016406568
77828,0.0013263302
77829,0.0015074571
77830,0.0023212926
77831,0.0023496677
77832,0.0011915786
77833,0.0010864055
77834,0.0006627042
77835,0.00059528835
77836,0.0010383266
77837,0.001722622
77838,0.00245516
77839,0.0022167691
77840,0.0016326904
77841,0.0008902232
77842,0.000989765
77843,0.0014068529
77844,0.0016375141
77845,0.0012849133
77846,0.001236574
77847,0.0009778432
77848,0.00062982953
77849,0.00056307827
77850,0.0008223836
77851,0.0010092163
77852,0.0009602435
77853,0.0009533691
77854,0.0016048047
77855,0.0021529498
77856,0.0021386542
77857,0.0022024913
77858,0.0020020003
77859,0.001837845
77860,0.0024515656
77861,0.0023282657
77862,0.0016427665
77863,0.0016556138
77864,0.0022523
77865,0.0023126884
77866,0.0018932432
77867,0.0023894869
77868,0.0036882185
77869,0.0039718235
77870,0.0030676522
77871,0.002298462
77872,0.0017787291
77873,0.0012290905
77874,0.0015407978
77875,0.0017169528
77876,0.0014372653
77877,0.001722453
77878,0.0018489441
77879,0.00176475
77880,0.0015587135
77881,0.0011324448
77882,0.0013698747
77883,0.001680425
77884,0.0017010984
77885,0.0010936944
77886,0.001871318
77887,0.0022674967
77888,0.0015571817
77889,0.00091914413
77890,0.0009791221
77891,0.0013768045
77892,0.0009967097
77893,0.0009945758
77894,0.0012258422
77895,0.0015115639
77896,0.0016558423
77897,0.0014766575
77898,0.0017835005
77899,0.0029427318
77900,0.0042571747
77901,0.0044285334
77902,0.0030094166
77903,0.0013238484
77904,0.0009429635
77905,0.0010216554
77906,0.0010666428
77907,0.0015025259
77908,0.0015239704
77909,0.0016566154
77910,0.0014486812
77911,0.0011880808
77912,0.00096785114
77913,0.00056380144
77914,0.0002526931
77915,0.00065803254
77916,0.0010856551
77917,0.002160951
77918,0.0025435078
77919,0.0018996426
77920,0.0015301073
77921,0.0011800185
77922,0.0
77923,0.0010626517
77924,0.0010453663
77925,0.0013708305
77926,0.0018333262
77927,0.0020662283
77928,0.0021903007
77929,0.0020189374
77930,0.0016060917
77931,0.0016573707
77932,0.001831595
77933,0.0017157658
77934,0.0017950005
77935,0.0018489441
77936,0.0020391904
77937,0.0024596131
77938,0.002044151
77939,0.0019221078
77940,0.0020971817
77941,0.0023057186
77942,0.0032592162
77943,0.0037682953
77944,0.0041940166
77945,0.004471665
77946,0.0045497296
77947,0.0052382504
77948,0.0036344356
77949,0.0016757249
77950,0.0012534285
77951,0.0010107148
77952,0.0010476467
77953,0.0010309567
77954,0.0010322545
77955,0.0011945791
77956,0.0012365269
77957,0.0013638916
77958,0.002535543
77959,0.0032692289
77960,0.0030220107
77961,0.0028210091
77962,0.0029010165
77963,0.0032672787
77964,0.003002368
77965,0.0028079904
77966,0.0029112913
77967,0.0030687337
77968,0.0027739643
77969,0.00186984
77970,0.0013222646
77971,0.0011766595
77972,0.0008226667
77973,0.00090168987
77974,0.0014840693
77975,0.0011508253
77976,0.0007925395
77977,0.0010568295
77978,0.00132156
77979,0.00064272835
77980,0.0010566917
77981,0.00169685
77982,0.004099712
77983,0.010196263
77984,0.0110776285
77985,0.0071152314
77986,0.0066093546
77987,0.005336002
77988,0.004475295
77989,0.003887639
77990,0.0035535537
77991,0.003670389
77992,0.0034604582
77993,0.0039712004
77994,0.004148995
77995,0.0038337763
77996,0.0027787026
77997,0.0015592362
77998,0.0009947806
77999,0.00068192446
78000,0.0012696009
78001,0.0023006515
78002,0.0030475492
78003,0.0046692644
78004,0.007955301
78005,0.007103663
78006,0.0041194423
78007,0.0037790386
78008,0.0026135326
78009,0.0026759822
78010,0.0021250432
78011,0.0011396947
78012,0.0012316216
78013,0.0022749288
78014,0.0030837292
78015,0.006775542
78016,0.007982772
78017,0.006043391
78018,0.0033310936
78019,0.0020922772
78020,0.0022337195
78021,0.0039884737
78022,0.004484968
78023,0.0032389902
78024,0.0018694819
78025,0.0020941403
78026,0.0024749243
78027,0.0027914722
78028,0.003033958
78029,0.0023084308
78030,0.0016140813
78031,0.0018039767
78032,0.0018255787
78033,0.0017630011
78034,0.0012845055
78035,0.00087618537
78036,0.0008182681
78037,0.0012748853
78038,0.0025208308
78039,0.003998305
78040,0.0031929906
78041,0.001515064
78042,0.0010204013
78043,0.00082679547
78044,0.00082188804
78045,0.00064512383
78046,0.0007771504
78047,0.0013190692
78048,0.0015649003
78049,0.0020638888
78050,0.0020304369
78051,0.0015325211
78052,0.0016045326
78053,0.001924166
78054,0.0019811026
78055,0.0018626507
78056,0.0017427949
78057,0.001725087
78058,0.0014314216
78059,0.0009942246
78060,0.0008070226
78061,0.0007954719
78062,0.0016160635
78063,0.0014241855
78064,0.0007876034
78065,0.00086934934
78066,0.0005787287
78067,0.00058696774
78068,0.0007161478
78069,0.0010354075
78070,0.0010085817
78071,0.0008191568
78072,0.001051418
78073,0.001368408
78074,0.0019894443
78075,0.0028669778
78076,0.0023637337
78077,0.0016938974
78078,0.0012106722
78079,0.00054217037
78080,0.0011178299
78081,0.0027174142
78082,0.0033714501
78083,0.0025958112
78084,0.0017905362
78085,0.0014945242
78086,0.0010773126
78087,0.0010445864
78088,0.0012528247
78089,0.0018198945
78090,0.002044151
78091,0.001895563
78092,0.00204445
78093,0.0018741154
78094,0.001863869
78095,0.0016175396
78096,0.0013065658
78097,0.0010651137
78098,0.0008622904
78099,0.001182753
78100,0.0013590605
78101,0.0017787128
78102,0.001636963
78103,0.0013830264
78104,0.0013430985
78105,0.0009568733
78106,0.0010708366
78107,0.001542459
78108,0.0012498942
78109,0.0016089343
78110,0.0017821456
78111,0.0015389266
78112,0.0014473547
78113,0.0012104799
78114,0.0012635347
78115,0.0013682804
78116,0.0010944126
78117,0.0010738763
78118,0.0017154944
78119,0.001833977
78120,0.0012570455
78121,0.00068094215
78122,0.0005360159
78123,0.0007042225
78124,0.0013873755
78125,0.0013993233
78126,0.0013559519
78127,0.0015952551
78128,0.0016960265
78129,0.0017911375
78130,0.001408011
78131,0.0011455022
78132,0.0012941441
78133,0.0015615118
78134,0.0016906987
78135,0.0017766008
78136,0.0016473134
78137,0.0015825063
78138,0.0016194637
78139,0.0016158834
78140,0.0016505962
78141,0.0014212192
78142,0.0011526953
78143,0.0008309388
78144,0.0009965928
78145,0.00087648426
78146,0.00086797564
78147,0.0013303179
78148,0.0013766777
78149,0.0013614568
78150,0.0010553413
78151,0.001400633
78152,0.0013590391
78153,0.001090363
78154,0.00095040334
78155,0.00088983076
78156,0.00083338696
78157,0.00059170864
78158,0.0010925762
78159,0.0015486543
78160,0.0017463983
78161,0.0014480181
78162,0.0015050032
78163,0.0022255874
78164,0.0020777322
78165,0.0010960336
78166,0.00084397104
78167,0.00071991736
78168,0.000785346
78169,0.0010477023
78170,0.0015137573
78171,0.0020755879
78172,0.0020525623
78173,0.0015641003
78174,0.0012183166
78175,0.0015588442
78176,0.0021993178
78177,0.0026892507
78178,0.0026381493
78179,0.0021316616
78180,0.0010781498
78181,0.00095474184
78182,0.0012869954
78183,0.0016194816
78184,0.0014270843
78185,0.0013674932
78186,0.0010201159
78187,0.0015370343
78188,0.0020089082
78189,0.0021816466
78190,0.0020033373
78191,0.0012581564
78192,0.0008229143
78193,0.0015106779
78194,0.0016944128
78195,0.0012914877
78196,0.0020291607
78197,0.0025827838
78198,0.0030297246
78199,0.0037969481
78200,0.0038306399
78201,0.0039980067
78202,0.0033655576
78203,0.002551425
78204,0.0021964707
78205,0.0014024604
78206,0.0010665882
78207,0.0013290703
78208,0.0018519324
78209,0.0016395034
78210,0.0020046008
78211,0.0023516116
78212,0.0016747173
78213,0.0012179821
78214,0.0010641023
78215,0.0016992838
78216,0.0017496782
78217,0.001532787
78218,0.00080550654
78219,0.0014668689
78220,0.0021719
78221,0.0019010976
78222,0.0013226167
78223,0.0016053305
78224,0.0020827549
78225,0.0017828966
78226,0.0018574873
78227,0.0017852783
78228,0.0018487866
78229,0.0018181185
78230,0.0015718405
78231,0.0017466316
78232,0.0026147238
78233,0.0042433357
78234,0.0049456544
78235,0.0032664414
78236,0.0011548141
78237,0.0008025746
78238,0.00087903737
78239,0.00082661945
78240,0.0008760857
78241,0.0012099749
78242,0.0017432123
78243,0.0022228265
78244,0.002283
78245,0.0019825567
78246,0.001277394
78247,0.001063774
78248,0.0011339857
78249,0.0013231447
78250,0.0022416792
78251,0.0026504544
78252,0.002369661
78253,0.0016166577
78254,0.0007838251
78255,0.0
78256,0.001054072
78257,0.0017720244
78258,0.0016820004
78259,0.001681412
78260,0.0016382781
78261,0.001661282
78262,0.0015821937
78263,0.0013319795
78264,0.0012979392
78265,0.0016354689
78266,0.0016838508
78267,0.0014889834
78268,0.0016384558
78269,0.0022066894
78270,0.002550695
78271,0.002043382
78272,0.0015637281
78273,0.0019481118
78274,0.0020825732
78275,0.0026648112
78276,0.003158339
78277,0.0039833914
78278,0.004112173
78279,0.0049532987
78280,0.006059891
78281,0.0039377064
78282,0.0017247832
78283,0.0011308503
78284,0.0013340974
78285,0.0016607739
78286,0.0016924364
78287,0.0015795979
78288,0.0013255181
78289,0.0012132417
78290,0.001290586
78291,0.0021446606
78292,0.0028954332
78293,0.002607981
78294,0.0025044642
78295,0.0030545795
78296,0.0032309291
78297,0.0027295859
78298,0.0019272642
78299,0.0012265068
78300,0.002185552
78301,0.0025865447
78302,0.0018377975
78303,0.0013872078
78304,0.0014072045
78305,0.0009554427
78306,0.0012486594
78307,0.0014206048
78308,0.0011800432
78309,0.0010715701
78310,0.0011469495
78311,0.0015142378
78312,0.0013879838
78313,0.0016585995
78314,0.0037623437
78315,0.005102753
78316,0.008805627
78317,0.0108371
78318,0.008513044
78319,0.0067703556
78320,0.0044591185
78321,0.002056175
78322,0.0028348719
78323,0.0029923182
78324,0.0033483917
78325,0.003735849
78326,0.0044997972
78327,0.0042948546
78328,0.0040434133
78329,0.0033765135
78330,0.0025933322
78331,0.001800327
78332,0.0010571324
78333,0.0011325476
78334,0.002313808
78335,0.0030810477
78336,0.0049063056
78337,0.00835782
78338,0.006914029
78339,0.0037912794
78340,0.003671816
78341,0.0025094794
78342,0.00276988
78343,0.002427994
78344,0.0016460938
78345,0.0014604662
78346,0.002123495
78347,0.003060576
78348,0.0062929327
78349,0.008562924
78350,0.0071877684
78351,0.0033748928
78352,0.0026302938
78353,0.0019122557
78354,0.0046809367
78355,0.004993356
78356,0.002720818
78357,0.002195384
78358,0.0027304813
78359,0.002503767
78360,0.0024603822
78361,0.0025611822
78362,0.0019740828
78363,0.0018577223
78364,0.0019397426
78365,0.0019201688
78366,0.0016120425
78367,0.0009215791
78368,0.00049749267
78369,0.00061642483
78370,0.0012416708
78371,0.0033166725
78372,0.004431562
78373,0.0031801765
78374,0.0013111909
78375,0.0006003514
78376,0.0007191893
78377,0.00081638084
78378,0.0005925442
78379,0.0007238683
78380,0.0008649863
78381,0.0014426416
78382,0.0019674965
78383,0.001775634
78384,0.0014754941
78385,0.0015967322
78386,0.0017946113
78387,0.0015343241
78388,0.001469743
78389,0.0015245813
78390,0.0022872412
78391,0.0020534839
78392,0.0012483564
78393,0.0010443078
78394,0.0008076355
78395,0.001508017
78396,0.0013442897
78397,0.0008274288
78398,0.00071777153
78399,0.00045706378
78400,0.00033965803
78401,0.0008817151
78402,0.0012462097
78403,0.0011447397
78404,0.00087289076
78405,0.0008564314
78406,0.0013962417
78407,0.001866319
78408,0.0024556934
78409,0.0020239046
78410,0.0016600728
78411,0.0017721229
78412,0.0013066772
78413,0.0011085749
78414,0.0038672527
78415,0.0042587128
78416,0.002651585
78417,0.001983628
78418,0.0017430787
78419,0.0014475356
78420,0.001326769
78421,0.0016023363
78422,0.0019767494
78423,0.0022328333
78424,0.00200582
78425,0.002147224
78426,0.0020069224
78427,0.0015684112
78428,0.0012555165
78429,0.00085646537
78430,0.0009828899
78431,0.0013338573
78432,0.002205357
78433,0.0022882207
78434,0.0022737004
78435,0.0017021759
78436,0.0013036223
78437,0.0012436615
78438,0.00094089337
78439,0.00075202767
78440,0.0012498709
78441,0.0011891092
78442,0.0012821923
78443,0.0013534598
78444,0.0015348742
78445,0.0014742312
78446,0.0010594974
78447,0.001272303
78448,0.0011564008
78449,0.0007028987
78450,0.00061239855
78451,0.0016531333
78452,0.0019305383
78453,0.0012506857
78454,0.0007352773
78455,0.0010048813
78456,0.0014461074
78457,0.0019479773
78458,0.0019966287
78459,0.001761812
78460,0.0017546779
78461,0.0016820177
78462,0.0013624185
78463,0.0008219588
78464,0.0010012835
78465,0.0014764406
78466,0.0019124534
78467,0.0018004078
78468,0.0016880628
78469,0.0014845202
78470,0.0011703352
78471,0.0010734696
78472,0.0010796874
78473,0.0011445363
78474,0.00089025585
78475,0.0008077436
78476,0.0005517482
78477,0.00055206456
78478,0.0006595787
78479,0.0009952486
78480,0.0011584627
78481,0.0010702929
78482,0.00086272904
78483,0.0009050083
78484,0.0013713824
78485,0.0015332616
78486,0.001259428
78487,0.0010452549
78488,0.00081755646
78489,0.0007507495
78490,0.00062075333
78491,0.00042594987
78492,0.0010891879
78493,0.0015643049
78494,0.0017497613
78495,0.0014933943
78496,0.0018770482
78497,0.0013213397
78498,0.00066415186
78499,0.0007953255
78500,0.0006622648
78501,0.00071419444
78502,0.00087415683
78503,0.0012760946
78504,0.0016830901
78505,0.0020336881
78506,0.0015798006
78507,0.0011169704
78508,0.0012401463
78509,0.0019505305
78510,0.0022353865
78511,0.0026229143
78512,0.0028019205
78513,0.002931346
78514,0.0028992302
78515,0.0025074722
78516,0.002045688
78517,0.0016196434
78518,0.00155974
78519,0.0013004257
78520,0.0014828136
78521,0.0018429845
78522,0.0022206912
78523,0.0019348301
78524,0.001040231
78525,0.0011206383
78526,0.0015585081
78527,0.0012571149
78528,0.0009858465
78529,0.0022396268
78530,0.0028369962
78531,0.0028814173
78532,0.003386549
78533,0.0031373515
78534,0.0029109914
78535,0.0019884198
78536,0.0013295739
78537,0.0010098794
78538,0.0009963299
78539,0.0008284483
78540,0.0012404514
78541,0.0019727407
78542,0.001579469
78543,0.0019371603
78544,0.0025669483
78545,0.0017681111
78546,0.0010068489
78547,0.0010975462
78548,0.001583885
78549,0.0017557888
78550,0.001845257
78551,0.0012882611
78552,0.0013174795
78553,0.0022168085
78554,0.002253579
78555,0.001630657
78556,0.0016055118
78557,0.0016806502
78558,0.0015587321
78559,0.0014426416
78560,0.0013194883
78561,0.0011483443
78562,0.0011708573
78563,0.0011265441
78564,0.0022600014
78565,0.0032223784
78566,0.003993687
78567,0.0046628024
78568,0.003247829
78569,0.0010831053
78570,0.0006643709
78571,0.0007693971
78572,0.0010770966
78573,0.0010481466
78574,0.0007146426
78575,0.0013624826
78576,0.0018521367
78577,0.002238509
78578,0.0021926248
78579,0.001815876
78580,0.0016904403
78581,0.0014474954
78582,0.0019689898
78583,0.0021387902
78584,0.0022987404
78585,0.002600404
78586,0.002080182
78587,0.0011431369
78588,0.0
78589,0.0014642078
78590,0.0018109329
78591,0.0015153906
78592,0.0012504994
78593,0.0013985743
78594,0.0014787255
78595,0.0016378695
78596,0.0015421383
78597,0.0016322269
78598,0.0017572303
78599,0.0019672597
78600,0.0016432448
78601,0.0017138141
78602,0.0020778582
78603,0.002199675
78604,0.0014188623
78605,0.0011731419
78606,0.001885603
78607,0.0020581838
78608,0.0019863697
78609,0.0024981461
78610,0.0038271586
78611,0.004070745
78612,0.0052510356
78613,0.0060153264
78614,0.0036556665
78615,0.0022851406
78616,0.0018715358
78617,0.0018477158
78618,0.0020017966
78619,0.0015344
78620,0.0009429018
78621,0.00092482613
78622,0.001272669
78623,0.0012660888
78624,0.001442924
78625,0.0021417546
78626,0.0022747882
78627,0.0020693669
78628,0.0025968647
78629,0.0025131183
78630,0.0026879082
78631,0.0023266277
78632,0.001489218
78633,0.0016412245
78634,0.0025106273
78635,0.001932196
78636,0.0015757609
78637,0.0014400571
78638,0.00071590394
78639,0.0009239131
78640,0.0009468752
78641,0.0011309532
78642,0.0011883992
78643,0.00090552267
78644,0.0012258184
78645,0.0013691522
78646,0.0018384941
78647,0.0043584947
78648,0.0066954796
78649,0.008733431
78650,0.009926083
78651,0.008960746
78652,0.0067637926
78653,0.0039034924
78654,0.0018962538
78655,0.0022607609
78656,0.0024303184
78657,0.0025533978
78658,0.003103673
78659,0.003375436
78660,0.003070971
78661,0.0029791687
78662,0.0026817513
78663,0.0024628295
78664,0.0020710258
78665,0.0014198261
78666,0.0015088659
78667,0.002234449
78668,0.0031406707
78669,0.005531995
78670,0.008359863
78671,0.007061799
78672,0.0049720653
78673,0.0039651426
78674,0.0029040147
78675,0.002874632
78676,0.002708435
78677,0.0019873218
78678,0.0016990269
78679,0.0020067482
78680,0.0031475113
78681,0.004890686
78682,0.008508961
78683,0.00747581
78684,0.0041456544
78685,0.0037324275
78686,0.003528065
78687,0.0049680425
78688,0.004452463
78689,0.0018777148
78690,0.0026398476
78691,0.0030331234
78692,0.002214063
78693,0.0019039123
78694,0.0016779465
78695,0.001663558
78696,0.0022342796
78697,0.0025001725
78698,0.0019615707
78699,0.0016678212
78700,0.0015919678
78701,0.001256976
78702,0.001266985
78703,0.0014992295
78704,0.0029099116
78705,0.003465719
78706,0.0019021076
78707,0.0007104765
78708,0.00064195815
78709,0.0006586514
78710,0.00047012177
78711,0.00028931405
78712,0.0005605399
78713,0.00069849595
78714,0.0012933118
78715,0.0017727962
78716,0.0015318373
78717,0.0009140002
78718,0.00061311095
78719,0.0011611979
78720,0.0011263116
78721,0.0007186225
78722,0.0015667032
78723,0.0027800743
78724,0.0023456635
78725,0.0012823966
78726,0.00095474184
78727,0.00095775496
78728,0.0013014548
78729,0.0010590852
78730,0.0007223792
78731,0.0006622209
78732,0.0005446875
78733,0.00045103856
78734,0.00096568366
78735,0.0012691653
78736,0.0008670699
78737,0.00070294016
78738,0.0007284374
78739,0.0013136303
78740,0.0015871525
78741,0.0019283663
78742,0.0019215172
78743,0.0022712157
78744,0.0028461323
78745,0.0038572531
78746,0.004654681
78747,0.0053286995
78748,0.004603181
78749,0.0023347193
78750,0.0018790473
78751,0.0014517317
78752,0.0013111243
78753,0.0010316905
78754,0.001801232
78755,0.0022234549
78756,0.0023523541
78757,0.0022782783
78758,0.0020787406
78759,0.0015602998
78760,0.00069699436
78761,0.0005396415
78762,0.0008148822
78763,0.0014680985
78764,0.0018849855
78765,0.0019524692
78766,0.0016468362
78767,0.0012139372
78768,0.0015598334
78769,0.0014876928
78770,0.0015055059
78771,0.0009387566
78772,0.00050665153
78773,0.0010357166
78774,0.0012511741
78775,0.0013021255
78776,0.0011945546
78777,0.0012537536
78778,0.0014316452
78779,0.0011222474
78780,0.0012730577
78781,0.0010876638
78782,0.0005924951
78783,0.0011982522
78784,0.0018939348
78785,0.0020021165
78786,0.0014577735
78787,0.0010386349
78788,0.0011735139
78789,0.0015290418
78790,0.001801636
78791,0.0016453157
78792,0.0012461396
78793,0.0010997978
78794,0.0011451718
78795,0.0012274556
78796,0.0013016785
78797,0.0014397943
78798,0.0019200019
78799,0.0019126817
78800,0.0018720488
78801,0.0014713065
78802,0.001748014
78803,0.0017253906
78804,0.0013648302
78805,0.0011065253
78806,0.00074974087
78807,0.00089738675
78808,0.00096505054
78809,0.00048660947
78810,0.00056199176
78811,0.0005910688
78812,0.00081584597
78813,0.0010350139
78814,0.00096740003
78815,0.0008577557
78816,0.0011911144
78817,0.0015088273
78818,0.0018440738
78819,0.0014362322
78820,0.0011641766
78821,0.0008549689
78822,0.00088049297
78823,0.0007163916
78824,0.0005033088
78825,0.00066625193
78826,0.001170907
78827,0.0015772746
78828,0.0014971314
78829,0.0019979693
78830,0.0017099718
78831,0.0015528395
78832,0.0016370341
78833,0.0013660452
78834,0.000890452
78835,0.0006276076
78836,0.0008778115
78837,0.0016484084
78838,0.0019021995
78839,0.0015211222
78840,0.0011474569
78841,0.0011324191
78842,0.0013297052
78843,0.0015991
78844,0.002709026
78845,0.0032011108
78846,0.0036085423
78847,0.0031736265
78848,0.0025886032
78849,0.0016163157
78850,0.00143459
78851,0.0016168377
78852,0.0019311865
78853,0.0017967183
78854,0.0015613999
78855,0.0018596483
78856,0.0018049607
78857,0.001022965
78858,0.0011458325
78859,0.0011305929
78860,0.0010918034
78861,0.0018989837
78862,0.002490597
78863,0.0026284566
78864,0.0024252716
78865,0.002291106
78866,0.0010509196
78867,0.0009025932
78868,0.001419949
78869,0.0011385961
78870,0.00046670449
78871,0.0009970017
78872,0.0010357448
78873,0.0015635606
78874,0.0022374168
78875,0.0018577849
78876,0.0018192707
78877,0.0023211297
78878,0.0015368639
78879,0.0010587005
78880,0.0009421298
78881,0.0012687525
78882,0.0019094837
78883,0.0022994748
78884,0.0018333262
78885,0.0011509265
78886,0.0020137555
78887,0.0023726313
78888,0.0018682049
78889,0.001260098
78890,0.0011967454
78891,0.0009901767
78892,0.00058756245
78893,0.00072262087
78894,0.00094874826
78895,0.00123688
78896,0.0005946035
78897,0.0023104977
78898,0.0033490087
78899,0.003903276
78900,0.0046555814
78901,0.0032893398
78902,0.0014872623
78903,0.0007644638
78904,0.0006295522
78905,0.0010825141
78906,0.0010707822
78907,0.0014215673
78908,0.0020373627
78909,0.0018030569
78910,0.0017934109
78911,0.0018939348
78912,0.0018924283
78913,0.0018452413
78914,0.0018050574
78915,0.0026188057
78916,0.0025640896
78917,0.0017908125
78918,0.002332175
78919,0.0020399466
78920,0.0016040428
78921,0.0
78922,0.0015119489
78923,0.0015094059
78924,0.0011493829
78925,0.0010981824
78926,0.001291668
78927,0.0010789054
78928,0.0011612731
78929,0.0015433833
78930,0.0017947573
78931,0.0018884563
78932,0.00194569
78933,0.0016245416
78934,0.001542742
78935,0.0013603875
78936,0.0013562524
78937,0.0008357583
78938,0.0012371858
78939,0.002605927
78940,0.0027679775
78941,0.0019164972
78942,0.002298677
78943,0.0037943795
78944,0.0038000972
78945,0.004737479
78946,0.005343126
78947,0.003670167
78948,0.0030479312
78949,0.0028302278
78950,0.0023254263
78951,0.0021819002
78952,0.0019213657
78953,0.0011369078
78954,0.0012937167
78955,0.0015295557
78956,0.0012246782
78957,0.0012371858
78958,0.001470139
78959,0.0014704755
78960,0.0018750934
78961,0.0027134593
78962,0.0030632755
78963,0.0027349968
78964,0.0025527137
78965,0.0018415942
78966,0.0017212529
78967,0.0023779368
78968,0.0020483895
78969,0.001677322
78970,0.0011597683
78971,0.00085762
78972,0.00091441406
78973,0.00066947663
78974,0.0012462097
78975,0.0011987864
78976,0.0007486143
78977,0.0007907749
78978,0.000964417
78979,0.0017694274
78980,0.0049049826
78981,0.008692794
78982,0.00855843
78983,0.008719894
78984,0.008914176
78985,0.007244599
78986,0.003925418
78987,0.001870758
78988,0.0020004732
78989,0.0021211775
78990,0.002028142
78991,0.0021350721
78992,0.0024794359
78993,0.0027811106
78994,0.0024780857
78995,0.0017676008
78996,0.0017056261
78997,0.0018781641
78998,0.0015011306
78999,0.0016363584
79000,0.0022152325
79001,0.0028011205
79002,0.005877363
79003,0.00843065
79004,0.007794953
79005,0.006913065
79006,0.00567055
79007,0.0037887606
79008,0.0032056714
79009,0.0028099383
79010,0.002406188
79011,0.0020110512
79012,0.0015407222
79013,0.002006197
79014,0.0041877176
79015,0.008121887
79016,0.007444178
79017,0.0042357845
79018,0.00401757
79019,0.0042396374
79020,0.0045225453
79021,0.00380946
79022,0.0018076353
79023,0.0027189027
79024,0.002698628
79025,0.0013690671
79026,0.0012960542
79027,0.001204309
79028,0.001226127
79029,0.0023073717
79030,0.0031890413
79031,0.0025619888
79032,0.002002785
79033,0.001969123
79034,0.0013157997
79035,0.0013489581
79036,0.002041002
79037,0.0027392502
79038,0.003077333
79039,0.0020414442
79040,0.00062047195
79041,0.0008952112
79042,0.0008110158
79043,0.0006485434
79044,0.00048318828
79045,0.0006062369
79046,0.0007126851
79047,0.0012111769
79048,0.0016333142
79049,0.0015764441
79050,0.0011472285
79051,0.00095513806
79052,0.001448862
79053,0.00133954
79054,0.0005935257
79055,0.0014817141
79056,0.002704155
79057,0.0023474991
79058,0.0016506844
79059,0.0011080498
79060,0.0010929757
79061,0.0012779634
79062,0.0011743073
79063,0.00089276955
79064,0.000772455
79065,0.00070186285
79066,0.0005824382
79067,0.0011389283
79068,0.0011838845
79069,0.0005860249
79070,0.00074075884
79071,0.0011016222
79072,0.0012786692
79073,0.0013752182
79074,0.0012816929
79075,0.0013283256
79076,0.0020557079
79077,0.003698077
79078,0.0047331955
79079,0.0054819523
79080,0.0047804657
79081,0.003912176
79082,0.001927083
79083,0.0019867506
79084,0.0018187427
79085,0.0013935711
79086,0.0008219588
79087,0.0018320875
79088,0.0025152022
79089,0.002074031
79090,0.0019558799
79091,0.0012594742
79092,0.0008511136
79093,0.0006269116
79094,0.00050081615
79095,0.00074643403
79096,0.0011337803
79097,0.0011473047
79098,0.00086161506
79099,0.0007738478
79100,0.0008751218
79101,0.0015489174
79102,0.001602754
79103,0.0014694063
79104,0.0011014637
79105,0.00055195915
79106,0.0011496361
79107,0.0012426783
79108,0.0010800108
79109,0.0010746348
79110,0.0010034612
79111,0.0014033939
79112,0.0012663186
79113,0.0012053477
79114,0.0012385964
79115,0.0013327878
79116,0.0018555591
79117,0.0020796503
79118,0.001805557
79119,0.0013145383
79120,0.00072298327
79121,0.0008049644
79122,0.0015035908
79123,0.0016946704
79124,0.0010952633
79125,0.000920315
79126,0.0010668339
79127,0.0014939983
79128,0.0014875755
79129,0.001573284
79130,0.0015336222
79131,0.0021789102
79132,0.0023041277
79133,0.0021033203
79134,0.0016179354
79135,0.0020105157
79136,0.0022241354
79137,0.001991345
79138,0.0015079591
79139,0.0010847969
79140,0.0013629951
79141,0.0012455556
79142,0.0006895639
79143,0.00056442054
79144,0.00053812924
79145,0.00071529386
79146,0.0011776978
79147,0.0008057233
79148,0.00077512546
79149,0.001157055
79150,0.0014078869
79151,0.0015991546
79152,0.0011135257
79153,0.00091396837
79154,0.00089537376
79155,0.0010422155
79156,0.0012277401
79157,0.0012757753
79158,0.0011498386
79159,0.0012314325
79160,0.0013530726
79161,0.0016495732
79162,0.0018367203
79163,0.0019495306
79164,0.0017983213
79165,0.0019158897
79166,0.0016667914
79167,0.0013818896
79168,0.0014042646
79169,0.0014048863
79170,0.0017026888
79171,0.0020035552
79172,0.0018836417
79173,0.0015446274
79174,0.0009162264
79175,0.0011648764
79176,0.0016510899
79177,0.0022397179
79178,0.0024226902
79179,0.0025729956
79180,0.0025712983
79181,0.0024996835
79182,0.0023940015
79183,0.0021980205
79184,0.0022346443
79185,0.002483189
79186,0.0022980187
79187,0.0020228545
79188,0.0013998431
79189,0.0012967726
79190,0.00074428646
79191,0.000563853
79192,0.000831429
79193,0.001608301
79194,0.0023016
79195,0.0022336934
79196,0.001899566
79197,0.0018584272
79198,0.0013354056
79199,0.0007813707
79200,0.0011061307
79201,0.0015074571
79202,0.0010835889
79203,0.00064077834
79204,0.0009363353
79205,0.0010648678
79206,0.0017748963
79207,0.002549725
79208,0.0021814466
79209,0.0017880313
79210,0.0017698552
79211,0.0013830264
79212,0.0010409581
79213,0.00081420335
79214,0.0009080262
79215,0.0021379055
79216,0.0025232427
79217,0.002386891
79218,0.0014084036
79219,0.0016678212
79220,0.0020482899
79221,0.0019806912
79222,0.0012354437
79223,0.0008541856
79224,0.0008736906
79225,0.0011341141
79226,0.0015651233
79227,0.002014839
79228,0.0024828492
79229,0.0023295153
79230,0.0024077722
79231,0.0031291866
79232,0.0032712047
79233,0.0042962637
79234,0.0038949759
79235,0.0026507617
79236,0.0014572344
79237,0.0005090585
79238,0.0008247866
79239,0.0014816944
79240,0.0024020115
79241,0.0025623068
79242,0.0017799232
79243,0.001281284
79244,0.0013411685
79245,0.0015012276
79246,0.0016638378
79247,0.0019991926
79248,0.002983737
79249,0.00268199
79250,0.0024333342
79251,0.0030124518
79252,0.0026969558
79253,0.0021005236
79254,0.0
79255,0.0019382567
79256,0.0012930867
79257,0.0008615137
79258,0.0010899359
79259,0.0011937747
79260,0.0010176881
79261,0.00057524827
79262,0.0011245272
79263,0.0013963251
79264,0.0016446788
79265,0.001470139
79266,0.001158312
79267,0.001049118
79268,0.00088283664
79269,0.0010247558
79270,0.00078271044
79271,0.001468812
79272,0.0028044018
79273,0.003014007
79274,0.001992879
79275,0.0019598934
79276,0.0034009903
79277,0.0040521855
79278,0.0039340165
79279,0.0039175213
79280,0.0030041703
79281,0.0028085085
79282,0.0024276346
79283,0.0020937233
79284,0.0022003497
79285,0.0024047727
79286,0.002068312
79287,0.0017598287
79288,0.0017927941
79289,0.0012256047
79290,0.0010052867
79291,0.0009220842
79292,0.0010787705
79293,0.0017243951
79294,0.0026292868
79295,0.0031128584
79296,0.0028152051
79297,0.002918919
79298,0.002294825
79299,0.0018704468
79300,0.0021438191
79301,0.0021812064
79302,0.0018765519
79303,0.001482794
79304,0.0016138108
79305,0.0016329756
79306,0.0011476851
79307,0.0012666404
79308,0.0011265699
79309,0.0008110158
79310,0.0007357917
79311,0.00067845866
79312,0.0022298985
79313,0.0060205497
79314,0.009696165
79315,0.008129917
79316,0.007526845
79317,0.008065912
79318,0.006895669
79319,0.003765112
79320,0.0014497858
79321,0.0012386669
79322,0.0013569173
79323,0.0016410471
79324,0.0016943441
79325,0.0016924364
79326,0.0023348066
79327,0.002599833
79328,0.0022490155
79329,0.0020377198
79330,0.0021985897
79331,0.002004412
79332,0.0021060861
79333,0.00211861
79334,0.0021707336
79335,0.004707089
79336,0.0065297857
79337,0.0068991664
79338,0.007794262
79339,0.007683073
79340,0.0068754265
79341,0.005863625
79342,0.0038943407
79343,0.002829405
79344,0.0023205527
79345,0.0016702799
79346,0.0008138458
79347,0.0034514642
79348,0.0071775126
79349,0.0070316824
79350,0.004357333
79351,0.0038107813
79352,0.0038595386
79353,0.0035137567
79354,0.0032120838
79355,0.0023128141
79356,0.0023654199
79357,0.0019441488
79358,0.0010527459
79359,0.0010385789
79360,0.00087458955
79361,0.001490058
79362,0.0027741008
79363,0.003246054
79364,0.002772453
79365,0.0026830423
79366,0.0024115164
79367,0.0014173846
79368,0.0013328969
79369,0.002725403
79370,0.0028737409
79371,0.002454152
79372,0.0018965147
79373,0.0006210346
79374,0.0010267702
79375,0.00092580117
79376,0.00059942965
79377,0.0005986037
79378,0.0010547345
79379,0.0014276756
79380,0.0018333262
79381,0.0020913032
79382,0.0020870822
79383,0.0015397207
79384,0.0008649863
79385,0.0013467988
79386,0.0014042853
79387,0.0013590177
79388,0.0018018782
79389,0.0021888386
79390,0.0017475811
79391,0.0016280492
79392,0.0013430985
79393,0.0010626243
79394,0.0012348547
79395,0.0010536301
79396,0.0006976621
79397,0.00071700074
79398,0.0007202003
79399,0.0005768145
79400,0.0009260212
79401,0.0008722237
79402,0.00072903646
79403,0.0009219264
79404,0.00126811
79405,0.0010576278
79406,0.0010289788
79407,0.0011378545
79408,0.0011786118
79409,0.0017742895
79410,0.0030398518
79411,0.003403762
79412,0.0034448386
79413,0.0018511465
79414,0.0019546147
79415,0.0018918745
79416,0.0018294964
79417,0.0014247575
79418,0.0010688506
79419,0.00060426537
79420,0.0019005004
79421,0.0026057593
79422,0.0016921955
79423,0.0012803979
79424,0.00072663726
79425,0.0007026917
79426,0.001009274
79427,0.00084864796
79428,0.0008041324
79429,0.00074538053
79430,0.00072068506
79431,0.000532912
79432,0.00068939506
79433,0.0009429635
79434,0.0015581532
79435,0.0014273494
79436,0.0008998159
79437,0.0013439866
79438,0.00078963314
79439,0.0012898868
79440,0.0012488692
79441,0.00075850147
79442,0.00077041774
79443,0.0008026108
79444,0.0011920669
79445,0.0015942879
79446,0.0016491144
79447,0.0016020639
79448,0.0019457798
79449,0.0019013424
79450,0.0016518476
79451,0.0010677337
79452,0.001119131
79453,0.0010045917
79454,0.00089660805
79455,0.0016013916
79456,0.0018030407
79457,0.0013241561
79458,0.0011532253
79459,0.0011042609
79460,0.0010506981
79461,0.00093144254
79462,0.0010579305
79463,0.0013529436
79464,0.0021084754
79465,0.0020487162
79466,0.0014917174
79467,0.0011727945
79468,0.0009909406
79469,0.001296638
79470,0.0016076675
79471,0.0014093538
79472,0.0011894762
79473,0.0013660452
79474,0.00140136
79475,0.001178513
79476,0.00072967494
79477,0.0005769154
79478,0.000732978
79479,0.0010131882
79480,0.0007315074
79481,0.0008672377
79482,0.0009935218
79483,0.001286724
79484,0.0013175679
79485,0.0011841302
79486,0.0011527204
79487,0.0013636142
79488,0.0012633504
79489,0.0014641482
79490,0.0015167152
79491,0.0014065426
79492,0.001321582
79493,0.0011737123
79494,0.001469644
79495,0.0014730463
79496,0.0015510392
79497,0.0009880876
79498,0.0013424483
79499,0.0011967696
79500,0.0013276023
79501,0.0013409299
79502,0.0015632442
79503,0.002010834
79504,0.00244837
79505,0.0022654934
79506,0.0015770717
79507,0.00093977916
79508,0.0013080129
79509,0.001464009
79510,0.0013783468
79511,0.0016293536
79512,0.0022937087
79513,0.0028816496
79514,0.003216964
79515,0.0028938646
79516,0.002258275
79517,0.0017220137
79518,0.0015049259
79519,0.0013099472
79520,0.0012620596
79521,0.0009875867
79522,0.0010335507
79523,0.00092831266
79524,0.0009714829
79525,0.001386893
79526,0.0016663374
79527,0.0018001329
79528,0.001414754
79529,0.0013275804
79530,0.0018166932
79531,0.0013681102
79532,0.00056735205
79533,0.0010516394
79534,0.0014786664
79535,0.0010284978
79536,0.00047283786
79537,0.0004114218
79538,0.000615858
79539,0.0015879041
79540,0.002541585
79541,0.0022617006
79542,0.0019417221
79543,0.0016089703
79544,0.0013311271
79545,0.0014727301
79546,0.001840962
79547,0.0022512274
79548,0.002963929
79549,0.0027468363
79550,0.0023293155
79551,0.0016354155
79552,0.0013129654
79553,0.0019167706
79554,0.0022476953
79555,0.002260117
79556,0.003329809
79557,0.004297781
79558,0.004421864
79559,0.0037127256
79560,0.0030008457
79561,0.0030880205
79562,0.0031665205
79563,0.0025016156
79564,0.0020769758
79565,0.0023927246
79566,0.0034952203
79567,0.0038166803
79568,0.0036922486
79569,0.0025139058
79570,0.00065834203
79571,0.00097061374
79572,0.0016672278
79573,0.0024586546
79574,0.0021628896
79575,0.0009530027
79576,0.001081465
79577,0.0007099028
79578,0.00086370675
79579,0.00095903035
79580,0.0015175209
79581,0.0026053013
79582,0.0025402906
79583,0.0028900204
79584,0.0031990279
79585,0.0030268126
79586,0.002386184
79587,0.0
79588,0.0020261465
79589,0.00089172577
79590,0.00046206676
79591,0.0008029009
79592,0.0010773396
79593,0.0009026254
79594,0.0007953255
79595,0.0010736865
79596,0.0014434888
79597,0.0016855265
79598,0.0012429359
79599,0.00072048313
79600,0.0005579378
79601,0.0006802152
79602,0.0008799639
79603,0.0010428855
79604,0.0014282463
79605,0.0025933096
79606,0.0031986549
79607,0.0028820839
79608,0.002554264
79609,0.0030622303
79610,0.0036690012
79611,0.0030283506
79612,0.0024557645
79613,0.002406055
79614,0.0024879314
79615,0.002171404
79616,0.001712132
79617,0.0017325614
79618,0.001982527
79619,0.0022285408
79620,0.0019173627
79621,0.0018991369
79622,0.001053271
79623,0.00084286684
79624,0.00085203635
79625,0.0009811117
79626,0.00078360236
79627,0.0020072558
79628,0.002821298
79629,0.0032038733
79630,0.0035696682
79631,0.002469238
79632,0.0018523567
79633,0.001986941
79634,0.0022875338
79635,0.0020779704
79636,0.0020491139
79637,0.0022288933
79638,0.0025455095
79639,0.0022076915
79640,0.0017296865
79641,0.0012998885
79642,0.0008099744
79643,0.0005104857
79644,0.00085840013
79645,0.005419486
79646,0.008319931
79647,0.009462341
79648,0.008289062
79649,0.0078914575
79650,0.0075918036
79651,0.0054568043
79652,0.0031092754
79653,0.00068753504
79654,0.00076674466
79655,0.00068939506
79656,0.00097393634
79657,0.0009185423
79658,0.0013028629
79659,0.0018096467
79660,0.0023128644
79661,0.0021859647
79662,0.001979251
79663,0.0021951983
79664,0.001938647
79665,0.002072543
79666,0.0020213432
79667,0.0018469911
79668,0.0041798777
79669,0.0061349063
79670,0.006678619
79671,0.0074117165
79672,0.007906217
79673,0.008445485
79674,0.007769309
79675,0.004598342
79676,0.0033664827
79677,0.0034696553
79678,0.0027680933
79679,0.0015554987
79680,0.0030402157
79681,0.005692132
79682,0.0053973044
79683,0.003263687
79684,0.0026665798
79685,0.0031237223
79686,0.0030139198
79687,0.0030638266
79688,0.00251357
79689,0.001776224
79690,0.0015999005
79691,0.0010078601
79692,0.0008153464
79693,0.0009384155
79694,0.0019607693
79695,0.0029928822
79696,0.0033109374
79697,0.0030532642
79698,0.0027265453
79699,0.0018659602
79700,0.00071777153
79701,0.001136447
79702,0.0026744374
79703,0.003460475
79704,0.0026149575
79705,0.0014257581
79706,0.00043641203
79707,0.0009862892
79708,0.00084234873
79709,0.00076034106
79710,0.0011455022
79711,0.0015945617
79712,0.001677322
79713,0.0017132196
79714,0.0016884076
79715,0.0014853238
79716,0.0008727574
79717,0.00062402664
79718,0.0011320335
79719,0.001079283
79720,0.0012938293
79721,0.0013299898
79722,0.0013871867
79723,0.0009090192
79724,0.0012122337
79725,0.0011706336
79726,0.00094404316
79727,0.0011523165
79728,0.0009825049
79729,0.00057958293
79730,0.0008130229
79731,0.0006069566
79732,0.00056380144
79733,0.0007155786
79734,0.00055500894
79735,0.0007421719
79736,0.001030618
79737,0.001329749
79738,0.0009774264
79739,0.00095077074
79740,0.0012000967
79741,0.0015330528
79742,0.0018780092
79743,0.0020024653
79744,0.0019414374
79745,0.001816565
79746,0.002022135
79747,0.0019185159
79748,0.0015395316
79749,0.001066561
79750,0.0008908768
79751,0.0008284834
79752,0.0006586514
79753,0.001721946
79754,0.0024649794
79755,0.0017654096
79756,0.0010190883
79757,0.00089358416
79758,0.00084369513
79759,0.0010476467
79760,0.0009802807
79761,0.0007271978
79762,0.0007110907
79763,0.0007261965
79764,0.0007514857
79765,0.001022965
79766,0.0009538574
79767,0.0015966776
79768,0.001559852
79769,0.00069108163
79770,0.0011916518
79771,0.0007228222
79772,0.0011490791
79773,0.0014068943
79774,0.00071777153
79775,0.0007703044
79776,0.0011910166
79777,0.0014449195
79778,0.0018553395
79779,0.0015937219
79780,0.0014428635
79781,0.0015024485
79782,0.0010185456
79783,0.0008506347
79784,0.0007300338
79785,0.0010607328
79786,0.0010145374
79787,0.0008393721
79788,0.0014752771
79789,0.0014709109
79790,0.0009799243
79791,0.0008370458
79792,0.0011042873
79793,0.0011908456
79794,0.0013507907
79795,0.0015929182
79796,0.0017516565
79797,0.0020041217
79798,0.0018456829
79799,0.0012271473
79800,0.00077527564
79801,0.00060170726
79802,0.0007873077
79803,0.0014154327
79804,0.0013285447
79805,0.0012104077
79806,0.0010313237
79807,0.0015602811
79808,0.002062337
79809,0.002202227
79810,0.0017573297
79811,0.0012112249
79812,0.001063774
79813,0.0009314113
79814,0.00092715194
79815,0.0011883257
79816,0.0014106955
79817,0.0012010179
79818,0.0010723575
79819,0.0015011112
79820,0.0016650618
79821,0.0015557793
79822,0.0012623824
79823,0.0009817048
79824,0.0008014133
79825,0.0010245853
79826,0.00079944986
79827,0.00085853576
79828,0.00085244613
79829,0.00087761256
79830,0.0009429944
79831,0.0012508718
79832,0.00078129617
79833,0.0009107785
79834,0.0008661295
79835,0.0011371381
79836,0.001787836
79837,0.0022521708
79838,0.0027469741
79839,0.0022190786
79840,0.0014223246
79841,0.0016953229
79842,0.0017520053
79843,0.0014062321
79844,0.0015024485
79845,0.0017231964
79846,0.0020070528
79847,0.0023363144
79848,0.0022795554
79849,0.0018273793
79850,0.0012293983
79851,0.0006692592
79852,0.0008727574
79853,0.0008891764
79854,0.0007453415
79855,0.00076293945
79856,0.00070111605
79857,0.00094816525
79858,0.0015090781
79859,0.0015453056
79860,0.0012911947
79861,0.0014178979
79862,0.0012435679
79863,0.0014224474
79864,0.0013206347
79865,0.0006991623
79866,0.00085503695
79867,0.0014254723
79868,0.0014299366
79869,0.0010500886
79870,0.00062178395
79871,0.0006203782
79872,0.0018813072
79873,0.0029076203
79874,0.0020041796
79875,0.0015398341
79876,0.0011423983
79877,0.0010741743
79878,0.0010922832
79879,0.0018803633
79880,0.0022526102
79881,0.0025863084
79882,0.0020658197
79883,0.0015686896
79884,0.0013880886
79885,0.00097229145
79886,0.0015105624
79887,0.0028016192
79888,0.0042464077
79889,0.0046820184
79890,0.004767462
79891,0.004403661
79892,0.0036267561
79893,0.0024715823
79894,0.0018163087
79895,0.0023420376
79896,0.0020410162
79897,0.0017689833
79898,0.0010910834
79899,0.0018983246
79900,0.0031483988
79901,0.003885692
79902,0.00296806
79903,0.0013529221
79904,0.0012741545
79905,0.0018617911
79906,0.0021469123
79907,0.0015256881
79908,0.0013525778
79909,0.0016098203
79910,0.0011790069
79911,0.0012120416
79912,0.0008373239
79913,0.0012377972
79914,0.0020593854
79915,0.002059555
79916,0.0024491902
79917,0.0025040924
79918,0.002897513
79919,0.0027212992
79920,0.0
79921,0.002049341
79922,0.00078058813
79923,0.0004695643
79924,0.0006209409
79925,0.0008375324
79926,0.0010066465
79927,0.0013648516
79928,0.0016225339
79929,0.001674752
79930,0.0015820833
79931,0.0011121919
79932,0.0006247724
79933,0.00048330874
79934,0.00069351995
79935,0.0010221396
79936,0.0016095492
79937,0.001832421
79938,0.0021108068
79939,0.0026783738
79940,0.0033862395
79941,0.0030851727
79942,0.002457281
79943,0.0029838444
79944,0.0026754818
79945,0.0020541498
79946,0.0026522106
79947,0.002965215
79948,0.0027178854
79949,0.0018560609
79950,0.0016610367
79951,0.001977147
79952,0.0020897996
79953,0.0016808406
79954,0.0013131871
79955,0.001111747
79956,0.001160245
79957,0.0010418245
79958,0.00078952254
79959,0.0006939814
79960,0.0012660888
79961,0.0018298781
79962,0.0029848001
79963,0.003472967
79964,0.0025123886
79965,0.0017560705
79966,0.0017397194
79967,0.0020629861
79968,0.0021862576
79969,0.0018648837
79970,0.0016704716
79971,0.0020142035
79972,0.0018655391
79973,0.001515813
79974,0.000989765
79975,0.00057042163
79976,0.00032134156
79977,0.0009812006
79978,0.007042762
79979,0.009951656
79980,0.008765909
79981,0.008057454
79982,0.008233542
79983,0.0062373322
79984,0.0028247826
79985,0.0021182254
79986,0.0008342944
79987,0.000773923
79988,0.0006909974
79989,0.0010352951
79990,0.001075041
79991,0.0012881934
79992,0.0011282737
79993,0.0014122213
79994,0.0013704695
79995,0.0014113348
79996,0.0016267794
79997,0.0012613445
79998,0.0018019106
79999,0.0019512316
80000,0.0020792026
80001,0.0038376234
80002,0.0054309876
80003,0.0059980243
80004,0.006001764
80005,0.0061349915
80006,0.0075216116
80007,0.008648157
80008,0.0068504782
80009,0.004695618
80010,0.004468885
80011,0.004121448
80012,0.0028046404
80013,0.0028911983
80014,0.0049222484
80015,0.004274858
80016,0.0017458982
80017,0.0016175936
80018,0.0022430809
80019,0.0021406945
80020,0.001997299
80021,0.001961526
80022,0.0016159915
80023,0.001740656
80024,0.0014093951
80025,0.0013678549
80026,0.0018704935
80027,0.0025040458
80028,0.0028930097
80029,0.002649982
80030,0.0025404966
80031,0.0025464697
80032,0.0016789522
80033,0.00054650113
80034,0.0014417133
80035,0.003018349
80036,0.003511677
80037,0.0024292525
80038,0.0011399755
80039,0.0004601733
80040,0.00086272904
80041,0.00097560836
80042,0.0013965752
80043,0.0018174781
80044,0.0019221533
80045,0.0015992637
80046,0.0010618571
80047,0.00091441406
80048,0.0008328979
80049,0.00043547738
80050,0.00059733825
80051,0.00091733754
80052,0.00091227907
80053,0.00093453075
80054,0.0007552715
80055,0.001132676
80056,0.00091326755
80057,0.00076114445
80058,0.00076438766
80059,0.0008069144
80060,0.000998839
80061,0.0009456141
80062,0.00071456115
80063,0.00094413565
80064,0.00065230206
80065,0.00080550654
80066,0.00097058376
80067,0.0011158495
80068,0.0013346644
80069,0.0010334662
80070,0.0012521507
80071,0.0009946343
80072,0.0005541693
80073,0.0011997572
80074,0.0016510369
80075,0.0018637597
80076,0.0018770016
80077,0.0019352512
80078,0.0018796822
80079,0.0018770327
80080,0.0014743694
80081,0.00095147453
80082,0.00087761256
80083,0.00091565447
80084,0.0008807243
80085,0.0009330971
80086,0.0013049387
80087,0.0018906742
80088,0.0018749537
80089,0.0014433073
80090,0.0012645246
80091,0.0008427632
80092,0.00084981316
80093,0.0007547319
80094,0.00079044356
80095,0.0011561742
80096,0.0011140222
80097,0.0011275512
80098,0.001248776
80099,0.00084765285
80100,0.0016657958
80101,0.0017173256
80102,0.0009468752
80103,0.0013006496
80104,0.0009213264
80105,0.0012012603
80106,0.0015362767
80107,0.0011610475
80108,0.0014799649
80109,0.0015560973
80110,0.0013156227
80111,0.0015526334
80112,0.0014261866
80113,0.000985315
80114,0.00092432246
80115,0.00070965674
80116,0.0007081788
80117,0.0007486532
80118,0.0012640182
80119,0.0014679399
80120,0.0014097875
80121,0.0013101028
80122,0.00097160274
80123,0.0009443206
80124,0.0012931317
80125,0.00189834
80126,0.0019777503
80127,0.0020117746
80128,0.0017724842
80129,0.0016862515
80130,0.0019953456
80131,0.0018133579
80132,0.0012362209
80133,0.00075907685
80134,0.00074697967
80135,0.0012118735
80136,0.0015116023
80137,0.0015186137
80138,0.0012495448
80139,0.001096193
80140,0.0015856114
80141,0.001759531
80142,0.0021132184
80143,0.002158849
80144,0.0015992637
80145,0.00055939646
80146,0.0006653777
80147,0.0006362659
80148,0.0009612432
80149,0.0012977822
80150,0.0012145124
80151,0.000896121
80152,0.0013679613
80153,0.0014637307
80154,0.0012473302
80155,0.0013106581
80156,0.0008849769
80157,0.0006297833
80158,0.000713379
80159,0.0008212858
80160,0.00079470314
80161,0.00083958014
80162,0.0010105997
80163,0.0013238264
80164,0.0013210094
80165,0.0009719022
80166,0.000871055
80167,0.0005228223
80168,0.00052137295
80169,0.00093337777
80170,0.001681585
80171,0.0027629682
80172,0.0024576127
80173,0.0019577835
80174,0.0016514247
80175,0.0017791872
80176,0.0014707723
80177,0.0013429468
80178,0.0013102583
80179,0.0012304868
80180,0.0015376401
80181,0.0022705493
80182,0.002296207
80183,0.0015561159
80184,0.00089488603
80185,0.00089719216
80186,0.00087777834
80187,0.0010008765
80188,0.00093577564
80189,0.0006787589
80190,0.0012173129
80191,0.0016603358
80192,0.0013378443
80193,0.0012139132
80194,0.0016255624
80195,0.0014198056
80196,0.0011331384
80197,0.0010167438
80198,0.0009866727
80199,0.0014112524
80200,0.0020052104
80201,0.0021733197
80202,0.0017934595
80203,0.00094361143
80204,0.00069970323
80205,0.001923122
80206,0.0031146344
80207,0.0022044198
80208,0.0013999679
80209,0.0008857658
80210,0.000697537
80211,0.0010445864
80212,0.0016429259
80213,0.0019188648
80214,0.0017162408
80215,0.0015965682
80216,0.0011936041
80217,0.0010298269
80218,0.00075195025
80219,0.0009909406
80220,0.0038086881
80221,0.005176863
80222,0.004050188
80223,0.0020446635
80224,0.0012432402
80225,0.0016823983
80226,0.0011699372
80227,0.00076145027
80228,0.0013278215
80229,0.0014713659
80230,0.00130759
80231,0.0007482643
80232,0.0010785547
80233,0.0022780867
80234,0.003658953
80235,0.0031568366
80236,0.0014068943
80237,0.0014318485
80238,0.0015529145
80239,0.0014066047
80240,0.0008943004
80241,0.0011240871
80242,0.0014045754
80243,0.0011060517
80244,0.001610995
80245,0.0014325598
80246,0.0009822679
80247,0.0011229992
80248,0.0015692275
80249,0.0020938206
80250,0.0025103027
80251,0.0026504544
80252,0.0023192982
80253,0.0
80254,0.001829194
80255,0.001008322
80256,0.0006851604
80257,0.0007783104
80258,0.0007602262
80259,0.0010059524
80260,0.0013369521
80261,0.0013267032
80262,0.0010200018
80263,0.000868981
80264,0.0006899858
80265,0.00066947663
80266,0.0005894911
80267,0.0009773073
80268,0.0015459646
80269,0.00207734
80270,0.0018928588
80271,0.0018870996
80272,0.0022444169
80273,0.0031336758
80274,0.003220409
80275,0.002655095
80276,0.0022560959
80277,0.0019274151
80278,0.0020471672
80279,0.002214247
80280,0.0028278616
80281,0.002945964
80282,0.0023641277
80283,0.0021900083
80284,0.0023943903
80285,0.0021526387
80286,0.0018567507
80287,0.0019982024
80288,0.0018400607
80289,0.0013183629
80290,0.00087072083
80291,0.0006068127
80292,0.0007692458
80293,0.0010329592
80294,0.0014382977
80295,0.0028204212
80296,0.0032874458
80297,0.0025702117
80298,0.001840709
80299,0.0016325478
80300,0.0018910897
80301,0.0022310598
80302,0.0015108899
80303,0.0013327223
80304,0.001372655
80305,0.0013537607
80306,0.0009995671
80307,0.00079044356
80308,0.000619768
80309,0.00085547933
80310,0.003854083
80311,0.008494542
80312,0.009643299
80313,0.0070867385
80314,0.007511475
80315,0.007237525
80316,0.0042769886
80317,0.0016369452
80318,0.00091304444
80319,0.0008891109
80320,0.00096827204
80321,0.0011269574
80322,0.0013426217
80323,0.0014113348
80324,0.0014173846
80325,0.0010049972
80326,0.0010678972
80327,0.0009406149
80328,0.0011817437
80329,0.0012105039
80330,0.00093175494
80331,0.0013879208
80332,0.0015862354
80333,0.0016979988
80334,0.0020111813
80335,0.004232155
80336,0.005566599
80337,0.0069591203
80338,0.0070664547
80339,0.0075768414
80340,0.0098066125
80341,0.008331638
80342,0.0046843113
80343,0.0048439866
80344,0.004762686
80345,0.0043510767
80346,0.0042592185
80347,0.0046038325
80348,0.0031038043
80349,0.0011315964
80350,0.0014627362
80351,0.0015758902
80352,0.001400051
80353,0.00096426613
80354,0.0015086923
80355,0.0016752038
80356,0.0018784895
80357,0.0017405557
80358,0.0017008246
80359,0.0021291343
80360,0.0021426105
80361,0.0020055731
80362,0.0028501074
80363,0.0026657064
80364,0.001996833
80365,0.0018702757
80366,0.0010982619
80367,0.001966002
80368,0.003042522
80369,0.0030868892
80370,0.0025322924
80371,0.00152248
80372,0.00062542426
80373,0.0008393374
80374,0.0014542955
80375,0.001994864
80376,0.0020841658
80377,0.0017746503
80378,0.0012878318
80379,0.00087352406
80380,0.00083478267
80381,0.0009006241
80382,0.0005722046
80383,0.00082390395
80384,0.0009922027
80385,0.0009950439
80386,0.0010425785
80387,0.0007678067
80388,0.0011356784
80389,0.0009581803
80390,0.0006611653
80391,0.00074526336
80392,0.0009490243
80393,0.00086800917
80394,0.00066032837
80395,0.00086272904
80396,0.0011387239
80397,0.0010259763
80398,0.001192482
80399,0.0011632012
80400,0.0012722801
80401,0.0015071096
80402,0.0012547977
80403,0.0010777178
80404,0.0008673719
80405,0.00080601225
80406,0.0010788244
80407,0.001297558
80408,0.001411706
80409,0.0012468868
80410,0.0016796801
80411,0.0016460054
80412,0.0011835402
80413,0.0009950731
80414,0.001017259
80415,0.00079345703
80416,0.00065926975
80417,0.00079025945
80418,0.00079025945
80419,0.0008375324
80420,0.0015403443
80421,0.0018415152
80422,0.0016523233
80423,0.0011866591
80424,0.00087625184
80425,0.0007491584
80426,0.0010015742
80427,0.0013252107
80428,0.0014290612
80429,0.0009774561
80430,0.0011602702
80431,0.0013471013
80432,0.0010869411
80433,0.0018107079
80434,0.0016132336
80435,0.0007180148
80436,0.00092677516
80437,0.00071927026
80438,0.0010760963
80439,0.0014391271
80440,0.0010277053
80441,0.0011766347
80442,0.0011443838
80443,0.0012385495
80444,0.001297558
80445,0.0009559604
80446,0.000750827
80447,0.000742015
80448,0.0008758864
80449,0.0010186884
80450,0.0014240833
80451,0.0016708549
80452,0.0015027971
80453,0.001054762
80454,0.00088734156
80455,0.0006748026
80456,0.0008014133
80457,0.0015303546
80458,0.001920199
80459,0.0016362517
80460,0.0015993365
80461,0.0013127659
80462,0.0014395315
80463,0.0016234663
80464,0.001434103
80465,0.001202229
80466,0.00081623823
80467,0.0011861194
80468,0.0014162754
80469,0.0013295081
80470,0.0010412657
80471,0.000979954
80472,0.0012448076
80473,0.0015566208
80474,0.0011447652
80475,0.0011451718
80476,0.0022293765
80477,0.0018917514
80478,0.0012176714
80479,0.0008989421
80480,0.00075307186
80481,0.0010669157
80482,0.0015423459
80483,0.0014618406
80484,0.0012402402
80485,0.0016175396
80486,0.0015926259
80487,0.0011001418
80488,0.0016171617
80489,0.0016214394
80490,0.0012091567
80491,0.00067682663
80492,0.0007792447
80493,0.000699412
80494,0.0006719933
80495,0.00091939745
80496,0.0010534368
80497,0.0008218526
80498,0.0009894122
80499,0.0009189858
80500,0.0005894911
80501,0.00072743784
80502,0.0006099223
80503,0.0006705192
80504,0.0016728394
80505,0.0018351034
80506,0.0018858036
80507,0.0017218615
80508,0.0016749953
80509,0.0012084345
80510,0.0010482577
80511,0.0011121397
80512,0.00091759133
80513,0.0010260898
80514,0.002730151
80515,0.0032422233
80516,0.0020539656
80517,0.00096682826
80518,0.000834957
80519,0.0008183748
80520,0.0009020771
80521,0.00073519815
80522,0.00094008876
80523,0.001364105
80524,0.001551058
80525,0.0016385446
80526,0.0015497252
80527,0.0020292182
80528,0.0016884076
80529,0.00090991525
80530,0.0010237898
80531,0.0013935294
80532,0.0019085689
80533,0.0020358337
80534,0.0023835478
80535,0.0020025235
80536,0.0016148204
80537,0.001162175
80538,0.0018424001
80539,0.0029648126
80540,0.0022041292
80541,0.0014182468
80542,0.0009639039
80543,0.0008692824
80544,0.0012876736
80545,0.0017027571
80546,0.0018346751
80547,0.0013052733
80548,0.0011466957
80549,0.00082767505
80550,0.00078271044
80551,0.001441996
80552,0.001652517
80553,0.004135899
80554,0.005087445
80555,0.0032647392
80556,0.002731856
80557,0.003081416
80558,0.003048905
80559,0.002453239
80560,0.0017537819
80561,0.0012757981
80562,0.00079003844
80563,0.0011523417
80564,0.0007185821
80565,0.00077636354
80566,0.0019749966
80567,0.003098868
80568,0.002862223
80569,0.0018271086
80570,0.001574486
80571,0.0016316919
80572,0.0016139371
80573,0.00094178994
80574,0.0013888432
80575,0.0014144864
80576,0.0008423833
80577,0.0014489624
80578,0.001794968
80579,0.0014156793
80580,0.00093368953
80581,0.0010481189
80582,0.0013065436
80583,0.001981602
80584,0.0024429318
80585,0.00210773
80586,0.0
80587,0.0020304082
80588,0.0010876906
80589,0.0008632686
80590,0.0007002853
80591,0.0003129912
80592,0.0006063329
80593,0.00095208606
80594,0.0008800301
80595,0.000733613
80596,0.0009939611
80597,0.0010377099
80598,0.0011254844
80599,0.0013167945
80600,0.0014497456
80601,0.0017973338
80602,0.0017979328
80603,0.0013188265
80604,0.0013648089
80605,0.0016745261
80606,0.0022206781
80607,0.0027317067
80608,0.0028764638
80609,0.00202764
80610,0.0014961591
80611,0.0014682373
80612,0.0012087957
80613,0.002141768
80614,0.0026024736
80615,0.0019232582
80616,0.0015314573
80617,0.0017702661
80618,0.0018852017
80619,0.0021303506
80620,0.0028149467
80621,0.0021767854
80622,0.00085795927
80623,0.0006926381
80624,0.00063882227
80625,0.000832863
80626,0.001256814
80627,0.0015281279
80628,0.002471865
80629,0.002526067
80630,0.0025237848
80631,0.002516139
80632,0.0022212022
80633,0.0021434934
80634,0.0022726378
80635,0.0016481611
80636,0.0014828529
80637,0.0012744515
80638,0.0010484243
80639,0.00090426835
80640,0.0007480309
80641,0.00090168987
80642,0.003524029
80643,0.0053212387
80644,0.008348541
80645,0.009991615
80646,0.008665179
80647,0.007014576
80648,0.0057088165
80649,0.003664048
80650,0.0013232107
80651,0.00093459303
80652,0.0009228414
80653,0.0007368194
80654,0.0010279884
80655,0.0011289442
80656,0.001240334
80657,0.0009759365
80658,0.0008791036
80659,0.00089459325
80660,0.001110778
80661,0.0010723846
80662,0.00082008005
80663,0.0006804718
80664,0.00095805875
80665,0.0011065516
80666,0.0015260315
80667,0.0022669062
80668,0.0036208532
80669,0.004601499
80670,0.0067644166
80671,0.0069769803
80672,0.0061450168
80673,0.008974935
80674,0.009187603
80675,0.0068056295
80676,0.0063459594
80677,0.005480938
80678,0.0053967005
80679,0.0047949757
80680,0.0043457355
80681,0.00283067
80682,0.0012333454
80683,0.0015477708
80684,0.0012237986
80685,0.0014923805
80686,0.0017217939
80687,0.001876831
80688,0.0015711552
80689,0.0012809206
80690,0.0014491633
80691,0.0013550716
80692,0.0015144108
80693,0.0013421664
80694,0.0014006953
80695,0.0027546235
80696,0.0025288537
80697,0.0016373718
80698,0.002003715
80699,0.0011681946
80700,0.001949829
80701,0.0030121715
80702,0.0028472263
80703,0.0024262555
80704,0.0015685597
80705,0.0011041028
80706,0.0013780934
80707,0.0017628524
80708,0.0020028867
80709,0.0017896907
80710,0.0012893225
80711,0.0011441039
80712,0.0009925253
80713,0.00075688824
80714,0.0009936976
80715,0.0011032854
80716,0.00131812
80717,0.0011758181
80718,0.0011523922
80719,0.0013156227
80720,0.00077102194
80721,0.0010045917
80722,0.00093453075
80723,0.0009952486
80724,0.0011057622
80725,0.0010464515
80726,0.0007101487
80727,0.0006215967
80728,0.0010164862
80729,0.0013792544
80730,0.0011813496
80731,0.00094945356
80732,0.00086797564
80733,0.0011305929
80734,0.001815876
80735,0.0015367502
80736,0.0008081758
80737,0.0007183795
80738,0.0007816686
80739,0.0011566022
80740,0.0014970342
80741,0.0017761585
80742,0.0016458286
80743,0.002130132
80744,0.0019303273
80745,0.0012271473
80746,0.0013521474
80747,0.0013602378
80748,0.0008093993
80749,0.0007451462
80750,0.0008818471
80751,0.0006850755
80752,0.0006770846
80753,0.000980162
80754,0.0013118344
80755,0.0013715945
80756,0.0008475499
80757,0.00090004224
80758,0.0011433406
80759,0.0013683655
80760,0.0012291851
80761,0.0010074268
80762,0.00075225986
80763,0.00091444585
80764,0.0010012254
80765,0.0010926295
80766,0.0019313823
80767,0.0015520334
80768,0.0005740327
80769,0.00077748735
80770,0.0008486137
80771,0.0009024642
80772,0.0010739033
80773,0.00061334827
80774,0.00085873913
80775,0.0011828515
80776,0.0015072254
80777,0.0014078869
80778,0.0011624002
80779,0.000800214
80780,0.000853538
80781,0.0013211856
80782,0.0016551039
80783,0.0016208469
80784,0.0014053626
80785,0.0007755384
80786,0.00045629902
80787,0.0005719502
80788,0.0009354335
80789,0.0013756414
80790,0.0015905962
80791,0.0015787502
80792,0.0013292017
80793,0.0012982979
80794,0.0014125716
80795,0.0010978908
80796,0.0013084356
80797,0.0008805921
80798,0.0005966557
80799,0.0007355148
80800,0.0012880578
80801,0.001758174
80802,0.0016249894
80803,0.0010279034
80804,0.0008602967
80805,0.0010329029
80806,0.0012685689
80807,0.0009883232
80808,0.0007362662
80809,0.0019223198
80810,0.0018407565
80811,0.0012711359
80812,0.0010277901
80813,0.0010373732
80814,0.0011492562
80815,0.0015740978
80816,0.0017861584
80817,0.0017140857
80818,0.0019452263
80819,0.0018570799
80820,0.0009824752
80821,0.0012672147
80822,0.0016951169
80823,0.0014030827
80824,0.00076655485
80825,0.00090333447
80826,0.0009931115
80827,0.00082619686
80828,0.00069949526
80829,0.00062927476
80830,0.0006120658
80831,0.0009468752
80832,0.00083478267
80833,0.000775726
80834,0.00082330324
80835,0.0007301534
80836,0.0006560836
80837,0.0008780767
80838,0.0011169184
80839,0.0012783961
80840,0.0011421435
80841,0.0010098794
80842,0.0006884234
80843,0.0005790303
80844,0.0009036244
80845,0.00083296775
80846,0.00092255755
80847,0.003965957
80848,0.0042816335
80849,0.0022728427
80850,0.0013436185
80851,0.0013788957
80852,0.00070932857
80853,0.00059180695
80854,0.00081223494
80855,0.0011052093
80856,0.0013776287
80857,0.0016156313
80858,0.0016068526
80859,0.0021161085
80860,0.0022332112
80861,0.0016543476
80862,0.0007431516
80863,0.0011835402
80864,0.0013159987
80865,0.001181325
80866,0.0012938067
80867,0.0019482312
80868,0.0021625129
80869,0.002142135
80870,0.0017028939
80871,0.0014911514
80872,0.0022837392
80873,0.0020760086
80874,0.0014065839
80875,0.001080415
80876,0.00075692666
80877,0.0010180883
80878,0.0012774167
80879,0.001044475
80880,0.00073194486
80881,0.0005396415
80882,0.00074849767
80883,0.0010691229
80884,0.0018113989
80885,0.0022061223
80886,0.0034103224
80887,0.0037564058
80888,0.0026262521
80889,0.0029600577
80890,0.003262037
80891,0.0030696155
80892,0.0024233267
80893,0.0021998999
80894,0.001726908
80895,0.000877314
80896,0.0011891581
80897,0.0007580025
80898,0.0007008669
80899,0.0018858807
80900,0.002644408
80901,0.002262434
80902,0.0015825063
80903,0.0011826054
80904,0.0016402843
80905,0.0016746825
80906,0.0013211415
80907,0.0016337418
80908,0.0017685061
80909,0.001391251
80910,0.0013216921
80911,0.001893735
80912,0.0015513956
80913,0.00122883
80914,0.0015060857
80915,0.0016216188
80916,0.0023275407
80917,0.0033743063
80918,0.0027051987
80919,0.0
80920,0.0018915668
80921,0.0012498942
80922,0.00085632945
80923,0.0005703706
80924,0.0005057892
80925,0.0007199982
80926,0.0011051567
80927,0.0010314083
80928,0.0009726206
80929,0.0010642117
80930,0.00069372973
80931,0.0012248209
80932,0.0017176308
80933,0.001607939
80934,0.0012737891
80935,0.0009793302
80936,0.0007362662
80937,0.0009723812
80938,0.0016688331
80939,0.0016545411
80940,0.0022488085
80941,0.0030716343
80942,0.00230664
80943,0.0021910712
80944,0.001644077
80945,0.0011687176
80946,0.0017449311
80947,0.001962594
80948,0.0010604858
80949,0.0006529264
80950,0.0010615007
80951,0.0012323539
80952,0.0020383196
80953,0.003155066
80954,0.0023937705
80955,0.0010736323
80956,0.0006860094
80957,0.00054044987
80958,0.00088953634
80959,0.0013786424
80960,0.0014611635
80961,0.0019509034
80962,0.0020977645
80963,0.0025440112
80964,0.0026833136
80965,0.0021578781
80966,0.00214204
80967,0.0021703716
80968,0.001600628
80969,0.0013384533
80970,0.0013978666
80971,0.001265675
80972,0.00091390463
80973,0.0008412078
80974,0.0018750625
80975,0.0046309168
80976,0.0064980052
80977,0.007240159
80978,0.0085575525
80979,0.00896472
80980,0.0068795187
80981,0.004299555
80982,0.0024605123
80983,0.0011675966
80984,0.00065216824
80985,0.0005128747
80986,0.00042772267
80987,0.0008168442
80988,0.00092580117
80989,0.0008796993
80990,0.0011511793
80991,0.0016719518
80992,0.001739502
80993,0.001971929
80994,0.0014826958
80995,0.0011648264
80996,0.0007190274
80997,0.0008649526
80998,0.001127164
80999,0.0016287462
81000,0.0018552925
81001,0.0021462478
81002,0.0028781127
81003,0.005526358
81004,0.0064151143
81005,0.005852094
81006,0.008439007
81007,0.0091605075
81008,0.008172538
81009,0.006944681
81010,0.0062852693
81011,0.0045012715
81012,0.0031141578
81013,0.0019656168
81014,0.00094413565
81015,0.0013860953
81016,0.0014973646
81017,0.0009143822
81018,0.0011676962
81019,0.0014154532
81020,0.0014119328
81021,0.0011032854
81022,0.0009124705
81023,0.0011773271
81024,0.0011069197
81025,0.0010603211
81026,0.0011314935
81027,0.001186561
81028,0.0026065635
81029,0.0025987804
81030,0.0015580972
81031,0.0021043855
81032,0.0016764542
81033,0.0016874938
81034,0.002305201
81035,0.002556576
81036,0.0025753586
81037,0.0019391724
81038,0.0018000359
81039,0.002088713
81040,0.0019205476
81041,0.001794141
81042,0.0012945489
81043,0.00089738675
81044,0.0012557715
81045,0.0010986858
81046,0.0007357917
81047,0.0010254087
81048,0.001424737
81049,0.0013364077
81050,0.0007928332
81051,0.001170907
81052,0.0012229898
81053,0.0007744117
81054,0.0007849012
81055,0.00079737214
81056,0.00082637294
81057,0.0007313482
81058,0.0007672
81059,0.00067285897
81060,0.0009312238
81061,0.0011422455
81062,0.0013836996
81063,0.0010583431
81064,0.001066097
81065,0.0017056091
81066,0.0018887336
81067,0.00210451
81068,0.0019053945
81069,0.0011970858
81070,0.0012059512
81071,0.0012431934
81072,0.0014670475
81073,0.0017775998
81074,0.002318633
81075,0.0021948272
81076,0.002733198
81077,0.0021854453
81078,0.0017373256
81079,0.0016044963
81080,0.0016453157
81081,0.0011612731
81082,0.0012245831
81083,0.0007481087
81084,0.0004366787
81085,0.00077490014
81086,0.0010417965
81087,0.0015159282
81088,0.0015892232
81089,0.0012679723
81090,0.0016287462
81091,0.0016400004
81092,0.0013225287
81093,0.00086367305
81094,0.0008799639
81095,0.00095343014
81096,0.0008048559
81097,0.00064345245
81098,0.00089322584
81099,0.0017477309
81100,0.0015739498
81101,0.001071543
81102,0.0008284483
81103,0.0008597891
81104,0.0007596134
81105,0.0010339448
81106,0.00067974435
81107,0.0007368984
81108,0.0009288142
81109,0.0010643757
81110,0.0007021116
81111,0.00062201795
81112,0.000692512
81113,0.0010888138
81114,0.0013510708
81115,0.0013429468
81116,0.0009816751
81117,0.0008225959
81118,0.00056934915
81119,0.00047712697
81120,0.0005068813
81121,0.0012049855
81122,0.0015897908
81123,0.0014473748
81124,0.0016558423
81125,0.0014371034
81126,0.0012947512
81127,0.0012634885
81128,0.0006857548
81129,0.00093159877
81130,0.0007059561
81131,0.0005747421
81132,0.0008743566
81133,0.0012502201
81134,0.0016045508
81135,0.0015096758
81136,0.0006120658
81137,0.0003038377
81138,0.000615858
81139,0.0010732256
81140,0.0009359311
81141,0.00092834403
81142,0.0016252939
81143,0.0016091875
81144,0.001637443
81145,0.0016133058
81146,0.0013566171
81147,0.0011156409
81148,0.0015794137
81149,0.0017752242
81150,0.002035333
81151,0.0023672034
81152,0.002017149
81153,0.00070533744
81154,0.0004476706
81155,0.0014003628
81156,0.0014956337
81157,0.0008280969
81158,0.0011092835
81159,0.001059305
81160,0.00069293217
81161,0.00051958364
81162,0.000516888
81163,0.0007430341
81164,0.0011535534
81165,0.0011506482
81166,0.0012880805
81167,0.00096724957
81168,0.0007081377
81169,0.00074974087
81170,0.00075334235
81171,0.0008256683
81172,0.0011052357
81173,0.0010589204
81174,0.0009269008
81175,0.000882375
81176,0.00085840013
81177,0.00087125547
81178,0.0011673472
81179,0.001982351
81180,0.004379525
81181,0.004311904
81182,0.0015322173
81183,0.0013435101
81184,0.0015041328
81185,0.0012070609
81186,0.0009834523
81187,0.0009148595
81188,0.00091987214
81189,0.0010284978
81190,0.0015180578
81191,0.0019797212
81192,0.0023880857
81193,0.002237612
81194,0.0015993911
81195,0.0010696128
81196,0.0016806502
81197,0.0016410471
81198,0.0012405686
81199,0.00092536095
81200,0.0012149436
81201,0.0015529895
81202,0.0016772873
81203,0.0013795709
81204,0.0014632534
81205,0.0019084774
81206,0.0015643608
81207,0.0009802807
81208,0.0007327397
81209,0.0010055762
81210,0.001324266
81211,0.00186998
81212,0.0018552925
81213,0.0018003754
81214,0.0013452204
81215,0.00080716686
81216,0.0013241781
81217,0.0017297202
81218,0.001635202
81219,0.0017930213
81220,0.0023719198
81221,0.0019095751
81222,0.0018503288
81223,0.0020747464
81224,0.0017791872
81225,0.0015515646
81226,0.0019896636
81227,0.002084054
81228,0.0012469101
81229,0.0013018796
81230,0.00096048595
81231,0.0008593828
81232,0.0019339123
81233,0.0020408167
81234,0.0017234497
81235,0.000943704
81236,0.00048720717
81237,0.0013212516
81238,0.0012384554
81239,0.00094542943
81240,0.0016478433
81241,0.0019388872
81242,0.0015901387
81243,0.0017306622
81244,0.0022422893
81245,0.0021796313
81246,0.0021909517
81247,0.002466018
81248,0.0022902421
81249,0.0026302275
81250,0.0038972392
81251,0.0041271993
81252,0.0
81253,0.0018604306
81254,0.0014613826
81255,0.00096420577
81256,0.0005082574
81257,0.00063886784
81258,0.00072891667
81259,0.0011541083
81260,0.0014528539
81261,0.0018178944
81262,0.0016676292
81263,0.001202229
81264,0.0015922238
81265,0.002229494
81266,0.0018432213
81267,0.0008394068
81268,0.0006133008
81269,0.00075434614
81270,0.0010350139
81271,0.0019213657
81272,0.0020950295
81273,0.0025853068
81274,0.002866125
81275,0.002430558
81276,0.0022121954
81277,0.00233442
81278,0.0020755879
81279,0.0017515069
81280,0.0017517562
81281,0.0012105039
81282,0.0010070223
81283,0.0010785277
81284,0.001094519
81285,0.0019972408
81286,0.0029949043
81287,0.0025606935
81288,0.0015866756
81289,0.0009837778
81290,0.0006721665
81291,0.0008296068
81292,0.0014796698
81293,0.0014196006
81294,0.0014073494
81295,0.0015592736
81296,0.0018802395
81297,0.002035419
81298,0.0017158845
81299,0.0015522022
81300,0.0019517983
81301,0.0018073454
81302,0.0015611389
81303,0.0016526227
81304,0.001195261
81305,0.00086512085
81306,0.001410943
81307,0.002655928
81308,0.004857828
81309,0.006099452
81310,0.005749183
81311,0.008060512
81312,0.008901702
81313,0.0056546475
81314,0.0022722662
81315,0.0016591083
81316,0.000930098
81317,0.00048828125
81318,0.0006819672
81319,0.0010830784
81320,0.0012477034
81321,0.0013891575
81322,0.0014029169
81323,0.0017923882
81324,0.002733986
81325,0.0028800736
81326,0.0028039764
81327,0.0022065444
81328,0.0016523584
81329,0.0009070962
81330,0.001043806
81331,0.0012196775
81332,0.0014403602
81333,0.0011601197
81334,0.0016168377
81335,0.0025195144
81336,0.004190802
81337,0.005633847
81338,0.0055895923
81339,0.0064805634
81340,0.0072189393
81341,0.007525662
81342,0.0069927094
81343,0.0066293646
81344,0.004820576
81345,0.0029562698
81346,0.0020059794
81347,0.0015564152
81348,0.0015211605
81349,0.0013298803
81350,0.0007601496
81351,0.0010906566
81352,0.0014766377
81353,0.0013279968
81354,0.00087152264
81355,0.0011279641
81356,0.0011468226
81357,0.001125562
81358,0.0010082354
81359,0.0010111755
81360,0.0010914302
81361,0.0022475657
81362,0.0027874555
81363,0.0024059704
81364,0.0021743774
81365,0.0014848142
81366,0.0007777868
81367,0.0014964509
81368,0.0024358686
81369,0.0025009406
81370,0.0022010638
81371,0.00262839
81372,0.0029250446
81373,0.0018892421
81374,0.0017418261
81375,0.0015780495
81376,0.0015247914
81377,0.0015558541
81378,0.0012731949
81379,0.0011065253
81380,0.00092205266
81381,0.001656598
81382,0.001485598
81383,0.000445716
81384,0.0009837187
81385,0.0010168297
81386,0.00084765285
81387,0.0007161072
81388,0.00074740814
81389,0.0005171694
81390,0.00036929737
81391,0.0006439046
81392,0.0007078088
81393,0.00097375707
81394,0.0011893539
81395,0.001421342
81396,0.0011102539
81397,0.0013525994
81398,0.0020712225
81399,0.0021697413
81400,0.002286834
81401,0.001911799
81402,0.0011632512
81403,0.0009966805
81404,0.00088359456
81405,0.0009698038
81406,0.0010927892
81407,0.0014643072
81408,0.0016645199
81409,0.002462475
81410,0.0020644104
81411,0.0016017186
81412,0.0016420223
81413,0.0016673326
81414,0.0016460054
81415,0.0017136781
81416,0.0011495095
81417,0.0006985793
81418,0.0012036322
81419,0.0013768679
81420,0.0017281884
81421,0.0020557926
81422,0.0019005158
81423,0.0017929402
81424,0.0014436097
81425,0.0010451714
81426,0.0009853741
81427,0.00118098
81428,0.0010313801
81429,0.00075692666
81430,0.000755233
81431,0.00083230366
81432,0.0015925893
81433,0.0019145524
81434,0.0018887029
81435,0.001210071
81436,0.000944906
81437,0.00085203635
81438,0.000958909
81439,0.00049567583
81440,0.00032868437
81441,0.0008525827
81442,0.0009123748
81443,0.0006202843
81444,0.00078497536
81445,0.00076381635
81446,0.00083982275
81447,0.0008910728
81448,0.0009965053
81449,0.00081381004
81450,0.00090333447
81451,0.00087694905
81452,0.0008900597
81453,0.00083009776
81454,0.0012400055
81455,0.0011927504
81456,0.00078686397
81457,0.0013430768
81458,0.0012245594
81459,0.00085968757
81460,0.0009770392
81461,0.00038902432
81462,0.0006922178
81463,0.00069657667
81464,0.0007681478
81465,0.0013891156
81466,0.0018506119
81467,0.0019277624
81468,0.0016478433
81469,0.0006985793
81470,0.00038503885
81471,0.00070838426
81472,0.0012204886
81473,0.0009388806
81474,0.0009845763
81475,0.0016876662
81476,0.0016954945
81477,0.0019173474
81478,0.001881431
81479,0.0013122336
81480,0.0012361738
81481,0.0015159282
81482,0.0016713599
81483,0.0019393225
81484,0.0023430192
81485,0.0023319754
81486,0.0013359068
81487,0.0006282101
81488,0.0011622751
81489,0.0016538374
81490,0.0012023742
81491,0.0010127572
81492,0.0006772565
81493,0.00053192803
81494,0.00056858186
81495,0.0007473692
81496,0.0010141357
81497,0.0010986328
81498,0.0011371381
81499,0.0016186907
81500,0.0015785658
81501,0.0014557757
81502,0.0011933114
81503,0.0007024431
81504,0.00059170864
81505,0.0007980653
81506,0.0011548141
81507,0.0012438955
81508,0.0013660452
81509,0.0010428855
81510,0.00089848874
81511,0.0019172715
81512,0.002773618
81513,0.0037647486
81514,0.0033613262
81515,0.00097333855
81516,0.0010780958
81517,0.0014016508
81518,0.0014315436
81519,0.001002068
81520,0.00082326785
81521,0.0008778778
81522,0.0013087692
81523,0.0021450543
81524,0.0022152457
81525,0.0023644231
81526,0.002012411
81527,0.00096848246
81528,0.0009792708
81529,0.0014997729
81530,0.0016114466
81531,0.0013815315
81532,0.00078575354
81533,0.0009790924
81534,0.0010323392
81535,0.0011768821
81536,0.0010799839
81537,0.0013278873
81538,0.0014964509
81539,0.0012455323
81540,0.000777899
81541,0.0009550161
81542,0.0013612858
81543,0.0012709069
81544,0.0015354998
81545,0.0016036072
81546,0.0018306255
81547,0.0017565346
81548,0.0014266968
81549,0.0015907973
81550,0.0018682049
81551,0.0012251534
81552,0.0012172412
81553,0.0021263028
81554,0.0027065754
81555,0.002754201
81556,0.0024593882
81557,0.001880874
81558,0.0016882869
81559,0.001861541
81560,0.0015827271
81561,0.0009992177
81562,0.0011694646
81563,0.0009995089
81564,0.0009817048
81565,0.0019476187
81566,0.0019873218
81567,0.0018411517
81568,0.0012877189
81569,0.00071647286
81570,0.0012854115
81571,0.0011786612
81572,0.00057529885
81573,0.0012283088
81574,0.0012128098
81575,0.0008442469
81576,0.0009106826
81577,0.0018197346
81578,0.0018045898
81579,0.0021023655
81580,0.0019773382
81581,0.0012321885
81582,0.002186151
81583,0.0043175565
81584,0.0053275903
81585,0.0
81586,0.0017377945
81587,0.0016009735
81588,0.0010901227
81589,0.00085319695
81590,0.00078793586
81591,0.0005682747
81592,0.00059087184
81593,0.0011475583
81594,0.0018477001
81595,0.0020960018
81596,0.0021017839
81597,0.0023669451
81598,0.0026748728
81599,0.0026005718
81600,0.0016236455
81601,0.0007438953
81602,0.00057357625
81603,0.00076167955
81604,0.0014750798
81605,0.0018455094
81606,0.0025277832
81607,0.002777791
81608,0.0026711707
81609,0.0023707293
81610,0.002843933
81611,0.0027304813
81612,0.001973611
81613,0.0016983073
81614,0.0011651012
81615,0.0015500068
81616,0.001516197
81617,0.0016568262
81618,0.0018775132
81619,0.0025451665
81620,0.0024939952
81621,0.0017424107
81622,0.0014388238
81623,0.0010076578
81624,0.00093940744
81625,0.00111104
81626,0.0010176308
81627,0.0010407903
81628,0.0011977664
81629,0.0018559354
81630,0.0022614175
81631,0.0024046758
81632,0.0019628166
81633,0.0020401892
81634,0.0021889317
81635,0.0018923974
81636,0.0015646212
81637,0.0013222866
81638,0.0013193118
81639,0.0018647277
81640,0.0025803938
81641,0.004804144
81642,0.005633206
81643,0.00525277
81644,0.006720899
81645,0.008373763
81646,0.006141506
81647,0.0021840467
81648,0.00085343566
81649,0.00066612085
81650,0.00073946116
81651,0.0010587554
81652,0.0017368564
81653,0.0019333855
81654,0.0019248163
81655,0.0025368396
81656,0.0027756426
81657,0.0030093004
81658,0.0025789384
81659,0.002030193
81660,0.0018575813
81661,0.0016111215
81662,0.0013098362
81663,0.001297558
81664,0.0012548208
81665,0.0009241965
81666,0.00075715734
81667,0.0010944924
81668,0.0014077215
81669,0.0024081226
81670,0.004358969
81671,0.0051531973
81672,0.005243032
81673,0.006553126
81674,0.0068006543
81675,0.0067979875
81676,0.006435583
81677,0.0053000357
81678,0.0031477702
81679,0.0024075909
81680,0.0023306771
81681,0.0016660753
81682,0.0010373171
81683,0.0005497401
81684,0.00072278193
81685,0.0012223471
81686,0.0012196536
81687,0.0012125938
81688,0.0013300772
81689,0.0013986368
81690,0.0012902026
81691,0.0010097065
81692,0.000878143
81693,0.0011621248
81694,0.0019392474
81695,0.0030872757
81696,0.0032547037
81697,0.0032702258
81698,0.001960116
81699,0.0008996865
81700,0.0013317391
81701,0.0020401035
81702,0.002458098
81703,0.002755363
81704,0.0034744248
81705,0.0036985255
81706,0.0023068923
81707,0.0018188867
81708,0.0015242186
81709,0.0015651233
81710,0.0014958478
81711,0.0014909953
81712,0.0017164611
81713,0.0014250434
81714,0.001507013
81715,0.00138494
81716,0.00041878357
81717,0.00077490014
81718,0.0009832155
81719,0.0008896018
81720,0.0006389134
81721,0.000731746
81722,0.0007491584
81723,0.0008231618
81724,0.0007732835
81725,0.00077211583
81726,0.0009831267
81727,0.0011065516
81728,0.0010816803
81729,0.0007212502
81730,0.0012333454
81731,0.0016990612
81732,0.0017256099
81733,0.0013440299
81734,0.001151508
81735,0.0007933837
81736,0.00072165363
81737,0.0007638544
81738,0.00072390854
81739,0.00088586437
81740,0.0009419445
81741,0.0013008509
81742,0.0018134061
81743,0.001451451
81744,0.001349864
81745,0.0016777384
81746,0.0015092517
81747,0.001781051
81748,0.0019215172
81749,0.001315158
81750,0.0010054025
81751,0.0015150832
81752,0.0016977931
81753,0.0021736145
81754,0.0018337865
81755,0.0014679994
81756,0.0011672225
81757,0.0008427287
81758,0.00089283474
81759,0.0011472033
81760,0.0012928616
81761,0.0011038656
81762,0.000886751
81763,0.00084231416
81764,0.0006987459
81765,0.0009438582
81766,0.001470139
81767,0.0019024749
81768,0.0015809055
81769,0.0012244881
81770,0.0011128983
81771,0.00095690374
81772,0.00076530094
81773,0.00077264337
81774,0.001089829
81775,0.000981853
81776,0.0006536392
81777,0.0009170837
81778,0.000956782
81779,0.0012134815
81780,0.0013820791
81781,0.0014393091
81782,0.0010414054
81783,0.0008960236
81784,0.0009205047
81785,0.0010168584
81786,0.00094339554
81787,0.0009987516
81788,0.0011966968
81789,0.0010288091
81790,0.0013167725
81791,0.0010800647
81792,0.0007330971
81793,0.0010350139
81794,0.0006034943
81795,0.00062714366
81796,0.0007749377
81797,0.0011682942
81798,0.0015576675
81799,0.0016717778
81800,0.0013831736
81801,0.0010516394
81802,0.0004658931
81803,0.00036052422
81804,0.00073246163
81805,0.0011887174
81806,0.0008480648
81807,0.0011133689
81808,0.001928985
81809,0.001923016
81810,0.0018781797
81811,0.0017813452
81812,0.0009361177
81813,0.0009698038
81814,0.0013093028
81815,0.0017351799
81816,0.0020457734
81817,0.0020356907
81818,0.002210432
81819,0.0017209486
81820,0.00080770755
81821,0.0010895886
81822,0.0016236635
81823,0.0014636313
81824,0.0013005153
81825,0.0009877635
81826,0.00073158694
81827,0.0007512533
81828,0.00090487965
81829,0.0008447638
81830,0.0006938136
81831,0.00069695263
81832,0.0012705404
81833,0.0015338688
81834,0.0018456829
81835,0.001789154
81836,0.0012682707
81837,0.00096538226
81838,0.00090256095
81839,0.0006269116
81840,0.00080239325
81841,0.0011226622
81842,0.0011648264
81843,0.0013710852
81844,0.0024427648
81845,0.002710562
81846,0.002685146
81847,0.0023433918
81848,0.0011852848
81849,0.00091746444
81850,0.0010579029
81851,0.0014369818
81852,0.0012423972
81853,0.0014556356
81854,0.0013310397
81855,0.0018711158
81856,0.0028000502
81857,0.0024873114
81858,0.00222407
81859,0.0017425109
81860,0.0006493507
81861,0.00070186285
81862,0.0008566013
81863,0.001231007
81864,0.0012995526
81865,0.0011162667
81866,0.00081162556
81867,0.00071162253
81868,0.0006117804
81869,0.00056022825
81870,0.0007492749
81871,0.0011331384
81872,0.0010993743
81873,0.0011134212
81874,0.0012315507
81875,0.0018681581
81876,0.0017234497
81877,0.00086800917
81878,0.00065198966
81879,0.0013681315
81880,0.0013753664
81881,0.0013463234
81882,0.001555929
81883,0.0016319059
81884,0.0010936944
81885,0.0016135763
81886,0.0021739758
81887,0.002549839
81888,0.002625975
81889,0.002046897
81890,0.0013495189
81891,0.0016958035
81892,0.0020144347
81893,0.0012743601
81894,0.00085931504
81895,0.00093409466
81896,0.0007111725
81897,0.0009903531
81898,0.0013316736
81899,0.0015346846
81900,0.0018333104
81901,0.0015849137
81902,0.0011730179
81903,0.0011493829
81904,0.0010048813
81905,0.00043306476
81906,0.0012789195
81907,0.0013783468
81908,0.00075032294
81909,0.00082439836
81910,0.0016135763
81911,0.00150115
81912,0.0018569075
81913,0.0018267899
81914,0.0013789379
81915,0.0020031629
81916,0.0048640366
81917,0.0063158856
81918,0.0
81919,0.0013921502
81920,0.0014139308
81921,0.0013843515
81922,0.0013242001
81923,0.00088283664
81924,0.0005711864
81925,0.00087903737
81926,0.0011454514
81927,0.001555929
81928,0.0014615618
81929,0.0016011371
81930,0.0021604393
81931,0.0026172493
81932,0.002690073
81933,0.0021117579
81934,0.0012867466
81935,0.00068757735
81936,0.000732978
81937,0.0006001575
81938,0.0011163971
81939,0.0014233883
81940,0.0021328763
81941,0.002264504
81942,0.002028343
81943,0.002954458
81944,0.003026226
81945,0.002043852
81946,0.0019145828
81947,0.001652288
81948,0.0018531578
81949,0.0018009574
81950,0.0019651284
81951,0.0015819913
81952,0.002115242
81953,0.002067411
81954,0.0015913644
81955,0.0016476667
81956,0.0010587005
81957,0.0009727104
81958,0.0012011875
81959,0.00080304587
81960,0.001101543
81961,0.0013719976
81962,0.0016258488
81963,0.002321819
81964,0.0027745622
81965,0.0022446115
81966,0.0018660694
81967,0.0021814732
81968,0.0022309034
81969,0.0017617295
81970,0.001391962
81971,0.0016180973
81972,0.002022955
81973,0.0026665253
81974,0.0046180594
81975,0.004788641
81976,0.005051218
81977,0.00597384
81978,0.0071726046
81979,0.006942468
81980,0.004160427
81981,0.0018172058
81982,0.0013268787
81983,0.0015172524
81984,0.0017955517
81985,0.002017654
81986,0.0026573522
81987,0.0028337014
81988,0.0031061382
81989,0.003000603
81990,0.0026779065
81991,0.0021812331
81992,0.0017424441
81993,0.0022653393
81994,0.0028439534
81995,0.0026947428
81996,0.0021392393
81997,0.0019339725
81998,0.0016589679
81999,0.0012866561
82000,0.0010248694
82001,0.001266962
82002,0.0022572954
82003,0.0033753584
82004,0.004232664
82005,0.004220407
82006,0.00502964
82007,0.006164971
82008,0.0063198837
82009,0.006786371
82010,0.0064725913
82011,0.004228151
82012,0.003274957
82013,0.0027780845
82014,0.0017456481
82015,0.0009059404
82016,0.0006386856
82017,0.00088263885
82018,0.0013256279
82019,0.0012396768
82020,0.0012302266
82021,0.0012617137
82022,0.0013810468
82023,0.0011095721
82024,0.0010515841
82025,0.0014225292
82026,0.002021804
82027,0.0022850132
82028,0.0031742866
82029,0.0040128804
82030,0.004359997
82031,0.0032872069
82032,0.0026751882
82033,0.0015625551
82034,0.0017742731
82035,0.0020498098
82036,0.003237615
82037,0.0041328366
82038,0.0039452603
82039,0.0022477212
82040,0.001204454
82041,0.00095924275
82042,0.0010650045
82043,0.0012098064
82044,0.0017747487
82045,0.002334445
82046,0.0025342456
82047,0.0020855477
82048,0.0014865969
82049,0.0003990691
82050,0.0008655581
82051,0.0010677064
82052,0.00077365973
82053,0.00060968363
82054,0.0007245515
82055,0.0008187659
82056,0.00087225705
82057,0.00072378793
82058,0.00096408505
82059,0.0012166194
82060,0.0011710562
82061,0.0009685125
82062,0.001082756
82063,0.0014047826
82064,0.0015491429
82065,0.0012203455
82066,0.00093798124
82067,0.0011851866
82068,0.0011161885
82069,0.0009840736
82070,0.00085125037
82071,0.00058043597
82072,0.00074071955
82073,0.0009459526
82074,0.0013974294
82075,0.001590706
82076,0.0009689932
82077,0.001040175
82078,0.0012698302
82079,0.0010917768
82080,0.0015102348
82081,0.0018277297
82082,0.0013626534
82083,0.00115431
82084,0.0015250394
82085,0.001876862
82086,0.002346135
82087,0.00173689
82088,0.0013127659
82089,0.001134935
82090,0.0013392142
82091,0.0014951472
82092,0.0015099264
82093,0.0011781673
82094,0.0008269715
82095,0.00046105788
82096,0.00063622015
82097,0.00087125547
82098,0.000775163
82099,0.00091790844
82100,0.0012070609
82101,0.0011848428
82102,0.0010874765
82103,0.0011128983
82104,0.00085728057
82105,0.0008899616
82106,0.001095529
82107,0.0013488502
82108,0.0011411238
82109,0.00094327214
82110,0.001332198
82111,0.0015368828
82112,0.0016573356
82113,0.0017038848
82114,0.0017386987
82115,0.0013430768
82116,0.0010088991
82117,0.0009392835
82118,0.0008153464
82119,0.0005655538
82120,0.0006324119
82121,0.0011239835
82122,0.0012043574
82123,0.0010595798
82124,0.0009140957
82125,0.0008601614
82126,0.001142653
82127,0.0010669157
82128,0.0008122708
82129,0.0008726907
82130,0.0010642117
82131,0.0013203702
82132,0.0011458579
82133,0.0007536514
82134,0.00071260345
82135,0.00075907685
82136,0.00072145194
82137,0.00080720294
82138,0.0011648014
82139,0.0008238686
82140,0.00058028556
82141,0.0018928588
82142,0.0020593854
82143,0.0017574952
82144,0.0018843833
82145,0.0015282803
82146,0.0013884869
82147,0.0015296699
82148,0.0017350626
82149,0.0020153301
82150,0.0015247914
82151,0.0017600602
82152,0.0017729603
82153,0.00095556455
82154,0.00090937136
82155,0.0011902833
82156,0.0014461678
82157,0.0013594887
82158,0.0012028582
82159,0.0011194431
82160,0.0010129871
82161,0.00081072864
82162,0.00045142556
82163,0.0006673867
82164,0.00087572023
82165,0.0009795679
82166,0.000832828
82167,0.0013806885
82168,0.0017099888
82169,0.001339388
82170,0.0011213912
82171,0.0009900884
82172,0.0006349838
82173,0.00087956694
82174,0.0009610918
82175,0.0007795434
82176,0.0014834023
82177,0.0025564847
82178,0.002621094
82179,0.0025066596
82180,0.002222918
82181,0.0013872916
82182,0.0011816944
82183,0.00079773704
82184,0.0010664245
82185,0.0012664566
82186,0.0015782892
82187,0.001204599
82188,0.0022457133
82189,0.0033174446
82190,0.0029263478
82191,0.00230318
82192,0.0016897
82193,0.00070521364
82194,0.0007901121
82195,0.0007472524
82196,0.00096336025
82197,0.0010342263
82198,0.0011169965
82199,0.00087202346
82200,0.00078627194
82201,0.00069204957
82202,0.0008471033
82203,0.0008607702
82204,0.0010914302
82205,0.0009005918
82206,0.00077598856
82207,0.0009225891
82208,0.0018459982
82209,0.0021808727
82210,0.001744414
82211,0.00081381004
82212,0.0008157389
82213,0.000786346
82214,0.0011554692
82215,0.0012917356
82216,0.0013122781
82217,0.0014037671
82218,0.0020328292
82219,0.001893735
82220,0.0011407667
82221,0.0012862037
82222,0.0013435101
82223,0.0010266001
82224,0.0018168375
82225,0.0022195375
82226,0.0011443329
82227,0.00062709727
82228,0.0007130525
82229,0.0006494403
82230,0.0011478373
82231,0.0014790404
82232,0.0015491805
82233,0.0015766472
82234,0.0018447996
82235,0.0017952113
82236,0.0015333565
82237,0.0012114412
82238,0.0008456247
82239,0.0015284517
82240,0.0017864354
82241,0.0015782708
82242,0.0016821388
82243,0.0021117718
82244,0.0017144931
82245,0.0018504389
82246,0.0018659602
82247,0.0016417386
82248,0.0020635643
82249,0.0052032415
82250,0.005963781
82251,0.0
82252,0.0010910567
82253,0.0010339448
82254,0.0014163782
82255,0.0015006847
82256,0.0009005918
82257,0.0007332559
82258,0.001230132
82259,0.0013714248
82260,0.0014244715
82261,0.0010370646
82262,0.00091790844
82263,0.0015454562
82264,0.0017565346
82265,0.00215634
82266,0.0022225645
82267,0.0016782761
82268,0.0009262726
82269,0.0007413087
82270,0.0005274224
82271,0.000791106
82272,0.0008107645
82273,0.001155721
82274,0.0014983944
82275,0.0017574125
82276,0.0029702557
82277,0.002776198
82278,0.0025415963
82279,0.0024474903
82280,0.0020727818
82281,0.0015099456
82282,0.0015246577
82283,0.0020485031
82284,0.002056911
82285,0.0023995144
82286,0.0023385556
82287,0.0019359579
82288,0.0017484468
82289,0.0014645854
82290,0.0012607444
82291,0.0015131995
82292,0.0009151776
82293,0.0012794201
82294,0.0013675145
82295,0.0015973154
82296,0.0023999873
82297,0.0029855312
82298,0.0026235136
82299,0.0020613912
82300,0.00215272
82301,0.0022893522
82302,0.0019141876
82303,0.0015084994
82304,0.0018081021
82305,0.0020906907
82306,0.002650092
82307,0.004516054
82308,0.0042496687
82309,0.0044855
82310,0.0052226144
82311,0.0061353566
82312,0.0076568983
82313,0.006812998
82314,0.004617864
82315,0.0031647
82316,0.0029176224
82317,0.00329293
82318,0.0045106565
82319,0.0051232507
82320,0.0056576063
82321,0.0052799876
82322,0.0049379277
82323,0.0040852684
82324,0.003500695
82325,0.0029600477
82326,0.0022832677
82327,0.0029493703
82328,0.002920494
82329,0.0024285095
82330,0.002421152
82331,0.0021340358
82332,0.0018080861
82333,0.0019867506
82334,0.0015225182
82335,0.0015526896
82336,0.0029570966
82337,0.0034070606
82338,0.0028918625
82339,0.00365982
82340,0.0058448035
82341,0.0062339576
82342,0.0063843266
82343,0.0068535195
82344,0.0049398667
82345,0.0038679978
82346,0.0029509587
82347,0.0016299073
82348,0.0008357583
82349,0.0006575901
82350,0.0009963592
82351,0.001361692
82352,0.0010609797
82353,0.0011579853
82354,0.0010847969
82355,0.0012573696
82356,0.0011627257
82357,0.0021468715
82358,0.003948527
82359,0.004342426
82360,0.0042533446
82361,0.003558121
82362,0.004250504
82363,0.0046707722
82364,0.004703873
82365,0.0037830567
82366,0.0023528119
82367,0.001626332
82368,0.0018046865
82369,0.0039908006
82370,0.0045026294
82371,0.0034514475
82372,0.001953438
82373,0.0006636258
82374,0.0007071506
82375,0.0010622682
82376,0.0013542981
82377,0.0016647996
82378,0.0019961186
82379,0.0024629124
82380,0.002459483
82381,0.0018945647
82382,0.0012619674
82383,0.0011241648
82384,0.0010777178
82385,0.0011193131
82386,0.0010647038
82387,0.0010058077
82388,0.00078679
82389,0.0006309837
82390,0.00058850285
82391,0.0011294081
82392,0.0009774859
82393,0.0007475639
82394,0.000931505
82395,0.0013029523
82396,0.00135505
82397,0.0011200409
82398,0.00094262394
82399,0.0009667981
82400,0.0011821376
82401,0.0009274658
82402,0.0009791221
82403,0.00087182317
82404,0.00047572196
82405,0.0005923477
82406,0.0008241865
82407,0.001607414
82408,0.001545814
82409,0.0005489984
82410,0.00085244613
82411,0.0009816454
82412,0.0010809266
82413,0.0016426424
82414,0.0015711181
82415,0.0009819715
82416,0.0007094517
82417,0.00093677035
82418,0.0018276501
82419,0.0023852324
82420,0.0014802992
82421,0.0011606213
82422,0.0008980352
82423,0.0010270253
82424,0.0012634194
82425,0.0013432502
82426,0.0014631938
82427,0.0010072534
82428,0.00095547317
82429,0.000989765
82430,0.0010933484
82431,0.00076621305
82432,0.00058622356
82433,0.0006021424
82434,0.0009039786
82435,0.0013495621
82436,0.0012147041
82437,0.0006101608
82438,0.0009680616
82439,0.0013768891
82440,0.0015868774
82441,0.001299687
82442,0.0007549632
82443,0.0011273188
82444,0.00130009
82445,0.001372655
82446,0.0013144497
82447,0.0016160816
82448,0.0012254622
82449,0.00078311935
82450,0.000923598
82451,0.001022908
82452,0.0008035531
82453,0.0007414264
82454,0.00120189
82455,0.0013524056
82456,0.0010493677
82457,0.0008377409
82458,0.0007256352
82459,0.0007411516
82460,0.0010785006
82461,0.0010986594
82462,0.0007895594
82463,0.00068375724
82464,0.0010221681
82465,0.001100274
82466,0.0014290612
82467,0.0016520943
82468,0.0016145861
82469,0.0014858919
82470,0.0013246175
82471,0.0013298803
82472,0.0009202517
82473,0.0006429547
82474,0.0019037594
82475,0.002159267
82476,0.0015542258
82477,0.0015305638
82478,0.0015910352
82479,0.0017796779
82480,0.0018688436
82481,0.0020468403
82482,0.002046442
82483,0.0014917174
82484,0.0014302622
82485,0.0016339021
82486,0.00094036735
82487,0.0007244712
82488,0.0007539988
82489,0.0012846187
82490,0.0018693262
82491,0.0017330485
82492,0.0010914569
82493,0.00071223575
82494,0.00062709727
82495,0.0005195276
82496,0.0006015138
82497,0.0009706737
82498,0.0012168825
82499,0.0012325192
82500,0.0009059404
82501,0.0013951366
82502,0.0014389248
82503,0.0011409452
82504,0.0009635113
82505,0.0008160243
82506,0.0011258206
82507,0.0010495064
82508,0.0006195801
82509,0.0013460856
82510,0.0019990033
82511,0.0019392924
82512,0.002503639
82513,0.0024184098
82514,0.001448862
82515,0.0011713792
82516,0.00077632605
82517,0.0009962716
82518,0.0012893225
82519,0.0012937618
82520,0.0011387239
82521,0.0029024007
82522,0.003714246
82523,0.0028522306
82524,0.0023096786
82525,0.0018037993
82526,0.00090757734
82527,0.0009598797
82528,0.00076920795
82529,0.00080655364
82530,0.0011811771
82531,0.0012709069
82532,0.0012750907
82533,0.0009867023
82534,0.00091714715
82535,0.0007922457
82536,0.000634938
82537,0.0009992468
82538,0.0012114892
82539,0.0010305897
82540,0.0009658946
82541,0.000985315
82542,0.0018972358
82543,0.0019178635
82544,0.0010045627
82545,0.0007770755
82546,0.00066616456
82547,0.00090635795
82548,0.0007311492
82549,0.0012489158
82550,0.001868828
82551,0.0018367044
82552,0.0012102635
82553,0.00075542566
82554,0.000716879
82555,0.001110647
82556,0.0011828023
82557,0.0018450046
82558,0.002152355
82559,0.0009723812
82560,0.00077685073
82561,0.0008274288
82562,0.0009901767
82563,0.0012005331
82564,0.0014718405
82565,0.0016637678
82566,0.0016915075
82567,0.0020117457
82568,0.0022769622
82569,0.002209813
82570,0.0019065245
82571,0.00154261
82572,0.0021283822
82573,0.0021454883
82574,0.001660844
82575,0.0018988611
82576,0.0023728888
82577,0.001975748
82578,0.0022105898
82579,0.0020235162
82580,0.0018201983
82581,0.0023131538
82582,0.0048548374
82583,0.0049653705
82584,0.0
82585,0.0008655581
82586,0.0008713223
82587,0.0014499263
82588,0.0015528958
82589,0.0014459464
82590,0.0016419159
82591,0.0022203242
82592,0.001904707
82593,0.0012848227
82594,0.0013172587
82595,0.0014719394
82596,0.0015945617
82597,0.0017554738
82598,0.0017211346
82599,0.0016897
82600,0.0014078042
82601,0.0007885635
82602,0.0005914134
82603,0.00056934915
82604,0.00080115907
82605,0.0010555619
82606,0.0014185546
82607,0.0014166863
82608,0.0018691238
82609,0.0025211426
82610,0.0023198253
82611,0.0025256984
82612,0.0023514384
82613,0.0023463333
82614,0.0017493787
82615,0.0019735962
82616,0.0021542201
82617,0.0024415255
82618,0.0026460034
82619,0.0026014221
82620,0.002544972
82621,0.002716793
82622,0.0018838117
82623,0.0010377939
82624,0.0013232547
82625,0.0011566273
82626,0.0015041714
82627,0.0016672453
82628,0.001924166
82629,0.0029081006
82630,0.0036463717
82631,0.0031911395
82632,0.0023435534
82633,0.0020360337
82634,0.0023310392
82635,0.0022578498
82636,0.001987351
82637,0.001967526
82638,0.0021691644
82639,0.0024244194
82640,0.0034293428
82641,0.0033684534
82642,0.0038790277
82643,0.003962345
82644,0.0042586853
82645,0.006279724
82646,0.007384659
82647,0.0066445107
82648,0.0059582544
82649,0.0058029406
82650,0.005816106
82651,0.006232837
82652,0.005968874
82653,0.0057262965
82654,0.005575506
82655,0.005620643
82656,0.005473621
82657,0.0047683897
82658,0.0038055999
82659,0.0027419794
82660,0.0031242347
82661,0.0032990936
82662,0.0026668417
82663,0.002629309
82664,0.0020121073
82665,0.0022563797
82666,0.003343773
82667,0.0026160593
82668,0.0019888296
82669,0.0030908466
82670,0.0036147793
82671,0.0036462918
82672,0.003315312
82673,0.004883164
82674,0.0066235187
82675,0.00785385
82676,0.0072563123
82677,0.0053920285
82678,0.0042025987
82679,0.0026504763
82680,0.0009791519
82681,0.0008126648
82682,0.0005834367
82683,0.0010338322
82684,0.0013742655
82685,0.0011280157
82686,0.001280216
82687,0.0016044963
82688,0.0014503677
82689,0.0014305471
82690,0.0024161944
82691,0.004504626
82692,0.0045290403
82693,0.003964724
82694,0.0034162824
82695,0.0039176773
82696,0.0042690807
82697,0.0050074407
82698,0.004300854
82699,0.0027512298
82700,0.0015936306
82701,0.0016645548
82702,0.003919059
82703,0.0042702327
82704,0.0029638405
82705,0.0019408676
82706,0.0010468686
82707,0.00076545303
82708,0.0010940934
82709,0.0012159733
82710,0.0011728938
82711,0.001101173
82712,0.0013704695
82713,0.0016114466
82714,0.0014098906
82715,0.0015146029
82716,0.0013293112
82717,0.0009778134
82718,0.0010800378
82719,0.0011669731
82720,0.0010468686
82721,0.0007638544
82722,0.00068149756
82723,0.00079316355
82724,0.0013568959
82725,0.0013688334
82726,0.0010819762
82727,0.0009110979
82728,0.0012300846
82729,0.0009820604
82730,0.00085873913
82731,0.0004005977
82732,0.00050475233
82733,0.00071760936
82734,0.00076286314
82735,0.0011579853
82736,0.0010543481
82737,0.00097151287
82738,0.0012436849
82739,0.0014483798
82740,0.002199344
82741,0.0019253303
82742,0.0010917501
82743,0.0007765135
82744,0.0010798222
82745,0.0015434211
82746,0.00175491
82747,0.0016212418
82748,0.0013629097
82749,0.0010852797
82750,0.00091714715
82751,0.001390079
82752,0.0017868915
82753,0.0013757049
82754,0.00091806694
82755,0.00075907685
82756,0.00092296756
82757,0.0011205605
82758,0.0011574071
82759,0.0012477967
82760,0.0011820392
82761,0.0011187929
82762,0.001080792
82763,0.0012234419
82764,0.00093294116
82765,0.0006847355
82766,0.0008385395
82767,0.0008999452
82768,0.0012349018
82769,0.0013306241
82770,0.0010110316
82771,0.0011320335
82772,0.0015295367
82773,0.0017147817
82774,0.0016498378
82775,0.0012822831
82776,0.0014917369
82777,0.0013962834
82778,0.0010688506
82779,0.0010220257
82780,0.0014998505
82781,0.0013602378
82782,0.001202592
82783,0.0016603358
82784,0.0017779109
82785,0.0015186712
82786,0.0016587925
82787,0.0015669633
82788,0.0013239803
82789,0.0014304657
82790,0.0011001154
82791,0.0008279563
82792,0.0006857548
82793,0.0012101672
82794,0.0013935084
82795,0.0010289788
82796,0.00094148086
82797,0.001465102
82798,0.0015829477
82799,0.0016391306
82800,0.001537659
82801,0.0014601473
82802,0.0015411
82803,0.0015461529
82804,0.0014895306
82805,0.0012110086
82806,0.0010159421
82807,0.0019182732
82808,0.0021719132
82809,0.0017294005
82810,0.0014820676
82811,0.0016700185
82812,0.001579469
82813,0.0017236691
82814,0.0018059761
82815,0.0015504574
82816,0.001364105
82817,0.0011102539
82818,0.0010819762
82819,0.00090757734
82820,0.00085343566
82821,0.00083230366
82822,0.001476618
82823,0.0020652278
82824,0.0018826681
82825,0.0011646266
82826,0.0006516325
82827,0.0005147439
82828,0.00062117516
82829,0.000877513
82830,0.00091125764
82831,0.0010404827
82832,0.0010434156
82833,0.0009477354
82834,0.0011053673
82835,0.0012471435
82836,0.0008764511
82837,0.0006216435
82838,0.00088727596
82839,0.0012734692
82840,0.0010325082
82841,0.00058756245
82842,0.0011572813
82843,0.0014368806
82844,0.0015830396
82845,0.002390863
82846,0.002317566
82847,0.0013129654
82848,0.0032780394
82849,0.0033672089
82850,0.0031751941
82851,0.0020958213
82852,0.0014800238
82853,0.0015700619
82854,0.003270297
82855,0.0039290492
82856,0.003024302
82857,0.0026044745
82858,0.001928819
82859,0.0008510794
82860,0.00090885913
82861,0.00065803254
82862,0.00078211527
82863,0.0010613911
82864,0.0010946785
82865,0.001016028
82866,0.00064077834
82867,0.0007699265
82868,0.0010906032
82869,0.0012909467
82870,0.0015164849
82871,0.0014408451
82872,0.0012763226
82873,0.0012834402
82874,0.0005930842
82875,0.0012905635
82876,0.0015885638
82877,0.00085503695
82878,0.00047345296
82879,0.00050722563
82880,0.00075012894
82881,0.00094123353
82882,0.0013718704
82883,0.0017363871
82884,0.0011468733
82885,0.0009914398
82886,0.0010035192
82887,0.0011025993
82888,0.0010985269
82889,0.0013238044
82890,0.0021050908
82891,0.002232025
82892,0.0012838936
82893,0.001491171
82894,0.0013687483
82895,0.0012358677
82896,0.0010022132
82897,0.0013160208
82898,0.0012909467
82899,0.001635967
82900,0.0018795583
82901,0.0020833695
82902,0.00209275
82903,0.0021070808
82904,0.002311014
82905,0.0028419571
82906,0.002359038
82907,0.0013987825
82908,0.0013780089
82909,0.0021376878
82910,0.0020293759
82911,0.0020905654
82912,0.0018693418
82913,0.0016769923
82914,0.0022490285
82915,0.0035469958
82916,0.003147502
82917,0.0
82918,0.0013362989
82919,0.001242889
82920,0.0015479777
82921,0.0014442949
82922,0.0018548218
82923,0.002347747
82924,0.003147909
82925,0.0029712257
82926,0.0021460038
82927,0.0015302976
82928,0.0018217806
82929,0.0018304664
82930,0.0020153013
82931,0.0019871753
82932,0.0017465982
82933,0.0016367141
82934,0.0012802843
82935,0.00096752035
82936,0.00077512546
82937,0.0007524533
82938,0.0010741743
82939,0.0014721766
82940,0.0015545255
82941,0.002346718
82942,0.002400533
82943,0.0018037509
82944,0.0016065447
82945,0.0016181512
82946,0.0019283964
82947,0.00178368
82948,0.0017449145
82949,0.0016582309
82950,0.0019705265
82951,0.0023411924
82952,0.0025203114
82953,0.002642195
82954,0.0031436994
82955,0.0028230718
82956,0.0016721085
82957,0.0010305897
82958,0.0010107148
82959,0.0011033381
82960,0.0013439433
82961,0.00125143
82962,0.002315053
82963,0.0034344057
82964,0.0037356464
82965,0.0033983022
82966,0.0030105286
82967,0.0031082456
82968,0.003348861
82969,0.0032389003
82970,0.0025749744
82971,0.001988859
82972,0.0017562694
82973,0.0024643536
82974,0.0028519141
82975,0.0033824213
82976,0.003691815
82977,0.004062121
82978,0.004483034
82979,0.0054404004
82980,0.0064613
82981,0.006968202
82982,0.0070953122
82983,0.006334153
82984,0.005486665
82985,0.0048958487
82986,0.004795055
82987,0.005241394
82988,0.0051125768
82989,0.0047339518
82990,0.0046589123
82991,0.0043324684
82992,0.0033483743
82993,0.0037074855
82994,0.0035104917
82995,0.0031915226
82996,0.002938991
82997,0.002116631
82998,0.0023105857
82999,0.004363787
83000,0.0034404255
83001,0.001990731
83002,0.0029285548
83003,0.0034388518
83004,0.004126522
83005,0.0042117853
83006,0.0052079377
83007,0.007393875
83008,0.008517193
83009,0.0067281397
83010,0.0051229154
83011,0.0040779593
83012,0.0023729748
83013,0.0010110316
83014,0.0009869087
83015,0.0009239131
83016,0.001294931
83017,0.0014567749
83018,0.0010062705
83019,0.0013144276
83020,0.0017661678
83021,0.0013888641
83022,0.0015232445
83023,0.0022377288
83024,0.003730212
83025,0.0036379974
83026,0.0024122524
83027,0.0031683214
83028,0.0032841153
83029,0.00369566
83030,0.004118453
83031,0.004168436
83032,0.0036129917
83033,0.002756303
83034,0.0019896636
83035,0.0032437132
83036,0.0036232555
83037,0.0027763555
83038,0.0018970056
83039,0.0012741545
83040,0.000995541
83041,0.0013325256
83042,0.0014568348
83043,0.0009942538
83044,0.000591315
83045,0.00060570857
83046,0.0006509175
83047,0.00087125547
83048,0.0015270801
83049,0.0012688901
83050,0.00070302293
83051,0.00066134136
83052,0.0008597214
83053,0.0009830971
83054,0.0011076294
83055,0.00094807317
83056,0.0007419758
83057,0.0012142967
83058,0.0011560988
83059,0.001250895
83060,0.0013306241
83061,0.0015748186
83062,0.001233888
83063,0.001012671
83064,0.0007643496
83065,0.00087239046
83066,0.0008853386
83067,0.00080622884
83068,0.0010539064
83069,0.0010641023
83070,0.00097531
83071,0.0010568295
83072,0.0012691882
83073,0.0020400037
83074,0.0023001202
83075,0.0017647336
83076,0.0010711626
83077,0.0015623316
83078,0.0017968155
83079,0.0016937428
83080,0.0017984345
83081,0.0015072061
83082,0.0012345247
83083,0.0012603289
83084,0.0018603837
83085,0.0025934556
83086,0.0024259316
83087,0.0008784081
83088,0.0007369379
83089,0.00089556875
83090,0.001291668
83091,0.0012453686
83092,0.0010384949
83093,0.00086120964
83094,0.0007340096
83095,0.001193092
83096,0.001592242
83097,0.0010769614
83098,0.0007552715
83099,0.000979865
83100,0.00079286995
83101,0.0014485606
83102,0.001609748
83103,0.0010605956
83104,0.0013605587
83105,0.0015659971
83106,0.0015863638
83107,0.0019000869
83108,0.0021538553
83109,0.0018510679
83110,0.0017578099
83111,0.0011436715
83112,0.0018192547
83113,0.0024046758
83114,0.002023056
83115,0.0018889955
83116,0.0019478429
83117,0.0020451332
83118,0.0018301485
83119,0.0022454152
83120,0.0019090873
83121,0.001645581
83122,0.0017332836
83123,0.0015178852
83124,0.00093869463
83125,0.0006250984
83126,0.0010983944
83127,0.0011509012
83128,0.00079323695
83129,0.0010095047
83130,0.0013445929
83131,0.0013531586
83132,0.0011221436
83133,0.0006790161
83134,0.000991704
83135,0.0012361503
83136,0.0013758318
83137,0.0010815726
83138,0.0009030767
83139,0.0010884395
83140,0.0014895111
83141,0.0016017186
83142,0.0016209187
83143,0.0014926145
83144,0.0015277279
83145,0.0011187148
83146,0.0012688672
83147,0.001724935
83148,0.0013415591
83149,0.00093770196
83150,0.0007937504
83151,0.0007753507
83152,0.0011988108
83153,0.0009963299
83154,0.0009218001
83155,0.0013030192
83156,0.0018486292
83157,0.0017367057
83158,0.0011546125
83159,0.0007149683
83160,0.00048348936
83161,0.0008236567
83162,0.0011561995
83163,0.0009166393
83164,0.0006977456
83165,0.00074740814
83166,0.00091794017
83167,0.0009808149
83168,0.00093919056
83169,0.0006983293
83170,0.000648319
83171,0.001111747
83172,0.001339627
83173,0.0010488961
83174,0.0008604658
83175,0.0011299748
83176,0.0011627007
83177,0.0014061286
83178,0.002899983
83179,0.0033239215
83180,0.002371662
83181,0.0040822895
83182,0.0040662023
83183,0.0033630317
83184,0.00237425
83185,0.0016362339
83186,0.0018270926
83187,0.0033058529
83188,0.0042257756
83189,0.003073434
83190,0.0025382848
83191,0.0020294045
83192,0.0007640068
83193,0.0010522758
83194,0.0010696944
83195,0.0008187659
83196,0.0006939814
83197,0.0006735939
83198,0.0010781228
83199,0.0013014548
83200,0.001601973
83201,0.0018276979
83202,0.001965158
83203,0.0018112704
83204,0.0014942321
83205,0.001382858
83206,0.0015294795
83207,0.0011665741
83208,0.001115145
83209,0.0014940568
83210,0.0014903315
83211,0.0009407387
83212,0.0004210707
83213,0.00053980324
83214,0.00061197067
83215,0.0010115495
83216,0.0013746255
83217,0.0011414044
83218,0.0013854232
83219,0.0012586883
83220,0.0015607474
83221,0.001250546
83222,0.0012686149
83223,0.0020056313
83224,0.0019343938
83225,0.0017524539
83226,0.0018369422
83227,0.0015386429
83228,0.0013159324
83229,0.0011323934
83230,0.0010295726
83231,0.0010512796
83232,0.0013403003
83233,0.0016037162
83234,0.0016521119
83235,0.0017613495
83236,0.0021266039
83237,0.0025656328
83238,0.003112793
83239,0.0031141578
83240,0.002083621
83241,0.0009847832
83242,0.0013792756
83243,0.0013258255
83244,0.0013045595
83245,0.0012073984
83246,0.00093540235
83247,0.0016651492
83248,0.0024859302
83249,0.0024521234
83250,0.0
83251,0.0026423382
83252,0.001831007
83253,0.0015563591
83254,0.0012814885
83255,0.0015414209
83256,0.001732343
83257,0.0029567028
83258,0.0029830348
83259,0.0023819355
83260,0.0015851157
83261,0.001953289
83262,0.0019309755
83263,0.002052704
83264,0.002098028
83265,0.0018685164
83266,0.0018221639
83267,0.001350489
83268,0.001151508
83269,0.0010095047
83270,0.0004754772
83271,0.000553381
83272,0.0010564163
83273,0.0016638204
83274,0.0026428227
83275,0.0024017813
83276,0.0015912913
83277,0.0009223998
83278,0.00095751183
83279,0.0009459526
83280,0.0012240127
83281,0.0013701721
83282,0.0012189853
83283,0.0015711181
83284,0.0019342133
83285,0.0019518579
83286,0.0023193485
83287,0.0030067752
83288,0.0030972054
83289,0.0023774593
83290,0.0012153748
83291,0.001024841
83292,0.0009729198
83293,0.00129841
83294,0.001052663
83295,0.0013270103
83296,0.0030839934
83297,0.004281321
83298,0.004703186
83299,0.004464819
83300,0.004086479
83301,0.0041720723
83302,0.0037275273
83303,0.003018484
83304,0.0020192976
83305,0.001210528
83306,0.001251337
83307,0.0024805858
83308,0.0032803912
83309,0.0041016424
83310,0.00517323
83311,0.005513403
83312,0.005925692
83313,0.0062553035
83314,0.0062478315
83315,0.006448251
83316,0.006312152
83317,0.0061342516
83318,0.0053414046
83319,0.0049110255
83320,0.0044257985
83321,0.0039028288
83322,0.0034287232
83323,0.003889697
83324,0.003987014
83325,0.0031987822
83326,0.0027905756
83327,0.0023483173
83328,0.00246754
83329,0.0028995113
83330,0.003145504
83331,0.0030838896
83332,0.0048566656
83333,0.0038492242
83334,0.0019040958
83335,0.0025978172
83336,0.003202874
83337,0.0041670254
83338,0.005641869
83339,0.0051149502
83340,0.007605531
83341,0.009385522
83342,0.0061563873
83343,0.0046506966
83344,0.0038465618
83345,0.002047039
83346,0.0014512504
83347,0.0015931922
83348,0.0013753029
83349,0.0014858919
83350,0.0013448526
83351,0.0006790161
83352,0.0008853714
83353,0.0013435535
83354,0.0011385705
83355,0.0018101613
83356,0.0022577208
83357,0.0029486993
83358,0.0038786149
83359,0.0029288032
83360,0.0026804593
83361,0.0032443232
83362,0.0035129199
83363,0.0032985376
83364,0.0033650042
83365,0.0034911046
83366,0.0032268642
83367,0.0027529432
83368,0.0022722278
83369,0.0025340847
83370,0.0022066499
83371,0.0016906642
83372,0.0011698378
83373,0.0010524418
83374,0.0013137853
83375,0.0015923152
83376,0.0012462564
83377,0.0006923019
83378,0.0004857115
83379,0.0007750128
83380,0.00081833923
83381,0.001226127
83382,0.0013532232
83383,0.0010452827
83384,0.00081887253
83385,0.00069695263
83386,0.0008371501
83387,0.0011707827
83388,0.00094558334
83389,0.0005755517
83390,0.000733851
83391,0.0008612772
83392,0.0010185456
83393,0.0011505724
83394,0.0017235847
83395,0.0015854462
83396,0.0013009628
83397,0.0009817048
83398,0.000776401
83399,0.00052659406
83400,0.00047104948
83401,0.0007903331
83402,0.00085795927
83403,0.00074428646
83404,0.0009442898
83405,0.0009368946
83406,0.0016552974
83407,0.0023659735
83408,0.0025186825
83409,0.0021492562
83410,0.0018541312
83411,0.0020289025
83412,0.0017867775
83413,0.0016208469
83414,0.0012214181
83415,0.00122883
83416,0.0014796109
83417,0.0015921507
83418,0.0025311543
83419,0.0029451835
83420,0.001718105
83421,0.0011436968
83422,0.0010824334
83423,0.0011389795
83424,0.0009537354
83425,0.00045393294
83426,0.00064849854
83427,0.0009646886
83428,0.001497695
83429,0.0022149172
83430,0.0020254857
83431,0.0014695054
83432,0.0007845674
83433,0.0011312105
83434,0.0012957399
83435,0.0013334209
83436,0.0008010138
83437,0.001316043
83438,0.0015058538
83439,0.0016589679
83440,0.0025859934
83441,0.0024228825
83442,0.0015809239
83443,0.0014591704
83444,0.0014133955
83445,0.0027214277
83446,0.0033757894
83447,0.002403126
83448,0.002028544
83449,0.0018689836
83450,0.0019043097
83451,0.0015916021
83452,0.0024104903
83453,0.0023598643
83454,0.0018477316
83455,0.0016314421
83456,0.001708763
83457,0.0013091028
83458,0.0011891336
83459,0.0013884869
83460,0.0010457837
83461,0.0007123992
83462,0.00060267386
83463,0.0004755384
83464,0.00073007366
83465,0.0007447946
83466,0.00064733066
83467,0.0011194431
83468,0.0009363664
83469,0.0007811844
83470,0.0010818148
83471,0.0014123244
83472,0.0018557316
83473,0.0017952113
83474,0.0013938425
83475,0.0013155342
83476,0.0012806024
83477,0.0013145825
83478,0.0011892315
83479,0.0015109669
83480,0.0016955632
83481,0.0010601839
83482,0.0006953221
83483,0.0007627105
83484,0.00080250204
83485,0.0012957174
83486,0.0011054201
83487,0.0013611575
83488,0.0017892028
83489,0.001601228
83490,0.0015117757
83491,0.0012138892
83492,0.00076453993
83493,0.00045495763
83494,0.0011687675
83495,0.0014074113
83496,0.0008029009
83497,0.0007036023
83498,0.0011030743
83499,0.0010802264
83500,0.0010344232
83501,0.0006323659
83502,0.00062183075
83503,0.0007699265
83504,0.0012677887
83505,0.0015411377
83506,0.0010080044
83507,0.00080565107
83508,0.0010856818
83509,0.0010227374
83510,0.0016515657
83511,0.0034217134
83512,0.004020177
83513,0.0029378321
83514,0.0037682876
83515,0.002958366
83516,0.0014194775
83517,0.0014485808
83518,0.0017835984
83519,0.0023303274
83520,0.0029227254
83521,0.004093808
83522,0.0034978008
83523,0.0024726538
83524,0.0019217292
83525,0.0009612129
83526,0.0012796703
83527,0.001636963
83528,0.0016346857
83529,0.0015416475
83530,0.0014457854
83531,0.0016320486
83532,0.0017903574
83533,0.0019507841
83534,0.00210123
83535,0.0020425844
83536,0.0016089523
83537,0.0012162843
83538,0.001185604
83539,0.0013989488
83540,0.0017069908
83541,0.001381679
83542,0.0011732412
83543,0.0015360303
83544,0.0011316736
83545,0.0004167633
83546,0.00035744344
83547,0.0006151014
83548,0.0008279563
83549,0.00089566625
83550,0.00082457485
83551,0.00109744
83552,0.0009020126
83553,0.0015055059
83554,0.0013220224
83555,0.0014145481
83556,0.0016752211
83557,0.0013827949
83558,0.0014732833
83559,0.0014177542
83560,0.0012796476
83561,0.0011360883
83562,0.0014914637
83563,0.0014681977
83564,0.0014546557
83565,0.0010429971
83566,0.0010548172
83567,0.000953308
83568,0.0011947252
83569,0.0018976959
83570,0.002774835
83571,0.0035198722
83572,0.0034126341
83573,0.0026838123
83574,0.0015988451
83575,0.0014571943
83576,0.001621188
83577,0.0013321762
83578,0.00093677035
83579,0.0007657951
83580,0.0015102155
83581,0.0019888442
83582,0.0022158762
83583,0.0
83584,0.002992425
83585,0.0027619884
83586,0.0024686367
83587,0.0016553501
83588,0.0010008474
83589,0.0010114345
83590,0.0017168341
83591,0.002203667
83592,0.001868423
83593,0.0014800238
83594,0.0017984184
83595,0.0017999874
83596,0.001795195
83597,0.0017056091
83598,0.0015038812
83599,0.0011876642
83600,0.00078874803
83601,0.0013031533
83602,0.0012694176
83603,0.0008180191
83604,0.001217289
83605,0.0014873211
83606,0.0018746433
83607,0.0028843249
83608,0.0030534072
83609,0.0016792122
83610,0.00083244353
83611,0.0010558928
83612,0.0012325192
83613,0.0015877758
83614,0.0015842892
83615,0.0015548998
83616,0.0015262794
83617,0.0015921507
83618,0.0017730588
83619,0.0021161498
83620,0.0025621024
83621,0.0030789122
83622,0.0031100055
83623,0.0024635266
83624,0.0017833046
83625,0.001821493
83626,0.0018853097
83627,0.0018317698
83628,0.0011693898
83629,0.0019235457
83630,0.003269042
83631,0.0044947495
83632,0.004753131
83633,0.004149528
83634,0.0038069456
83635,0.0030350417
83636,0.0022285017
83637,0.001577865
83638,0.0009517192
83639,0.00094339554
83640,0.0018610563
83641,0.002639539
83642,0.0032194147
83643,0.004864647
83644,0.005793233
83645,0.0068920082
83646,0.007045501
83647,0.0070680566
83648,0.0065218117
83649,0.0059215655
83650,0.0052376557
83651,0.004204288
83652,0.0037144183
83653,0.00253066
83654,0.0022098394
83655,0.0025184746
83656,0.0034037875
83657,0.003611211
83658,0.0036261221
83659,0.0032412808
83660,0.0025201265
83661,0.0024312404
83662,0.003334604
83663,0.004070795
83664,0.0038416104
83665,0.0047220527
83666,0.003504725
83667,0.0014560955
83668,0.0025587948
83669,0.0031440048
83670,0.00371376
83671,0.0068659084
83672,0.0066625583
83673,0.006909174
83674,0.008464056
83675,0.005945076
83676,0.0043084603
83677,0.003241999
83678,0.0016794376
83679,0.001534438
83680,0.0016340802
83681,0.0014628556
83682,0.001731923
83683,0.0014083829
83684,0.00082542154
83685,0.00085302634
83686,0.00088793173
83687,0.0011147273
83688,0.0020695638
83689,0.0023335847
83690,0.0022541601
83691,0.003874899
83692,0.0035373578
83693,0.0016975703
83694,0.003165261
83695,0.0036469065
83696,0.0031777413
83697,0.0026716501
83698,0.0028214322
83699,0.0034229038
83700,0.0034754886
83701,0.002794765
83702,0.0021168236
83703,0.001885001
83704,0.0015244286
83705,0.0012076636
83706,0.0011848428
83707,0.0012865431
83708,0.0015558354
83709,0.0012125938
83710,0.0006040727
83711,0.00060445804
83712,0.0008426942
83713,0.0007784974
83714,0.00095156627
83715,0.001572988
83716,0.0014010278
83717,0.0009748921
83718,0.00083478267
83719,0.0009685125
83720,0.0011350889
83721,0.001263857
83722,0.0013185174
83723,0.0011673472
83724,0.00077741244
83725,0.00073043234
83726,0.0013344027
83727,0.0015694315
83728,0.0012870858
83729,0.0008773804
83730,0.0009147323
83731,0.000797007
83732,0.00080322707
83733,0.00051750697
83734,0.00062248565
83735,0.000643362
83736,0.0010453663
83737,0.0011674968
83738,0.00068660313
83739,0.0012805343
83740,0.0022357511
83741,0.0026114495
83742,0.0026164597
83743,0.0021287105
83744,0.0015785474
83745,0.0011958209
83746,0.0011165014
83747,0.0012135535
83748,0.0019907018
83749,0.001896223
83750,0.0011761894
83751,0.0021477526
83752,0.0028205656
83753,0.0021831002
83754,0.0017723693
83755,0.001416563
83756,0.0012098064
83757,0.0009748623
83758,0.0006951965
83759,0.00089903927
83760,0.0009572078
83761,0.0012650309
83762,0.0020140735
83763,0.0022427435
83764,0.0018855258
83765,0.0010731443
83766,0.0010908967
83767,0.0011505471
83768,0.0011278093
83769,0.00096890307
83770,0.0014755533
83771,0.001578031
83772,0.0017550427
83773,0.0025934556
83774,0.0021485384
83775,0.0011057885
83776,0.0013306241
83777,0.0014599679
83778,0.002966638
83779,0.003762893
83780,0.0022689593
83781,0.0014746457
83782,0.0011447397
83783,0.0012090845
83784,0.0014847751
83785,0.0023717603
83786,0.0021731725
83787,0.0015892416
83788,0.0014342855
83789,0.0015088273
83790,0.0010131882
83791,0.0010745536
83792,0.0010205153
83793,0.00064241135
83794,0.0006965349
83795,0.00058383564
83796,0.0007890432
83797,0.0012607676
83798,0.00126533
83799,0.0011873946
83800,0.0015600945
83801,0.001312522
83802,0.001557163
83803,0.0019706595
83804,0.0019752765
83805,0.001972962
83806,0.0016339555
83807,0.0015864004
83808,0.0019313975
83809,0.0016204697
83810,0.0013929862
83811,0.0009950439
83812,0.0011319563
83813,0.0010986594
83814,0.00062183075
83815,0.0004727763
83816,0.00080057763
83817,0.00090574764
83818,0.0011227659
83819,0.00094816525
83820,0.0013647237
83821,0.0020983054
83822,0.001766629
83823,0.0013678124
83824,0.00096887304
83825,0.000691208
83826,0.00081277225
83827,0.0014331691
83828,0.0015012857
83829,0.00079944986
83830,0.0007575032
83831,0.0009477354
83832,0.0012203931
83833,0.0012642714
83834,0.0013237604
83835,0.00079309015
83836,0.0009188908
83837,0.0013371916
83838,0.0014517918
83839,0.0011450193
83840,0.0013970961
83841,0.0017940437
83842,0.0018073294
83843,0.0021186376
83844,0.0036047013
83845,0.0041485038
83846,0.0024535947
83847,0.002548252
83848,0.0020621675
83849,0.0015362767
83850,0.0018321669
83851,0.0022223943
83852,0.0022542377
83853,0.0026385575
83854,0.003679014
83855,0.0035117185
83856,0.0030689423
83857,0.0019493215
83858,0.0011465688
83859,0.0012323539
83860,0.0013641691
83861,0.0014456444
83862,0.0013672165
83863,0.0016370874
83864,0.0021404088
83865,0.002229755
83866,0.0018120093
83867,0.0015366934
83868,0.0012931317
83869,0.00074083736
83870,0.00060973136
83871,0.0008328979
83872,0.0010708093
83873,0.0019556268
83874,0.0019297844
83875,0.0012544962
83876,0.0014282055
83877,0.0010397552
83878,0.00048487188
83879,0.0007498185
83880,0.001002068
83881,0.000989824
83882,0.0008539811
83883,0.00080014125
83884,0.0009871741
83885,0.0008445226
83886,0.0012708841
83887,0.0014997729
83888,0.0016402134
83889,0.0012624054
83890,0.0008284483
83891,0.0007490418
83892,0.0007139907
83893,0.00075202767
83894,0.0009846058
83895,0.001262221
83896,0.0014186366
83897,0.0012482165
83898,0.000822419
83899,0.0005621471
83900,0.00031131296
83901,0.0006611213
83902,0.0015748556
83903,0.0025466296
83904,0.003141069
83905,0.0035767867
83906,0.003443909
83907,0.0026821636
83908,0.0021024486
83909,0.0022173598
83910,0.001936003
83911,0.0016532918
83912,0.0014786468
83913,0.0015489174
83914,0.0016849566
83915,0.0016977931
83916,0.0
83917,0.002996847
83918,0.0029929795
83919,0.0027897307
83920,0.002169017
83921,0.001210071
83922,0.001028611
83923,0.0016247565
83924,0.0017265204
83925,0.001270151
83926,0.0010348171
83927,0.0012033178
83928,0.0012547513
83929,0.0013335082
83930,0.00107931
83931,0.000984044
83932,0.001221299
83933,0.0011374964
83934,0.0014115411
83935,0.0014699608
83936,0.0012080972
83937,0.0017208302
83938,0.0017159863
83939,0.0020536538
83940,0.0031729385
83941,0.0036371334
83942,0.002539752
83943,0.0016782933
83944,0.0011121659
83945,0.0012568372
83946,0.0016502083
83947,0.0015923883
83948,0.0016515481
83949,0.0014642675
83950,0.0012574622
83951,0.0016114466
83952,0.0023026746
83953,0.0028802454
83954,0.003565785
83955,0.0037882
83956,0.0029409016
83957,0.002409645
83958,0.0023802733
83959,0.002405668
83960,0.002257669
83961,0.0021037078
83962,0.0023650876
83963,0.0022135633
83964,0.0033435293
83965,0.003971208
83966,0.0040830234
83967,0.004015048
83968,0.003154088
83969,0.0023967717
83970,0.002065383
83971,0.0014324988
83972,0.0008566692
83973,0.0011418887
83974,0.0015268322
83975,0.0021030852
83976,0.0026600778
83977,0.003531495
83978,0.0044368915
83979,0.0052939313
83980,0.0054276963
83981,0.004902959
83982,0.0040406487
83983,0.0030888403
83984,0.0026300948
83985,0.0025119483
83986,0.002344683
83987,0.0020105157
83988,0.002223062
83989,0.0026669945
83990,0.002808809
83991,0.0033473312
83992,0.0034312857
83993,0.002751378
83994,0.0026673547
83995,0.003413973
83996,0.004889603
83997,0.005074511
83998,0.005213322
83999,0.0040199016
84000,0.0017111799
84001,0.0022220537
84002,0.00421742
84003,0.004697855
84004,0.0076500154
84005,0.0075931223
84006,0.0068122805
84007,0.007822719
84008,0.0052610748
84009,0.0036606388
84010,0.0029962936
84011,0.0018166932
84012,0.001464029
84013,0.0014547757
84014,0.001516197
84015,0.002100565
84016,0.0018994435
84017,0.001320745
84018,0.0012040191
84019,0.0009834819
84020,0.0014737771
84021,0.0024145558
84022,0.0022735596
84023,0.001971073
84024,0.003427849
84025,0.0032666016
84026,0.0011751001
84027,0.002523358
84028,0.003330744
84029,0.003326941
84030,0.0027590997
84031,0.0024031382
84032,0.0029430483
84033,0.0038957978
84034,0.004591026
84035,0.0047244374
84036,0.0038289072
84037,0.0028090577
84038,0.0018223396
84039,0.0017695097
84040,0.0016588627
84041,0.0016677689
84042,0.0014933164
84043,0.0010903364
84044,0.0011447906
84045,0.0010188599
84046,0.00057953276
84047,0.00088855426
84048,0.0018597422
84049,0.0015995186
84050,0.0010377939
84051,0.00077211583
84052,0.0008692824
84053,0.0011390817
84054,0.001381089
84055,0.001394114
84056,0.0012594742
84057,0.00077354687
84058,0.0010467296
84059,0.0015095215
84060,0.0013406693
84061,0.001203874
84062,0.0013147596
84063,0.001474922
84064,0.0013477062
84065,0.0012776445
84066,0.00093645963
84067,0.00071647286
84068,0.00058919477
84069,0.0011210279
84070,0.0012928616
84071,0.0013983663
84072,0.0019144613
84073,0.0020642977
84074,0.0023353552
84075,0.002736348
84076,0.0021968416
84077,0.0014519321
84078,0.0012463265
84079,0.0015220976
84080,0.0017265878
84081,0.0018335484
84082,0.0014133543
84083,0.0010935613
84084,0.0012369035
84085,0.0017827334
84086,0.0017430787
84087,0.0014097875
84088,0.0011316736
84089,0.0011080235
84090,0.0011438241
84091,0.001205396
84092,0.0017439801
84093,0.0017961676
84094,0.001542025
84095,0.0014512104
84096,0.0020590038
84097,0.0020912893
84098,0.0015893697
84099,0.0012257234
84100,0.0007223792
84101,0.00071411295
84102,0.0012524994
84103,0.0014259418
84104,0.001364233
84105,0.0018664593
84106,0.0025297971
84107,0.0017874778
84108,0.0015465105
84109,0.0018067495
84110,0.0021804324
84111,0.002779823
84112,0.0032053809
84113,0.0018885025
84114,0.0013923384
84115,0.0024158088
84116,0.0034497941
84117,0.0038662064
84118,0.003739851
84119,0.0026850048
84120,0.0020892147
84121,0.001702911
84122,0.0013898488
84123,0.00069238595
84124,0.00071631034
84125,0.00076666876
84126,0.00075738796
84127,0.0008248219
84128,0.00092564395
84129,0.0012800796
84130,0.0017408901
84131,0.0018843214
84132,0.0022084296
84133,0.0026803075
84134,0.002332387
84135,0.0018147057
84136,0.0017936705
84137,0.0017034407
84138,0.0015354808
84139,0.0012939418
84140,0.0026375535
84141,0.0026703207
84142,0.0019609474
84143,0.0014511502
84144,0.00061854586
84145,0.0005873643
84146,0.0005460216
84147,0.00060801057
84148,0.0008012317
84149,0.0008551731
84150,0.0012318105
84151,0.0011710313
84152,0.0009454602
84153,0.001304671
84154,0.002338207
84155,0.002187522
84156,0.0011937991
84157,0.00058652135
84158,0.00040067034
84159,0.00077317056
84160,0.001274794
84161,0.0011498386
84162,0.0008009774
84163,0.00086033053
84164,0.0009030767
84165,0.0011079183
84166,0.0010751493
84167,0.0013495621
84168,0.0008097588
84169,0.0009854035
84170,0.0013105692
84171,0.0012111048
84172,0.0013279092
84173,0.0018671141
84174,0.0021082407
84175,0.0021011468
84176,0.0021088342
84177,0.002865536
84178,0.00335552
84179,0.002309704
84180,0.0022610957
84181,0.002507774
84182,0.00238522
84183,0.0020025235
84184,0.0017631826
84185,0.0020114274
84186,0.0030166996
84187,0.0033499298
84188,0.003071568
84189,0.003506792
84190,0.0023754141
84191,0.001228143
84192,0.0010110316
84193,0.000831604
84194,0.0008107645
84195,0.0009477354
84196,0.0014417133
84197,0.0020035552
84198,0.0022696392
84199,0.0021001354
84200,0.0016708026
84201,0.0011031535
84202,0.0006270508
84203,0.00067047577
84204,0.0007458099
84205,0.0009442898
84206,0.0018183106
84207,0.0018495736
84208,0.0011974018
84209,0.0010795526
84210,0.0010149676
84211,0.0010129584
84212,0.0009562039
84213,0.0011441548
84214,0.0011162146
84215,0.0009530027
84216,0.00096743007
84217,0.0011612981
84218,0.00083978806
84219,0.0009774859
84220,0.0013379313
84221,0.001272852
84222,0.0008738238
84223,0.0010128435
84224,0.0010322264
84225,0.0011440531
84226,0.001033438
84227,0.0008998159
84228,0.00033922933
84229,0.0009111299
84230,0.00095839286
84231,0.0006636258
84232,0.0005504279
84233,0.0004334678
84234,0.00084086176
84235,0.0009748623
84236,0.002068157
84237,0.0030257932
84238,0.003429258
84239,0.0038610615
84240,0.0037069044
84241,0.0029119712
84242,0.002423627
84243,0.0019572333
84244,0.0018599925
84245,0.001690406
84246,0.0016571248
84247,0.002010559
84248,0.0021469528
84249,0.0
84250,0.002491088
84251,0.0023004238
84252,0.002781372
84253,0.0027535667
84254,0.0019010364
84255,0.0014342247
84256,0.0015666474
84257,0.001495264
84258,0.00087225705
84259,0.0006049393
84260,0.00086005987
84261,0.0010794448
84262,0.0010902295
84263,0.0010418245
84264,0.0012783733
84265,0.0014967232
84266,0.0017980624
84267,0.0017186301
84268,0.001715698
84269,0.0015370343
84270,0.0014817338
84271,0.0011937991
84272,0.0014096429
84273,0.0027822615
84274,0.0032911443
84275,0.0024750654
84276,0.0018887182
84277,0.0013983663
84278,0.001539267
84279,0.0017282389
84280,0.0015556109
84281,0.0015044423
84282,0.0011176998
84283,0.0011526953
84284,0.0014454431
84285,0.0019446277
84286,0.0024351396
84287,0.0029873343
84288,0.0037346412
84289,0.0032213847
84290,0.002729234
84291,0.0024282697
84292,0.0028003515
84293,0.0027971487
84294,0.003103401
84295,0.003802708
84296,0.0029009762
84297,0.0024987753
84298,0.0032141218
84299,0.003903604
84300,0.0045442893
84301,0.004004342
84302,0.003123275
84303,0.0028843954
84304,0.0020688183
84305,0.0010746077
84306,0.0013542551
84307,0.0011751249
84308,0.0015131995
84309,0.0017610025
84310,0.0024622267
84311,0.0028014218
84312,0.0027487746
84313,0.0027370818
84314,0.0033686867
84315,0.0038866804
84316,0.003787885
84317,0.002999565
84318,0.002662473
84319,0.002228162
84320,0.0016975531
84321,0.0024208154
84322,0.003335372
84323,0.002961601
84324,0.0026920198
84325,0.003099948
84326,0.0028900001
84327,0.003009194
84328,0.003537251
84329,0.0045944476
84330,0.005228902
84331,0.0059613697
84332,0.0052094297
84333,0.004238827
84334,0.0038301004
84335,0.005178089
84336,0.005655934
84337,0.008340181
84338,0.007912061
84339,0.005615312
84340,0.0064601875
84341,0.005024204
84342,0.003180881
84343,0.0025770194
84344,0.0015357462
84345,0.0014545757
84346,0.001508017
84347,0.0017497115
84348,0.0023030539
84349,0.0021311564
84350,0.0016335458
84351,0.0012727376
84352,0.00088016235
84353,0.0010952633
84354,0.0024098502
84355,0.0021715113
84356,0.0014298959
84357,0.0025504325
84358,0.0027324206
84359,0.0016426424
84360,0.0018973892
84361,0.0024441464
84362,0.002660625
84363,0.002481102
84364,0.0021401914
84365,0.0019450617
84366,0.0031894064
84367,0.0042484356
84368,0.0048208837
84369,0.0043476303
84370,0.0033558584
84371,0.0023528365
84372,0.0020173367
84373,0.0018747365
84374,0.0018041865
84375,0.0016442363
84376,0.0014710494
84377,0.0017349954
84378,0.0014526736
84379,0.00090026855
84380,0.0012377268
84381,0.0021692046
84382,0.0018210296
84383,0.00094413565
84384,0.00066458987
84385,0.0012653529
84386,0.0013965127
84387,0.0010796335
84388,0.0011545117
84389,0.0011753725
84390,0.00088822667
84391,0.0011616739
84392,0.0012900446
84393,0.001266985
84394,0.0016856991
84395,0.0019389022
84396,0.0014803188
84397,0.001388948
84398,0.0013717855
84399,0.0011132382
84400,0.00082598545
84401,0.000747486
84402,0.0011320593
84403,0.0010467018
84404,0.001273652
84405,0.0014736783
84406,0.0015467362
84407,0.0016112659
84408,0.002130323
84409,0.002207955
84410,0.0017905524
84411,0.0018202782
84412,0.0018289076
84413,0.0016364118
84414,0.0012435913
84415,0.0009175596
84416,0.00084706896
84417,0.001119105
84418,0.0012873572
84419,0.0013650648
84420,0.0013862633
84421,0.0015450984
84422,0.001663313
84423,0.0020275968
84424,0.0021235088
84425,0.0026607343
84426,0.0024921624
84427,0.0021675
84428,0.001801846
84429,0.00187194
84430,0.0021645844
84431,0.0018592883
84432,0.0015038812
84433,0.0012947737
84434,0.0014458055
84435,0.0016224979
84436,0.0013918157
84437,0.0010917501
84438,0.001717851
84439,0.0020721497
84440,0.0014594694
84441,0.001494719
84442,0.0016844383
84443,0.0018776527
84444,0.0019900294
84445,0.0023280783
84446,0.001794968
84447,0.0022119323
84448,0.0030540363
84449,0.004059899
84450,0.0042274077
84451,0.003892128
84452,0.0026398588
84453,0.0020524347
84454,0.0020212138
84455,0.0015620708
84456,0.001151432
84457,0.0009456141
84458,0.0007618324
84459,0.0007949595
84460,0.0013046265
84461,0.001505564
84462,0.0018124429
84463,0.0022640284
84464,0.002295028
84465,0.0023555933
84466,0.0030619167
84467,0.0030034631
84468,0.0023758186
84469,0.0012941667
84470,0.0009393145
84471,0.0011925795
84472,0.0013218683
84473,0.0030431722
84474,0.0025643734
84475,0.0013182304
84476,0.0015155443
84477,0.0011034964
84478,0.00039215386
84479,0.0008943004
84480,0.0011083649
84481,0.0011567028
84482,0.0011052093
84483,0.0011882521
84484,0.0010922299
84485,0.00088052603
84486,0.00096227205
84487,0.00217261
84488,0.0022846055
84489,0.0011388516
84490,0.00046307346
84491,0.00020343463
84492,0.00086272904
84493,0.0012947512
84494,0.0010149962
84495,0.00095058704
84496,0.00094163546
84497,0.00082700665
84498,0.0007677688
84499,0.000672383
84500,0.0009290021
84501,0.0007742238
84502,0.0008692824
84503,0.0012707236
84504,0.0009550466
84505,0.001403705
84506,0.0018517595
84507,0.0017940761
84508,0.0017714987
84509,0.0015329958
84510,0.0019262522
84511,0.002512412
84512,0.0018630569
84513,0.0017132196
84514,0.002302662
84515,0.0022160995
84516,0.0020470677
84517,0.0013103471
84518,0.001687304
84519,0.0028594967
84520,0.0031516326
84521,0.0029984394
84522,0.0038258808
84523,0.0026858612
84524,0.0009919093
84525,0.0007827848
84526,0.0009085709
84527,0.0012316216
84528,0.0012705633
84529,0.0012918933
84530,0.0016356824
84531,0.0019741566
84532,0.002097806
84533,0.001996308
84534,0.0014731648
84535,0.0009134587
84536,0.0006091105
84537,0.00078482705
84538,0.0007281976
84539,0.0013628243
84540,0.0013510708
84541,0.0009921147
84542,0.0010275919
84543,0.0011346271
84544,0.0014455438
84545,0.0014302622
84546,0.0014100558
84547,0.0011072352
84548,0.0007903331
84549,0.00064602547
84550,0.00078930135
84551,0.00092063117
84552,0.0012112249
84553,0.0012688442
84554,0.00077309523
84555,0.00073246163
84556,0.0010248694
84557,0.0011890113
84558,0.0011996359
84559,0.0012207031
84560,0.0011682942
84561,0.0008843518
84562,0.0013017008
84563,0.001201236
84564,0.0007244712
84565,0.0007362267
84566,0.00089774345
84567,0.0009979353
84568,0.0008121633
84569,0.0014625969
84570,0.002021473
84571,0.0027437937
84572,0.003509513
84573,0.0038367512
84574,0.0032897645
84575,0.0023673386
84576,0.0018334056
84577,0.0015571069
84578,0.001339388
84579,0.0017315532
84580,0.0022283318
84581,0.0027661684
84582,0.0
84583,0.0023790502
84584,0.0022113533
84585,0.0026624838
84586,0.0028497602
84587,0.0022720613
84588,0.0021378782
84589,0.0023150153
84590,0.0024296478
84591,0.0016953229
84592,0.0008034807
84593,0.0007788711
84594,0.0011331384
84595,0.0012372093
84596,0.001316883
84597,0.0014988993
84598,0.0012726233
84599,0.0016172697
84600,0.0016333854
84601,0.0018606653
84602,0.0016466948
84603,0.0016299073
84604,0.001273172
84605,0.002002509
84606,0.002273201
84607,0.0022164672
84608,0.0021891578
84609,0.002388622
84610,0.0024223058
84611,0.001974584
84612,0.0019130926
84613,0.0016552798
84614,0.0014010485
84615,0.0008608378
84616,0.0009111938
84617,0.0009971475
84618,0.0009895004
84619,0.0013103249
84620,0.0021050493
84621,0.0029084908
84622,0.002737709
84623,0.001991535
84624,0.0017928428
84625,0.002504836
84626,0.00265515
84627,0.0039245132
84628,0.00471283
84629,0.0030919197
84630,0.0017518227
84631,0.0016392727
84632,0.002835488
84633,0.0039370856
84634,0.0039323294
84635,0.0032116852
84636,0.003007743
84637,0.0024233868
84638,0.0013936128
84639,0.0015928816
84640,0.0013512216
84641,0.0010773396
84642,0.0013005153
84643,0.0016409762
84644,0.0020555803
84645,0.0017928428
84646,0.0023614177
84647,0.002722283
84648,0.003642938
84649,0.0037191713
84650,0.0028613587
84651,0.0018853714
84652,0.0017372082
84653,0.0019798095
84654,0.0025518814
84655,0.0036052421
84656,0.0035493907
84657,0.0034697477
84658,0.0033907315
84659,0.0031553612
84660,0.0030848803
84661,0.0030759142
84662,0.0040912624
84663,0.00507818
84664,0.0062212697
84665,0.005834028
84666,0.005118346
84667,0.004889329
84668,0.005861615
84669,0.0069224215
84670,0.007910471
84671,0.0069726696
84672,0.0049628727
84673,0.005042037
84674,0.0036595017
84675,0.0029581003
84676,0.0021797782
84677,0.0011917984
84678,0.001423511
84679,0.0015905778
84680,0.0018481726
84681,0.0025153526
84682,0.002469238
84683,0.0018170937
84684,0.001124346
84685,0.00070834317
84686,0.001037822
84687,0.0021775875
84688,0.0020654392
84689,0.001766629
84690,0.0024014057
84691,0.0029069595
84692,0.0022369223
84693,0.0014916589
84694,0.0018634318
84695,0.002325589
84696,0.0033865834
84697,0.0042181443
84698,0.005024899
84699,0.0049775587
84700,0.0042245425
84701,0.003034217
84702,0.0028341531
84703,0.002839283
84704,0.0025251682
84705,0.0020371627
84706,0.0019886394
84707,0.0020707587
84708,0.0022066631
84709,0.002067552
84710,0.0026006277
84711,0.0024377557
84712,0.002209273
84713,0.002212669
84714,0.0026417323
84715,0.0023332105
84716,0.0015071289
84717,0.00056581106
84718,0.0013304054
84719,0.0013889899
84720,0.0009034956
84721,0.0012653529
84722,0.0011214172
84723,0.0011762884
84724,0.0016894932
84725,0.0016806675
84726,0.0016776517
84727,0.0016546114
84728,0.001468812
84729,0.0008680427
84730,0.0008405848
84731,0.0007947764
84732,0.00070834317
84733,0.0007587317
84734,0.00079740863
84735,0.00079147384
84736,0.00058328704
84737,0.0007123992
84738,0.00086316746
84739,0.0011758181
84740,0.0014486812
84741,0.0015175209
84742,0.0017128797
84743,0.001730679
84744,0.0016913355
84745,0.0014115823
84746,0.0011061833
84747,0.00078693795
84748,0.00083506154
84749,0.0010959009
84750,0.001645015
84751,0.001796443
84752,0.0020196147
84753,0.0016012825
84754,0.0018820033
84755,0.0019270376
84756,0.002134595
84757,0.002155341
84758,0.0022891744
84759,0.0018796357
84760,0.0016097118
84761,0.001554076
84762,0.0015646026
84763,0.0015910901
84764,0.0015264892
84765,0.0013279312
84766,0.0013507692
84767,0.0017125059
84768,0.0016917312
84769,0.0013507046
84770,0.0012343125
84771,0.0015320083
84772,0.0015749111
84773,0.0010936944
84774,0.0012610906
84775,0.0013573248
84776,0.0013562094
84777,0.0012764139
84778,0.0015421949
84779,0.0015177318
84780,0.0019450168
84781,0.0022798234
84782,0.0022257182
84783,0.0019971535
84784,0.002109055
84785,0.0023029905
84786,0.0021094137
84787,0.00180567
84788,0.00091609935
84789,0.0010185171
84790,0.00081431057
84791,0.0010115495
84792,0.0014754744
84793,0.0018730591
84794,0.0019739354
84795,0.0022237035
84796,0.0024240112
84797,0.0020081545
84798,0.0014331082
84799,0.0022788148
84800,0.0025500446
84801,0.0026307255
84802,0.0015798374
84803,0.001304024
84804,0.0017002599
84805,0.0017273293
84806,0.0026791887
84807,0.002074003
84808,0.0010687418
84809,0.0015082872
84810,0.001620757
84811,0.0012113451
84812,0.001359446
84813,0.0016629455
84814,0.0014668292
84815,0.0012446673
84816,0.0010189456
84817,0.0009392835
84818,0.0010309567
84819,0.0012935143
84820,0.0018207099
84821,0.0019069976
84822,0.0010152257
84823,0.0004780411
84824,0.00034945624
84825,0.0010032001
84826,0.001364105
84827,0.0012155423
84828,0.0010262032
84829,0.00067303196
84830,0.00041871407
84831,0.0007336527
84832,0.00091822544
84833,0.0009900591
84834,0.0008876367
84835,0.0007095337
84836,0.0011054201
84837,0.0009593641
84838,0.0015398341
84839,0.0022572568
84840,0.0019810586
84841,0.0014417941
84842,0.0012960319
84843,0.0012431934
84844,0.0015897908
84845,0.0013936338
84846,0.0012400524
84847,0.0014376703
84848,0.0015041521
84849,0.0015807399
84850,0.0016248103
84851,0.00174858
84852,0.0024173867
84853,0.0029784555
84854,0.003314803
84855,0.0036333064
84856,0.0029144986
84857,0.0022040633
84858,0.0014720382
84859,0.0014634324
84860,0.0015123916
84861,0.0011524679
84862,0.000823692
84863,0.0010606505
84864,0.0014376703
84865,0.0017399035
84866,0.0017696577
84867,0.0015950727
84868,0.001185604
84869,0.00071051746
84870,0.00059269153
84871,0.00049379334
84872,0.0011473047
84873,0.0012482165
84874,0.0013120562
84875,0.0011662497
84876,0.00082347996
84877,0.0010036352
84878,0.0011601949
84879,0.001079283
84880,0.0011367542
84881,0.0007855313
84882,0.00060968363
84883,0.0008301679
84884,0.00086881354
84885,0.0013562738
84886,0.0014856373
84887,0.00092912745
84888,0.00074193656
84889,0.00068876153
84890,0.000964417
84891,0.00085728057
84892,0.0013079462
84893,0.00131332
84894,0.0015544505
84895,0.00173756
84896,0.0013356453
84897,0.0010975462
84898,0.0012363621
84899,0.0014471737
84900,0.001225011
84901,0.0010699937
84902,0.0011279383
84903,0.0017746995
84904,0.0020507467
84905,0.002541333
84906,0.0028769495
84907,0.0026832484
84908,0.0019734488
84909,0.0012941441
84910,0.00096154585
84911,0.00091851066
84912,0.0018042994
84913,0.0023593092
84914,0.0028321296
84915,0.0
84916,0.0023582606
84917,0.002278125
84918,0.0026884389
84919,0.0031774756
84920,0.0037703647
84921,0.0039389776
84922,0.003951172
84923,0.00333648
84924,0.0022738795
84925,0.0016263142
84926,0.0011612731
84927,0.00095156627
84928,0.0013485481
84929,0.0015959665
84930,0.0016135403
84931,0.0012548208
84932,0.0010777448
84933,0.0011707579
84934,0.001431442
84935,0.0017006706
84936,0.001661212
84937,0.0014752771
84938,0.002319838
84939,0.002411106
84940,0.0020543481
84941,0.0017040215
84942,0.0022888056
84943,0.0030069882
84944,0.0024857663
84945,0.0018706803
84946,0.0014928485
84947,0.00092466874
84948,0.00056970684
84949,0.0011235692
84950,0.00089058274
84951,0.0006191572
84952,0.0010550104
84953,0.0015656068
84954,0.0022372215
84955,0.001964758
84956,0.0011131859
84957,0.0012371388
84958,0.0016858373
84959,0.0018392063
84960,0.003844193
84961,0.0048217652
84962,0.003339061
84963,0.002046698
84964,0.0007933837
84965,0.0018251482
84966,0.0030358376
84967,0.0038626743
84968,0.0036153994
84969,0.0029122708
84970,0.0027461157
84971,0.0019015874
84972,0.0013309303
84973,0.0012503132
84974,0.0011830975
84975,0.0011035491
84976,0.0011961616
84977,0.0013877951
84978,0.0015036489
84979,0.0017965888
84980,0.0021986824
84981,0.0033317925
84982,0.004049031
84983,0.0040458455
84984,0.0030418904
84985,0.0019823804
84986,0.0014214035
84987,0.001721067
84988,0.0031993827
84989,0.00375883
84990,0.0037459629
84991,0.0031647
84992,0.002962328
84993,0.0033767635
84994,0.0039007924
84995,0.004413214
84996,0.005047604
84997,0.00596565
84998,0.0058487705
84999,0.005009655
85000,0.004559232
85001,0.0054643406
85002,0.007136433
85003,0.007409831
85004,0.0062378594
85005,0.0042468254
85006,0.00411501
85007,0.0034537571
85008,0.0029973618
85009,0.0018849546
85010,0.0006660772
85011,0.0010795257
85012,0.001222109
85013,0.001610995
85014,0.0024368123
85015,0.0026984338
85016,0.002191297
85017,0.0012899318
85018,0.0006741122
85019,0.0007890063
85020,0.0017363536
85021,0.0018255787
85022,0.002056557
85023,0.002352651
85024,0.0030517483
85025,0.0025268965
85026,0.001759746
85027,0.0015491992
85028,0.0019154035
85029,0.0031999466
85030,0.004385568
85031,0.0052585015
85032,0.0054647503
85033,0.0053826557
85034,0.0051674154
85035,0.0048478483
85036,0.0047112545
85037,0.0042449953
85038,0.004771593
85039,0.004905428
85040,0.005097446
85041,0.0047854614
85042,0.0041741575
85043,0.0037398434
85044,0.0028330337
85045,0.0022625625
85046,0.0024526338
85047,0.0027544757
85048,0.002497249
85049,0.0020178559
85050,0.000865659
85051,0.0015262222
85052,0.0016311388
85053,0.00086438045
85054,0.0010342825
85055,0.0006979124
85056,0.00085547933
85057,0.001272852
85058,0.001452353
85059,0.0012981858
85060,0.0009991885
85061,0.00071874406
85062,0.0006923439
85063,0.0008178056
85064,0.0008438331
85065,0.0010548172
85066,0.0012230374
85067,0.0008774799
85068,0.0005879091
85069,0.0005234343
85070,0.000579834
85071,0.0008071308
85072,0.0013720613
85073,0.0016166577
85074,0.0011976934
85075,0.0011316992
85076,0.0013329188
85077,0.0015335842
85078,0.0014455438
85079,0.0013535027
85080,0.0011447397
85081,0.0015384726
85082,0.0016522176
85083,0.0019985666
85084,0.0020922492
85085,0.002329578
85086,0.002056189
85087,0.0020381624
85088,0.0017806261
85089,0.0016331895
85090,0.0012957174
85091,0.0010092452
85092,0.001025721
85093,0.0014947968
85094,0.0012350432
85095,0.00087837497
85096,0.0011184546
85097,0.0015469808
85098,0.0015096565
85099,0.0013513939
85100,0.0011858003
85101,0.0009907644
85102,0.0008855029
85103,0.0013157112
85104,0.0012760034
85105,0.0008606687
85106,0.00070389174
85107,0.0008528216
85108,0.0012800796
85109,0.0014696638
85110,0.0015945069
85111,0.0014775047
85112,0.0013489149
85113,0.0019075623
85114,0.002088908
85115,0.0016395212
85116,0.0011669982
85117,0.0013465828
85118,0.0017659205
85119,0.001921805
85120,0.001578492
85121,0.0010183741
85122,0.0012398177
85123,0.0011105422
85124,0.001499967
85125,0.0017863214
85126,0.0018044284
85127,0.0020561465
85128,0.0020601768
85129,0.0018405193
85130,0.0010779068
85131,0.00056735205
85132,0.0007717011
85133,0.0019640024
85134,0.0026185168
85135,0.0017773214
85136,0.0008891437
85137,0.0010436666
85138,0.0010810882
85139,0.0019330845
85140,0.001963706
85141,0.00075907685
85142,0.0012311016
85143,0.0016097118
85144,0.0016127285
85145,0.0017277168
85146,0.0016722478
85147,0.0010811959
85148,0.00087903737
85149,0.0006826923
85150,0.0010188313
85151,0.0011083911
85152,0.0010277901
85153,0.0012020837
85154,0.0014386214
85155,0.0013382576
85156,0.0009538574
85157,0.00068918394
85158,0.00095866615
85159,0.0013507046
85160,0.0011690663
85161,0.000777375
85162,0.0006207065
85163,0.0006233267
85164,0.00089182367
85165,0.0009854035
85166,0.0009030767
85167,0.00068876153
85168,0.0006138226
85169,0.0010309003
85170,0.00072799774
85171,0.0012867693
85172,0.0024351277
85173,0.0027433482
85174,0.0023743724
85175,0.0015988634
85176,0.0010858963
85177,0.0013179213
85178,0.0012463265
85179,0.0010813035
85180,0.0008774467
85181,0.0007209273
85182,0.0009405221
85183,0.0011050251
85184,0.0009986933
85185,0.0011077607
85186,0.0022748392
85187,0.003474584
85188,0.0035885822
85189,0.0029959148
85190,0.0028556976
85191,0.0022552572
85192,0.0019243323
85193,0.0014127983
85194,0.0009630581
85195,0.00056312996
85196,0.000806301
85197,0.001200315
85198,0.0014581528
85199,0.0016117897
85200,0.0017841368
85201,0.0016801478
85202,0.0011392605
85203,0.00071874406
85204,0.0006316291
85205,0.0009645981
85206,0.0013563167
85207,0.0018754969
85208,0.0014687724
85209,0.00057741965
85210,0.00053362147
85211,0.0005328574
85212,0.0003217036
85213,0.00090384984
85214,0.00093365833
85215,0.00068876153
85216,0.0007741862
85217,0.0006748457
85218,0.0012464665
85219,0.0013081019
85220,0.0009184473
85221,0.0007596134
85222,0.00062178395
85223,0.000910299
85224,0.0007330574
85225,0.0010267135
85226,0.0012090604
85227,0.0016846111
85228,0.0016600903
85229,0.0012445739
85230,0.0017430453
85231,0.0015871892
85232,0.0012530802
85233,0.0011677211
85234,0.0014101383
85235,0.0015396451
85236,0.00174388
85237,0.0017725007
85238,0.0017481971
85239,0.001955106
85240,0.0018730902
85241,0.0016640477
85242,0.0011863402
85243,0.000822985
85244,0.001124346
85245,0.0021815265
85246,0.0026985742
85247,0.0026448262
85248,0.0
85249,0.0017485134
85250,0.0020892704
85251,0.0027315577
85252,0.0030668268
85253,0.0033090822
85254,0.003463989
85255,0.0036893783
85256,0.003398662
85257,0.0027531863
85258,0.0022283187
85259,0.0016011734
85260,0.0012142727
85261,0.0014630744
85262,0.0015376401
85263,0.0013399094
85264,0.0010367278
85265,0.00071223575
85266,0.0012060236
85267,0.0012059995
85268,0.0012348782
85269,0.0010374574
85270,0.0014942321
85271,0.00235752
85272,0.0020918876
85273,0.0017659205
85274,0.0015806662
85275,0.002667169
85276,0.0034221981
85277,0.0024651918
85278,0.0017748143
85279,0.001590962
85280,0.0011454768
85281,0.00069816253
85282,0.0012241316
85283,0.0012247257
85284,0.0008794015
85285,0.001127164
85286,0.0018673167
85287,0.0024337769
85288,0.0019942368
85289,0.0014140955
85290,0.0020003424
85291,0.0021620416
85292,0.0021181293
85293,0.0037753633
85294,0.0041124276
85295,0.002806601
85296,0.0025079944
85297,0.0015069358
85298,0.0022411987
85299,0.0029486697
85300,0.0036634442
85301,0.0037980517
85302,0.0027430935
85303,0.0027141778
85304,0.002052548
85305,0.0012572538
85306,0.0013415808
85307,0.0010722489
85308,0.0011149101
85309,0.0013652353
85310,0.0012981858
85311,0.0013751547
85312,0.0013471013
85313,0.0018002946
85314,0.0021945883
85315,0.0032981494
85316,0.0038681105
85317,0.003382318
85318,0.0024437415
85319,0.00131759
85320,0.0015456257
85321,0.0022895175
85322,0.0029244674
85323,0.003561195
85324,0.0036183444
85325,0.0035626413
85326,0.0035701245
85327,0.0036374934
85328,0.003421356
85329,0.0045022997
85330,0.0055211205
85331,0.0058144196
85332,0.006036587
85333,0.0058686063
85334,0.0067036855
85335,0.006984122
85336,0.0059176125
85337,0.005208614
85338,0.0043571456
85339,0.0029564076
85340,0.0026537245
85341,0.0027781997
85342,0.0017770758
85343,0.0008498817
85344,0.0013706818
85345,0.0015269658
85346,0.0010591951
85347,0.0023314387
85348,0.0032677776
85349,0.0028631685
85350,0.0013873965
85351,0.0004355442
85352,0.00058323715
85353,0.0009047188
85354,0.0011883501
85355,0.0015166
85356,0.0018954861
85357,0.002898919
85358,0.00266456
85359,0.0026877027
85360,0.0022921856
85361,0.0015289657
85362,0.0038180603
85363,0.004909982
85364,0.0052028554
85365,0.0052920454
85366,0.0057701883
85367,0.0060316385
85368,0.006124218
85369,0.006424272
85370,0.00695577
85371,0.0076799206
85372,0.007213103
85373,0.006573484
85374,0.0052669076
85375,0.0043952996
85376,0.003469865
85377,0.0022648897
85378,0.001548222
85379,0.0022234416
85380,0.002520981
85381,0.0025376885
85382,0.0023098802
85383,0.0011587641
85384,0.0012808752
85385,0.0017554738
85386,0.0013084356
85387,0.0010981824
85388,0.0004981358
85389,0.00045482966
85390,0.0005496342
85391,0.0005580421
85392,0.0006323659
85393,0.0006932261
85394,0.0006100654
85395,0.00067622436
85396,0.0011346271
85397,0.0011723229
85398,0.0014685346
85399,0.0016483377
85400,0.0015693574
85401,0.0014238585
85402,0.0013973877
85403,0.0011227659
85404,0.00058741384
85405,0.0011912121
85406,0.0014763814
85407,0.0009718124
85408,0.00055195915
85409,0.0007243506
85410,0.0011954801
85411,0.0013699597
85412,0.001652288
85413,0.0016716385
85414,0.0019307042
85415,0.0020079517
85416,0.0019692855
85417,0.0024425026
85418,0.002777393
85419,0.002762747
85420,0.0021923727
85421,0.0014518119
85422,0.001056802
85423,0.00075016776
85424,0.00057052367
85425,0.0010862715
85426,0.0013735665
85427,0.0011783895
85428,0.000877513
85429,0.0007921722
85430,0.0011276029
85431,0.001229493
85432,0.0012381735
85433,0.0010032872
85434,0.00081652345
85435,0.0007989401
85436,0.0013350351
85437,0.0010257494
85438,0.0008148822
85439,0.0014235722
85440,0.0016735177
85441,0.001833104
85442,0.0016656909
85443,0.0017211684
85444,0.0014342855
85445,0.0011282995
85446,0.0014568948
85447,0.0014637307
85448,0.0011601447
85449,0.0006397328
85450,0.0009999165
85451,0.0012189376
85452,0.0011998784
85453,0.0013646383
85454,0.0015033005
85455,0.0018788768
85456,0.001696833
85457,0.001663278
85458,0.0019514107
85459,0.0017349619
85460,0.0018781022
85461,0.0015276327
85462,0.0009742351
85463,0.0007562343
85464,0.0009429327
85465,0.0014671268
85466,0.0023087964
85467,0.002467729
85468,0.0015137957
85469,0.00057235715
85470,0.00038397918
85471,0.00049836945
85472,0.0014137456
85473,0.0015603558
85474,0.00072759786
85475,0.00069594965
85476,0.0008906154
85477,0.0009906174
85478,0.0012204886
85479,0.0010384949
85480,0.00080957904
85481,0.00088812836
85482,0.0010750139
85483,0.0011398734
85484,0.0008951787
85485,0.0008187659
85486,0.0009917626
85487,0.0011783895
85488,0.0013279092
85489,0.0009788843
85490,0.00065674866
85491,0.0008219942
85492,0.0012271709
85493,0.0011177518
85494,0.0006090627
85495,0.0006389134
85496,0.000742015
85497,0.0007870119
85498,0.0008417266
85499,0.0009974394
85500,0.0008320938
85501,0.0008559555
85502,0.0008236567
85503,0.00046838517
85504,0.00095425395
85505,0.0021322486
85506,0.0030559225
85507,0.002801401
85508,0.00188841
85509,0.0010204013
85510,0.0010795526
85511,0.00085762
85512,0.0010356886
85513,0.0008837263
85514,0.00068392744
85515,0.00092542387
85516,0.0007447946
85517,0.000498603
85518,0.0007065742
85519,0.0015278612
85520,0.0027769424
85521,0.0027795823
85522,0.0025390987
85523,0.0027032075
85524,0.0023359407
85525,0.001722926
85526,0.0010803072
85527,0.0008665326
85528,0.0006169912
85529,0.0009364907
85530,0.0013115237
85531,0.0013574964
85532,0.0014004459
85533,0.0015537015
85534,0.001737091
85535,0.0013715945
85536,0.0007526853
85537,0.0010143939
85538,0.0012412254
85539,0.0017413915
85540,0.0022372087
85541,0.0019857248
85542,0.0015550496
85543,0.0010989242
85544,0.0009067111
85545,0.00062098773
85546,0.0012114412
85547,0.0010151396
85548,0.00076286314
85549,0.0009816454
85550,0.00091256615
85551,0.0012459294
85552,0.0011162406
85553,0.0007921722
85554,0.0006269116
85555,0.00048702795
85556,0.00080046855
85557,0.0007659851
85558,0.0010407903
85559,0.0012862489
85560,0.0016291571
85561,0.0014316656
85562,0.0014212192
85563,0.002545658
85564,0.002282592
85565,0.0008148465
85566,0.0007358313
85567,0.0010512796
85568,0.001263811
85569,0.0012944815
85570,0.0013064544
85571,0.0017099548
85572,0.001739
85573,0.0016166217
85574,0.0016628755
85575,0.0011863647
85576,0.0008588069
85577,0.0011057359
85578,0.0021104207
85579,0.003184082
85580,0.0028510261
85581,0.0
85582,0.0012341002
85583,0.0019106722
85584,0.0029959243
85585,0.0037091884
85586,0.0036884078
85587,0.0038045978
85588,0.004048722
85589,0.003588128
85590,0.0026365602
85591,0.0022459724
85592,0.0018487709
85593,0.0013093028
85594,0.0011406902
85595,0.0009343439
85596,0.0010861643
85597,0.0013611575
85598,0.0010789054
85599,0.0010911368
85600,0.0011998784
85601,0.0014348739
85602,0.0014022113
85603,0.0015818994
85604,0.0017111968
85605,0.0017993891
85606,0.001717224
85607,0.0016601254
85608,0.0029543198
85609,0.0035686977
85610,0.0025094561
85611,0.0016179354
85612,0.0014786664
85613,0.0011239835
85614,0.0010164003
85615,0.0012831907
85616,0.0016171617
85617,0.0013108135
85618,0.000868981
85619,0.0017873801
85620,0.0024089806
85621,0.0020193409
85622,0.0019052724
85623,0.0022244232
85624,0.0019788244
85625,0.001631674
85626,0.0027695228
85627,0.003121504
85628,0.0029402385
85629,0.0031073187
85630,0.0029206534
85631,0.003405446
85632,0.0034713158
85633,0.0033404466
85634,0.00361902
85635,0.002773912
85636,0.0029298265
85637,0.0024135672
85638,0.0012124497
85639,0.0012409205
85640,0.0010822183
85641,0.0011835893
85642,0.0014101383
85643,0.0013688758
85644,0.0013843725
85645,0.0018094054
85646,0.0018357693
85647,0.0019247558
85648,0.0021260565
85649,0.0026596403
85650,0.0025345671
85651,0.0023811413
85652,0.0016135043
85653,0.0013298147
85654,0.0019320453
85655,0.0027171357
85656,0.0036508068
85657,0.0037969558
85658,0.003435846
85659,0.0028793158
85660,0.0029977309
85661,0.0030101128
85662,0.0040177293
85663,0.004760394
85664,0.005069582
85665,0.005821463
85666,0.0060203318
85667,0.0067147906
85668,0.0068754223
85669,0.006133981
85670,0.0053589316
85671,0.0039136712
85672,0.0019687386
85673,0.0022227478
85674,0.002180646
85675,0.001944957
85676,0.0011280674
85677,0.001507013
85678,0.0016716907
85679,0.00084472937
85680,0.0019867506
85681,0.0031679263
85682,0.0028526387
85683,0.0015005682
85684,0.00084905943
85685,0.0007552715
85686,0.00095040334
85687,0.0011530991
85688,0.0011263116
85689,0.0015589562
85690,0.0018378291
85691,0.0019575309
85692,0.003382929
85693,0.003568608
85694,0.0037707197
85695,0.0050434335
85696,0.005421591
85697,0.004902787
85698,0.004661554
85699,0.00431268
85700,0.004318716
85701,0.0053895395
85702,0.005808861
85703,0.0061510145
85704,0.0055402643
85705,0.0050176308
85706,0.003974856
85707,0.003327903
85708,0.003524161
85709,0.0031900816
85710,0.0027734293
85711,0.0021400417
85712,0.0022718692
85713,0.002569181
85714,0.002805481
85715,0.0028405027
85716,0.0022085218
85717,0.0012334398
85718,0.0013048719
85719,0.0012758665
85720,0.00094779686
85721,0.00054825575
85722,0.00040132354
85723,0.0004538047
85724,0.00068282016
85725,0.00084441924
85726,0.0007362662
85727,0.00082890486
85728,0.0013014772
85729,0.0015939593
85730,0.0013226387
85731,0.001438763
85732,0.0015614558
85733,0.0016321377
85734,0.0016843692
85735,0.0018138073
85736,0.0015811449
85737,0.0013503166
85738,0.0012043574
85739,0.0011534019
85740,0.0012558642
85741,0.0009658042
85742,0.0005682747
85743,0.00094515237
85744,0.0014674442
85745,0.0017401711
85746,0.002084752
85747,0.0020021165
85748,0.002300348
85749,0.0022678175
85750,0.0025795703
85751,0.002507333
85752,0.002396638
85753,0.0018498411
85754,0.0013297928
85755,0.0010370085
85756,0.00085639744
85757,0.00076351146
85758,0.0011379058
85759,0.0013409081
85760,0.0011025465
85761,0.00070298155
85762,0.00053872383
85763,0.00066947663
85764,0.0006211283
85765,0.00049567583
85766,0.00064661086
85767,0.00069108163
85768,0.0008907134
85769,0.0010354356
85770,0.0014839319
85771,0.0017050459
85772,0.0019537508
85773,0.0020974036
85774,0.0019933756
85775,0.0016171257
85776,0.0016282994
85777,0.0016013916
85778,0.000844626
85779,0.0009979936
85780,0.00094693666
85781,0.0007482643
85782,0.00058428413
85783,0.00096827204
85784,0.001188448
85785,0.00071346055
85786,0.0011534524
85787,0.0014882209
85788,0.002120409
85789,0.0019788244
85790,0.0016932959
85791,0.0024412393
85792,0.0018813227
85793,0.0012939642
85794,0.00092598976
85795,0.0009117685
85796,0.0008854043
85797,0.0016334746
85798,0.0019720767
85799,0.0019257081
85800,0.001442339
85801,0.0008645488
85802,0.00071874406
85803,0.0005616292
85804,0.001131442
85805,0.0015732285
85806,0.0012852756
85807,0.00042853842
85808,0.00060815417
85809,0.00058408483
85810,0.0007937504
85811,0.0008185526
85812,0.00058478204
85813,0.0006645023
85814,0.001111302
85815,0.0009453371
85816,0.0008576539
85817,0.00087877247
85818,0.0006995369
85819,0.00066472124
85820,0.0007330177
85821,0.0010677064
85822,0.00067463005
85823,0.00040385377
85824,0.00079981383
85825,0.0012945938
85826,0.0011290731
85827,0.00066699414
85828,0.00069440063
85829,0.0007324219
85830,0.0006895217
85831,0.00085649936
85832,0.0010016613
85833,0.0009303483
85834,0.00093621097
85835,0.0006754923
85836,0.0008456935
85837,0.0011416338
85838,0.0013628884
85839,0.0034693868
85840,0.0034817718
85841,0.0016746825
85842,0.00066423946
85843,0.00056442054
85844,0.00071643223
85845,0.0013569817
85846,0.0012020352
85847,0.00077834784
85848,0.0011627508
85849,0.00088727596
85850,0.00064404024
85851,0.00086797564
85852,0.0011919205
85853,0.001848456
85854,0.0021011746
85855,0.001893074
85856,0.0020130184
85857,0.0017521216
85858,0.0009800135
85859,0.00076666876
85860,0.00081737846
85861,0.0009307236
85862,0.0014446577
85863,0.0015840505
85864,0.001500801
85865,0.00178505
85866,0.0018183106
85867,0.00180488
85868,0.0016067983
85869,0.0012647088
85870,0.0016887523
85871,0.0017330652
85872,0.0021736813
85873,0.0028015776
85874,0.0029290915
85875,0.00275644
85876,0.0021403953
85877,0.0015825615
85878,0.0012395595
85879,0.0015919678
85880,0.0009905293
85881,0.0006644585
85882,0.0008540834
85883,0.0011268283
85884,0.001369641
85885,0.00095751183
85886,0.0005376423
85887,0.0004891745
85888,0.0004517478
85889,0.0006792732
85890,0.0007238683
85891,0.0012197252
85892,0.0012477034
85893,0.0012770977
85894,0.0010004693
85895,0.0012149436
85896,0.0026212384
85897,0.0026978515
85898,0.0015972425
85899,0.0011386216
85900,0.0011720498
85901,0.00090030086
85902,0.0010854137
85903,0.0011396947
85904,0.0014594096
85905,0.0015805926
85906,0.001277804
85907,0.0014114174
85908,0.0010696128
85909,0.0009073849
85910,0.0012633273
85911,0.0020122086
85912,0.003032845
85913,0.0029619744
85914,0.0
85915,0.00086400995
85916,0.0015359925
85917,0.0027991768
85918,0.003598948
85919,0.004078188
85920,0.0044923853
85921,0.004819
85922,0.003882125
85923,0.0027148747
85924,0.0025394426
85925,0.0021802322
85926,0.001533698
85927,0.00096078886
85928,0.00072165363
85929,0.00079620327
85930,0.0011668984
85931,0.0011697133
85932,0.0012362209
85933,0.0014682572
85934,0.0017665138
85935,0.0015310962
85936,0.0014870275
85937,0.0012536607
85938,0.001230534
85939,0.0013516953
85940,0.001695237
85941,0.0031769627
85942,0.003681837
85943,0.0023680883
85944,0.0012903154
85945,0.0016924364
85946,0.0015655138
85947,0.0013956997
85948,0.0014948163
85949,0.0021638717
85950,0.002492583
85951,0.0021005236
85952,0.0019678515
85953,0.0019172564
85954,0.0016182591
85955,0.002051825
85956,0.0024372542
85957,0.0021887987
85958,0.0018490857
85959,0.0018006826
85960,0.0022124324
85961,0.002891148
85962,0.0034744584
85963,0.004354894
85964,0.0044295257
85965,0.0040379753
85966,0.0027105403
85967,0.00322199
85968,0.003718874
85969,0.003287738
85970,0.0023254263
85971,0.0013279092
85972,0.001134499
85973,0.0009808149
85974,0.0011744065
85975,0.0013020585
85976,0.0014778001
85977,0.0018521681
85978,0.0026179831
85979,0.002341553
85980,0.0019330543
85981,0.0022835352
85982,0.0025629997
85983,0.002359852
85984,0.0024154836
85985,0.0018459982
85986,0.0019135337
85987,0.0022926172
85988,0.0023735021
85989,0.0027393457
85990,0.0030235224
85991,0.0028218448
85992,0.002733347
85993,0.0026826193
85994,0.0028034989
85995,0.003269425
85996,0.004249963
85997,0.004944819
85998,0.0048840283
85999,0.0049390416
86000,0.005583966
86001,0.006748
86002,0.005907157
86003,0.004933812
86004,0.003693289
86005,0.0018313567
86006,0.0017603743
86007,0.0017886985
86008,0.001735029
86009,0.0012339116
86010,0.0015578357
86011,0.0015703955
86012,0.00070797326
86013,0.0016472957
86014,0.0033689025
86015,0.0029422273
86016,0.0012995751
86017,0.00107542
86018,0.0008856672
86019,0.00090023625
86020,0.00090744905
86021,0.0011243201
86022,0.0022238605
86023,0.0025863873
86024,0.002176157
86025,0.0039456584
86026,0.0044427845
86027,0.00423069
86028,0.0048374515
86029,0.0040815193
86030,0.002195185
86031,0.0019695663
86032,0.0019056542
86033,0.0028873805
86034,0.003959163
86035,0.004592674
86036,0.004880046
86037,0.004311519
86038,0.003960038
86039,0.003150238
86040,0.0037519715
86041,0.004279655
86042,0.003387563
86043,0.002851506
86044,0.002385452
86045,0.0020483895
86046,0.0024801048
86047,0.003009078
86048,0.0031275027
86049,0.0030308485
86050,0.0020079662
86051,0.00038579397
86052,0.00087085454
86053,0.0008076355
86054,0.0008791036
86055,0.0008170223
86056,0.00085948437
86057,0.0007426031
86058,0.0009231252
86059,0.0011932871
86060,0.0015724883
86061,0.0019118142
86062,0.0016954945
86063,0.0013276023
86064,0.0012960767
86065,0.0010920432
86066,0.001132162
86067,0.0012551687
86068,0.0015986084
86069,0.0014219767
86070,0.001386893
86071,0.0010628434
86072,0.0008189081
86073,0.0013300553
86074,0.0012189376
86075,0.00092195795
86076,0.001058068
86077,0.0016272982
86078,0.0016415436
86079,0.002177427
86080,0.0025898507
86081,0.0028751888
86082,0.0025615457
86083,0.0021287515
86084,0.0017621755
86085,0.0020514845
86086,0.0018796977
86087,0.0015547688
86088,0.0012348782
86089,0.0013608582
86090,0.0011575328
86091,0.0014311572
86092,0.0015107357
86093,0.0013396704
86094,0.0007994863
86095,0.00095040334
86096,0.0012205362
86097,0.0010003821
86098,0.0008759196
86099,0.000651141
86100,0.00066423946
86101,0.0008946258
86102,0.0011320593
86103,0.0021078817
86104,0.002705048
86105,0.0019385119
86106,0.001963943
86107,0.002082671
86108,0.0020508743
86109,0.0017260483
86110,0.0016593363
86111,0.0010139061
86112,0.0005217636
86113,0.00081126695
86114,0.00096227205
86115,0.00068753504
86116,0.0010303356
86117,0.001108076
86118,0.0005608513
86119,0.0010834815
86120,0.0014605459
86121,0.0019786037
86122,0.0019749966
86123,0.0016309426
86124,0.0023930774
86125,0.0020284005
86126,0.0011643016
86127,0.0006991623
86128,0.0009522695
86129,0.001408197
86130,0.0017197813
86131,0.0017532177
86132,0.0010835084
86133,0.0008056149
86134,0.0009139365
86135,0.0007284774
86136,0.00085728057
86137,0.0014626766
86138,0.0014715439
86139,0.0010092452
86140,0.0006582094
86141,0.0008160243
86142,0.00081180484
86143,0.0008298172
86144,0.00087555405
86145,0.00091339496
86146,0.0008556154
86147,0.0013824371
86148,0.0016147123
86149,0.0016040428
86150,0.0010684421
86151,0.00091733754
86152,0.00096408505
86153,0.00091282127
86154,0.00089263916
86155,0.0009730993
86156,0.00088950363
86157,0.0011283769
86158,0.0011925063
86159,0.000906101
86160,0.00063635735
86161,0.0007693971
86162,0.00092385005
86163,0.0009833339
86164,0.0009193658
86165,0.00097265054
86166,0.00085646537
86167,0.0007492361
86168,0.000625145
86169,0.0009839553
86170,0.0011669233
86171,0.0016588451
86172,0.0036287217
86173,0.0034077782
86174,0.0014964314
86175,0.00066673226
86176,0.00068778894
86177,0.0009220842
86178,0.0014776426
86179,0.0015042102
86180,0.0010618571
86181,0.0011558974
86182,0.00123688
86183,0.0008657598
86184,0.00070186285
86185,0.0009916158
86186,0.0012288773
86187,0.0012993735
86188,0.0014913856
86189,0.0016372474
86190,0.0013772061
86191,0.0009913517
86192,0.0008436606
86193,0.001088787
86194,0.0015370531
86195,0.001652288
86196,0.0016738655
86197,0.0016173776
86198,0.001936003
86199,0.0020244652
86200,0.0018435213
86201,0.0020444072
86202,0.0018946108
86203,0.0019616892
86204,0.0019446128
86205,0.002262794
86206,0.0026983584
86207,0.0027328997
86208,0.0022967393
86209,0.0016707503
86210,0.0011456292
86211,0.0013514154
86212,0.0019272944
86213,0.0013357106
86214,0.0010473689
86215,0.0012527549
86216,0.0014273494
86217,0.0016716036
86218,0.0012118015
86219,0.0005379129
86220,0.0006951965
86221,0.0009594855
86222,0.0012885097
86223,0.001061254
86224,0.0010749869
86225,0.0009619393
86226,0.0013768679
86227,0.000906101
86228,0.0006342959
86229,0.0022536048
86230,0.002421164
86231,0.0016155412
86232,0.0015654023
86233,0.0018926128
86234,0.0016380472
86235,0.0017157658
86236,0.0018909205
86237,0.003883197
86238,0.0047889207
86239,0.0047591706
86240,0.0037990785
86241,0.002651695
86242,0.0017642718
86243,0.0018244305
86244,0.0018247337
86245,0.002460997
86246,0.0028196678
86247,0.0
86248,0.000994166
86249,0.0016023181
86250,0.0016451564
86251,0.0011346529
86252,0.0019621789
86253,0.0036438408
86254,0.0049883174
86255,0.0044370815
86256,0.003248895
86257,0.0026577464
86258,0.0025879622
86259,0.0017324103
86260,0.0009509544
86261,0.0006636258
86262,0.0004355442
86263,0.00064009667
86264,0.0011811032
86265,0.0013650861
86266,0.0010663153
86267,0.001427064
86268,0.0013028405
86269,0.00095477235
86270,0.00068935286
86271,0.0012867466
86272,0.0014243693
86273,0.001676836
86274,0.00294941
86275,0.0033879322
86276,0.002711088
86277,0.0021318663
86278,0.002065383
86279,0.0019051806
86280,0.0017864354
86281,0.002034661
86282,0.0024130123
86283,0.002830742
86284,0.002530844
86285,0.0020016804
86286,0.001986355
86287,0.0017741254
86288,0.002069606
86289,0.0021197775
86290,0.0019750556
86291,0.0017484968
86292,0.0013383011
86293,0.0016959407
86294,0.0025750308
86295,0.0032600467
86296,0.003941703
86297,0.0036400447
86298,0.0032137507
86299,0.002889396
86300,0.0043363227
86301,0.004867488
86302,0.003893526
86303,0.00240447
86304,0.0010970953
86305,0.00069179724
86306,0.0009368325
86307,0.0012645937
86308,0.0013042472
86309,0.002060996
86310,0.0026716392
86311,0.002820256
86312,0.0020086907
86313,0.0010864323
86314,0.002146668
86315,0.0029006854
86316,0.002803042
86317,0.0020090675
86318,0.0013390838
86319,0.00130563
86320,0.0013040017
86321,0.0014979282
86322,0.0019095751
86323,0.0026466302
86324,0.002976432
86325,0.0026579655
86326,0.0021650684
86327,0.0023070562
86328,0.002570053
86329,0.0033305257
86330,0.003624934
86331,0.0035952749
86332,0.0041145855
86333,0.0054334737
86334,0.0064996667
86335,0.005046814
86336,0.0032816862
86337,0.0022420296
86338,0.0017681441
86339,0.0016216906
86340,0.0014839516
86341,0.0014343059
86342,0.0013843935
86343,0.001498103
86344,0.0011270349
86345,0.00093850854
86346,0.0015177318
86347,0.002896408
86348,0.0025992396
86349,0.0014423592
86350,0.0012795565
86351,0.0010749869
86352,0.0008670363
86353,0.0006603725
86354,0.0010278185
86355,0.003250722
86356,0.0036133057
86357,0.0039618453
86358,0.00478613
86359,0.0044907783
86360,0.003518574
86361,0.0037618873
86362,0.0033096627
86363,0.0025980189
86364,0.0023249509
86365,0.002247501
86366,0.0020958213
86367,0.0020700279
86368,0.0028360728
86369,0.003514361
86370,0.003873802
86371,0.0034873844
86372,0.003048609
86373,0.0042132568
86374,0.0045784377
86375,0.0030623253
86376,0.002867597
86377,0.0026399249
86378,0.0020107182
86379,0.0021335995
86380,0.002626496
86381,0.002778556
86382,0.0034437063
86383,0.003309443
86384,0.0021870695
86385,0.0012531963
86386,0.00083881716
86387,0.0009159723
86388,0.0010594149
86389,0.0009433647
86390,0.00090516906
86391,0.0011194431
86392,0.0013488717
86393,0.0013446362
86394,0.0014928485
86395,0.0009908818
86396,0.0009369878
86397,0.0011415574
86398,0.0007900753
86399,0.0007753132
86400,0.0009654425
86401,0.0010129584
86402,0.00069255405
86403,0.0009247632
86404,0.0010446978
86405,0.00067648257
86406,0.0012817383
86407,0.0013144276
86408,0.0012491022
86409,0.0011319563
86410,0.0020652984
86411,0.002089702
86412,0.0023161212
86413,0.0026682382
86414,0.0024100072
86415,0.0018725152
86416,0.0012879448
86417,0.0012578324
86418,0.0013626534
86419,0.0014331285
86420,0.0011567782
86421,0.0008573824
86422,0.0009871447
86423,0.0008845492
86424,0.0011282995
86425,0.0015708588
86426,0.0015315713
86427,0.0013714884
86428,0.0015052547
86429,0.0014153915
86430,0.0010572976
86431,0.0010769344
86432,0.0006529264
86433,0.0008676403
86434,0.0010477578
86435,0.001200824
86436,0.0031610378
86437,0.0043164105
86438,0.0032760943
86439,0.002975816
86440,0.0027915766
86441,0.0026745899
86442,0.0020011424
86443,0.001867831
86444,0.0015705439
86445,0.00045508554
86446,0.00097560836
86447,0.0011814235
86448,0.0011626006
86449,0.0013249251
86450,0.00092003035
86451,0.00035120084
86452,0.0010965115
86453,0.001543025
86454,0.0016963697
86455,0.0016597222
86456,0.0013328096
86457,0.002057392
86458,0.0019670823
86459,0.0015529145
86460,0.0010536577
86461,0.0009551685
86462,0.0012773029
86463,0.0013926519
86464,0.0015294034
86465,0.0009595158
86466,0.0008266899
86467,0.0007487309
86468,0.0005394257
86469,0.0010985533
86470,0.0016050222
86471,0.0013222866
86472,0.00096012227
86473,0.00090442924
86474,0.00081777
86475,0.00077373494
86476,0.00063695165
86477,0.00085159217
86478,0.00096655724
86479,0.00081905024
86480,0.0010880383
86481,0.0012365975
86482,0.0015569386
86483,0.0012247971
86484,0.0013254083
86485,0.0012181255
86486,0.0011307731
86487,0.0010636098
86488,0.0013125663
86489,0.0014374071
86490,0.0014878297
86491,0.0011984465
86492,0.0007103536
86493,0.00034051383
86494,0.001058398
86495,0.0010968035
86496,0.00089263916
86497,0.0010773396
86498,0.0012032937
86499,0.00077894586
86500,0.00062000274
86501,0.0006896483
86502,0.0010056051
86503,0.0014603267
86504,0.0019132599
86505,0.003272717
86506,0.0030752802
86507,0.0014342044
86508,0.0009795679
86509,0.0005768145
86510,0.00077362213
86511,0.0012222995
86512,0.0015087695
86513,0.0011137348
86514,0.0007048421
86515,0.0013191353
86516,0.0013236725
86517,0.00107993
86518,0.0013522335
86519,0.0013846878
86520,0.0013681102
86521,0.0017322758
86522,0.0018752331
86523,0.0013777977
86524,0.0009707636
86525,0.0009778134
86526,0.0014968592
86527,0.0019369499
86528,0.0018026211
86529,0.0016432448
86530,0.0012995526
86531,0.0013959499
86532,0.0015016153
86533,0.0014079282
86534,0.0017745848
86535,0.0017132876
86536,0.0014481789
86537,0.0012590119
86538,0.0011237764
86539,0.0017017141
86540,0.002119805
86541,0.0017545285
86542,0.0013513939
86543,0.0010008183
86544,0.0013331153
86545,0.0021155172
86546,0.0014760463
86547,0.00095080136
86548,0.0011718263
86549,0.0013212516
86550,0.0017164611
86551,0.0016502083
86552,0.0012397942
86553,0.001403062
86554,0.0015751328
86555,0.0014019
86556,0.0011388005
86557,0.0011701611
86558,0.0011960156
86559,0.0018255628
86560,0.0013172587
86561,0.0013848139
86562,0.0016315492
86563,0.0015330338
86564,0.0010602113
86565,0.0014513708
86566,0.0017233483
86567,0.0017515236
86568,0.002205172
86569,0.0038108958
86570,0.005179325
86571,0.00547176
86572,0.004749174
86573,0.003806869
86574,0.0027262464
86575,0.001823138
86576,0.0017009786
86577,0.0014605459
86578,0.0015501758
86579,0.0019157226
86580,0.0
86581,0.0016255804
86582,0.0019746576
86583,0.0025111374
86584,0.001673883
86585,0.0015292702
86586,0.003235691
86587,0.0048794854
86588,0.0047459006
86589,0.0035533162
86590,0.0026450243
86591,0.0027949107
86592,0.0018364192
86593,0.0007438562
86594,0.00051151094
86595,0.00048192174
86596,0.0005553235
86597,0.0011334723
86598,0.0015365798
86599,0.0010692863
86600,0.0008559555
86601,0.0010237044
86602,0.00081638084
86603,0.0009857579
86604,0.0016112841
86605,0.0019611402
86606,0.0020731608
86607,0.0027200156
86608,0.0032035736
86609,0.0029109514
86610,0.0033509547
86611,0.003242358
86612,0.002391581
86613,0.0021799384
86614,0.0023306145
86615,0.0020683962
86616,0.0023811534
86617,0.0022416662
86618,0.0019668455
86619,0.0020208391
86620,0.0020293759
86621,0.0021844995
86622,0.002228162
86623,0.0019401027
86624,0.0015552366
86625,0.0010178882
86626,0.0015023322
86627,0.0020529593
86628,0.0022574759
86629,0.0020688183
86630,0.002040788
86631,0.0023163853
86632,0.0036191728
86633,0.0049719363
86634,0.0045968415
86635,0.002900264
86636,0.0013956788
86637,0.00097127317
86638,0.0005126476
86639,0.0011117208
86640,0.0014689309
86641,0.0018671141
86642,0.0030226079
86643,0.003081992
86644,0.0024000602
86645,0.0013263084
86646,0.0006128736
86647,0.001485069
86648,0.0025134194
86649,0.0030481985
86650,0.0022649923
86651,0.00065230206
86652,0.00046564316
86653,0.001024983
86654,0.0012438955
86655,0.0015357462
86656,0.00220405
86657,0.0026497843
86658,0.0026693288
86659,0.0023200386
86660,0.002454413
86661,0.0023055167
86662,0.002928525
86663,0.0038480673
86664,0.0048510353
86665,0.0052992557
86666,0.005851512
86667,0.0058328505
86668,0.0041515757
86669,0.0026708657
86670,0.001807281
86671,0.0011206383
86672,0.000946414
86673,0.0010241877
86674,0.0008274288
86675,0.0008420723
86676,0.00095425395
86677,0.00081381004
86678,0.0011324191
86679,0.0015336032
86680,0.0026533515
86681,0.0027258622
86682,0.0019110834
86683,0.0013356017
86684,0.0010806035
86685,0.0007491972
86686,0.00057620875
86687,0.0014011523
86688,0.004048305
86689,0.004470871
86690,0.004841811
86691,0.004900079
86692,0.003837138
86693,0.0029822737
86694,0.003545346
86695,0.0036460205
86696,0.0025253987
86697,0.0026457943
86698,0.0026623853
86699,0.002408618
86700,0.0016050041
86701,0.0011768821
86702,0.0013356671
86703,0.0014358878
86704,0.0014740733
86705,0.0016892692
86706,0.004030451
86707,0.0046350756
86708,0.0028277072
86709,0.0026692415
86710,0.0026418094
86711,0.0021090412
86712,0.0023881712
86713,0.003103926
86714,0.0029481663
86715,0.0037529331
86716,0.003641116
86717,0.0029193477
86718,0.0016222647
86719,0.00078006595
86720,0.0008163452
86721,0.0010772316
86722,0.0010363347
86723,0.0011680451
86724,0.0011932871
86725,0.00093798124
86726,0.0005608513
86727,0.0009449984
86728,0.0007944834
86729,0.0008284483
86730,0.0009957749
86731,0.0007774499
86732,0.0008148465
86733,0.0012005817
86734,0.0015553302
86735,0.0017855228
86736,0.0017446809
86737,0.0017819986
86738,0.0012424674
86739,0.0011485723
86740,0.001124346
86741,0.0010543205
86742,0.0010476467
86743,0.0020745501
86744,0.0026214826
86745,0.0022046177
86746,0.0018411359
86747,0.0010668065
86748,0.00097058376
86749,0.0013605587
86750,0.0013104804
86751,0.0011824577
86752,0.0015088466
86753,0.0013816579
86754,0.0010785006
86755,0.0008646834
86756,0.0005923477
86757,0.0009036566
86758,0.001705063
86759,0.0018505646
86760,0.0020582688
86761,0.0018046543
86762,0.0008796993
86763,0.0008983268
86764,0.0010412097
86765,0.00086643186
86766,0.0009989263
86767,0.001188693
86768,0.0025053474
86769,0.004909609
86770,0.005317146
86771,0.0038036797
86772,0.0025831107
86773,0.00277113
86774,0.00307599
86775,0.0029423756
86776,0.0034206498
86777,0.0030931055
86778,0.0020334448
86779,0.0015779573
86780,0.0010443635
86781,0.0014718998
86782,0.0014892375
86783,0.0009882643
86784,0.0007334146
86785,0.0013654059
86786,0.0017617791
86787,0.0019432204
86788,0.001661282
86789,0.0015126225
86790,0.00133353
86791,0.0015071676
86792,0.0016276021
86793,0.0013669184
86794,0.0010341137
86795,0.0012674443
86796,0.00116807
86797,0.0011512552
86798,0.0010591951
86799,0.00075322646
86800,0.0006475554
86801,0.00082690106
86802,0.0013004706
86803,0.0013521044
86804,0.001290834
86805,0.0012187704
86806,0.0008577557
86807,0.0006999112
86808,0.0011687425
86809,0.0010155123
86810,0.00067164673
86811,0.0008410002
86812,0.00088963454
86813,0.0007979194
86814,0.00085649936
86815,0.0011667736
86816,0.0010484243
86817,0.0009886766
86818,0.0011225067
86819,0.000851968
86820,0.00091157696
86821,0.0011360627
86822,0.0013356017
86823,0.0011920669
86824,0.0010031131
86825,0.0008377409
86826,0.0007453415
86827,0.0013900371
86828,0.001062049
86829,0.00039694854
86830,0.0010800108
86831,0.0011678458
86832,0.0007927598
86833,0.000764578
86834,0.00076492055
86835,0.00089377956
86836,0.0013328532
86837,0.0017281378
86838,0.002198219
86839,0.0020221637
86840,0.001278009
86841,0.0011269315
86842,0.0008328979
86843,0.00083756715
86844,0.00090133474
86845,0.0013727611
86846,0.0011764368
86847,0.0006104469
86848,0.0010616104
86849,0.0011300264
86850,0.0013804145
86851,0.0015890218
86852,0.0013084133
86853,0.0017212529
86854,0.002207217
86855,0.001837845
86856,0.0009234089
86857,0.00097163266
86858,0.0013476198
86859,0.0017203058
86860,0.0020074588
86861,0.0017170375
86862,0.0013347298
86863,0.00093667716
86864,0.0009118323
86865,0.0015577236
86866,0.0017849033
86867,0.0015931557
86868,0.0013501442
86869,0.001265376
86870,0.0011290988
86871,0.00085534324
86872,0.0017160203
86873,0.0022180816
86874,0.0019309605
86875,0.0016536965
86876,0.001295313
86877,0.0014121801
86878,0.0018952712
86879,0.0013430119
86880,0.0012224185
86881,0.0015298411
86882,0.0017483303
86883,0.003813896
86884,0.0037273087
86885,0.0032281806
86886,0.002128601
86887,0.0017178849
86888,0.0010224243
86889,0.0011224548
86890,0.0013172587
86891,0.0011098344
86892,0.0018996273
86893,0.0017763223
86894,0.001663418
86895,0.0013717643
86896,0.0010241591
86897,0.00044013077
86898,0.0008653227
86899,0.0010152543
86900,0.0013175459
86901,0.0020732027
86902,0.0034494905
86903,0.0042709075
86904,0.003341814
86905,0.00077692565
86906,0.0011891092
86907,0.0012982979
86908,0.0011104373
86909,0.00095562544
86910,0.00062932103
86911,0.0012747026
86912,0.0014611635
86913,0.0
86914,0.0014187187
86915,0.0018608843
86916,0.0028321808
86917,0.0020908995
86918,0.0021596444
86919,0.003564838
86920,0.004858541
86921,0.004823582
86922,0.0036817421
86923,0.0026513436
86924,0.0027214596
86925,0.0015678545
86926,0.0007700777
86927,0.00083247846
86928,0.0007209677
86929,0.00064077834
86930,0.0009359
86931,0.0013888432
86932,0.0010645124
86933,0.00090256095
86934,0.0012495681
86935,0.0011327788
86936,0.0011772282
86937,0.0017187656
86938,0.002343218
86939,0.0025965846
86940,0.0029139493
86941,0.0031248028
86942,0.003630638
86943,0.004420831
86944,0.0035862455
86945,0.0019818959
86946,0.0016767493
86947,0.0016542772
86948,0.0013116125
86949,0.0016423767
86950,0.001665324
86951,0.0015421949
86952,0.0019279134
86953,0.0020485031
86954,0.0019294828
86955,0.0020193986
86956,0.0016235738
86957,0.0010550104
86958,0.0010500054
86959,0.0014926535
86960,0.0015546003
86961,0.0015472443
86962,0.0015248486
86963,0.0019095598
86964,0.0026076909
86965,0.0037270589
86966,0.0041903923
86967,0.0027234268
86968,0.0009933753
86969,0.0006941491
86970,0.00065341656
86971,0.0003518632
86972,0.001268913
86973,0.0018549003
86974,0.0026389104
86975,0.0032946179
86976,0.0025744317
86977,0.0015257454
86978,0.0010819224
86979,0.0007174065
86980,0.0008848453
86981,0.0021434661
86982,0.00316078
86983,0.0025344293
86984,0.0011623502
86985,0.0008736573
86986,0.0013571747
86987,0.00125143
86988,0.0012281904
86989,0.0016273519
86990,0.0024412512
86991,0.0023731343
86992,0.0018628695
86993,0.0017838757
86994,0.002150136
86995,0.003071729
86996,0.0038525194
86997,0.005270625
86998,0.0060835322
86999,0.006266376
87000,0.0050450033
87001,0.0030645295
87002,0.0020166873
87003,0.001879899
87004,0.0016724392
87005,0.0009581803
87006,0.00054055755
87007,0.00036028196
87008,0.0006447177
87009,0.0009680616
87010,0.0010981824
87011,0.0012149676
87012,0.0016517948
87013,0.0023820456
87014,0.0026100448
87015,0.0022748264
87016,0.001517962
87017,0.0012060478
87018,0.0006850755
87019,0.00084717205
87020,0.0018624632
87021,0.0048563597
87022,0.0060262703
87023,0.00521898
87024,0.004285554
87025,0.0019408226
87026,0.0022730092
87027,0.003045782
87028,0.0038409967
87029,0.002879811
87030,0.001982586
87031,0.0018137431
87032,0.0017887473
87033,0.0017407731
87034,0.0027882385
87035,0.0034386655
87036,0.0036886919
87037,0.0029647243
87038,0.0028078451
87039,0.0038531765
87040,0.0038462516
87041,0.0022557734
87042,0.0022018703
87043,0.0026682492
87044,0.0025396144
87045,0.002967295
87046,0.0036215924
87047,0.003644863
87048,0.0031634767
87049,0.0028423155
87050,0.003053779
87051,0.0020678053
87052,0.0014842261
87053,0.0013871657
87054,0.0017955517
87055,0.0015889485
87056,0.0017611181
87057,0.001381679
87058,0.0010482855
87059,0.00084234873
87060,0.0012363621
87061,0.0013081464
87062,0.0010591677
87063,0.0012311016
87064,0.0012969073
87065,0.0012350196
87066,0.0018450993
87067,0.00211975
87068,0.0025897496
87069,0.0023651
87070,0.0019691673
87071,0.0012643635
87072,0.0008806913
87073,0.0010665882
87074,0.0010290636
87075,0.0017145441
87076,0.002578803
87077,0.0026761238
87078,0.0017297202
87079,0.0011738115
87080,0.0009936976
87081,0.0014276349
87082,0.0022121035
87083,0.0022214511
87084,0.0018949794
87085,0.0018229784
87086,0.0014867143
87087,0.0010375977
87088,0.0007657571
87089,0.0006305684
87090,0.0007458489
87091,0.0014439322
87092,0.0016039702
87093,0.0022358813
87094,0.0020601484
87095,0.0010069356
87096,0.0009398411
87097,0.0011478119
87098,0.0012623132
87099,0.0012712504
87100,0.0024847242
87101,0.0033254446
87102,0.005193853
87103,0.0050781174
87104,0.0026986173
87105,0.0017586375
87106,0.0024448133
87107,0.0032503458
87108,0.003139475
87109,0.0038005414
87110,0.0033766686
87111,0.0027270042
87112,0.0022877245
87113,0.0018222119
87114,0.002025112
87115,0.0018210935
87116,0.0012578093
87117,0.0012531731
87118,0.0024003389
87119,0.0030602051
87120,0.0037523282
87121,0.0029953609
87122,0.0023621572
87123,0.0020431827
87124,0.0014563153
87125,0.0015986449
87126,0.0018312931
87127,0.0016791256
87128,0.0013404088
87129,0.0012767103
87130,0.0012207509
87131,0.00091971393
87132,0.00051739445
87133,0.0006556842
87134,0.00096538226
87135,0.0012477034
87136,0.001268936
87137,0.001326769
87138,0.0012544033
87139,0.00084809907
87140,0.00063305587
87141,0.0012133616
87142,0.0010788514
87143,0.00065949047
87144,0.00054442027
87145,0.00080043223
87146,0.0008630326
87147,0.0006913764
87148,0.0010908967
87149,0.001204309
87150,0.0011158495
87151,0.0008606687
87152,0.0005709316
87153,0.0008241159
87154,0.0009703438
87155,0.0009963299
87156,0.00088979804
87157,0.0009205047
87158,0.0009857579
87159,0.0010630625
87160,0.001657599
87161,0.001311435
87162,0.0005785778
87163,0.001021456
87164,0.0012388784
87165,0.00084314303
87166,0.0007426031
87167,0.0010676791
87168,0.0013659174
87169,0.0016413841
87170,0.0018583959
87171,0.001880874
87172,0.0019636466
87173,0.0016031354
87174,0.001548504
87175,0.0011504206
87176,0.00092107366
87177,0.00080434955
87178,0.0013409299
87179,0.0011487497
87180,0.00075946015
87181,0.00075857824
87182,0.0013507046
87183,0.0016299073
87184,0.0015482972
87185,0.0012292799
87186,0.0018732921
87187,0.002036734
87188,0.0016271014
87189,0.0012841882
87190,0.0013786001
87191,0.0017771741
87192,0.0018442
87193,0.001821509
87194,0.0013666416
87195,0.0009142867
87196,0.000832828
87197,0.0006092538
87198,0.0014783514
87199,0.0019169983
87200,0.0014520924
87201,0.001216739
87202,0.0016272803
87203,0.002056373
87204,0.0021701034
87205,0.002191244
87206,0.0025107665
87207,0.0021558001
87208,0.0017591339
87209,0.0013449391
87210,0.0011963806
87211,0.0012844829
87212,0.00089417025
87213,0.0010606505
87214,0.0013970961
87215,0.0016932959
87216,0.0036708172
87217,0.0034312857
87218,0.0025059164
87219,0.001612205
87220,0.0014630147
87221,0.0011548646
87222,0.001125562
87223,0.0015105816
87224,0.0014129218
87225,0.0015522396
87226,0.0016973303
87227,0.0012328733
87228,0.00091173657
87229,0.00073859474
87230,0.00062201795
87231,0.0007374906
87232,0.00084051554
87233,0.0015243713
87234,0.0018758073
87235,0.0027059624
87236,0.002888066
87237,0.0018703068
87238,0.0008722237
87239,0.00075195025
87240,0.00077365973
87241,0.0008329328
87242,0.0009783192
87243,0.0007202811
87244,0.0013755991
87245,0.0014882209
87246,0.0
87247,0.0009088271
87248,0.0011483696
87249,0.0027354865
87250,0.0028735586
87251,0.003491538
87252,0.003926871
87253,0.005245818
87254,0.004892887
87255,0.00310022
87256,0.0021462885
87257,0.0022403544
87258,0.0015772562
87259,0.0011687425
87260,0.0010749326
87261,0.00090943533
87262,0.0012763455
87263,0.0014373261
87264,0.0013985743
87265,0.0009472132
87266,0.00091221527
87267,0.0012114892
87268,0.0011200928
87269,0.0008744897
87270,0.00092774816
87271,0.0019300861
87272,0.0025201729
87273,0.002729106
87274,0.0033336962
87275,0.004181284
87276,0.005098274
87277,0.0036763232
87278,0.0012627512
87279,0.0012820334
87280,0.0010892147
87281,0.0007146833
87282,0.00089735433
87283,0.0011320335
87284,0.0014906634
87285,0.0019297543
87286,0.002028214
87287,0.0018810288
87288,0.0019994255
87289,0.001625079
87290,0.0012420458
87291,0.0016194637
87292,0.0015987359
87293,0.0012298243
87294,0.0012845055
87295,0.0014809085
87296,0.0015198588
87297,0.0017944654
87298,0.002954182
87299,0.002986087
87300,0.0014186571
87301,0.00066616456
87302,0.0010603486
87303,0.0010053447
87304,0.00076122093
87305,0.0016278526
87306,0.0021653776
87307,0.0028217519
87308,0.0030414406
87309,0.0016640652
87310,0.0010146234
87311,0.0010952367
87312,0.00059337856
87313,0.0010061838
87314,0.0016311746
87315,0.002878881
87316,0.002735412
87317,0.0018382566
87318,0.0014906244
87319,0.0016914043
87320,0.0014822443
87321,0.001576721
87322,0.0016853192
87323,0.0023157694
87324,0.0021791107
87325,0.0014334331
87326,0.0008331774
87327,0.001149788
87328,0.0017935893
87329,0.002045005
87330,0.0027078118
87331,0.0037776213
87332,0.0036274863
87333,0.0033696713
87334,0.0022288803
87335,0.0022722534
87336,0.0024340998
87337,0.0020207241
87338,0.00080463896
87339,0.00057169574
87340,0.000730751
87341,0.0007790206
87342,0.0011795991
87343,0.0012849133
87344,0.0010381865
87345,0.0018172058
87346,0.0024392237
87347,0.0027214277
87348,0.0027201653
87349,0.0018481883
87350,0.0013153793
87351,0.000888849
87352,0.0012452285
87353,0.0029433647
87354,0.0056396504
87355,0.0065552797
87356,0.004845981
87357,0.0032684098
87358,0.0013206347
87359,0.0016140633
87360,0.0021176622
87361,0.003395132
87362,0.0036631264
87363,0.0022615332
87364,0.0015757609
87365,0.002087138
87366,0.003117483
87367,0.003792377
87368,0.0039039247
87369,0.004025032
87370,0.003832478
87371,0.0033123523
87372,0.003061213
87373,0.002886705
87374,0.0019965412
87375,0.0020765972
87376,0.0026984771
87377,0.002722796
87378,0.002318859
87379,0.002586421
87380,0.0031471136
87381,0.002915966
87382,0.0033315478
87383,0.0034904375
87384,0.0021737483
87385,0.0015384916
87386,0.0016042967
87387,0.0018039284
87388,0.001424308
87389,0.0014287352
87390,0.0010758258
87391,0.0011883992
87392,0.001069504
87393,0.0011278351
87394,0.0013536317
87395,0.001483206
87396,0.0015906144
87397,0.0018967908
87398,0.0017010642
87399,0.001965143
87400,0.00219488
87401,0.0019265694
87402,0.0014942125
87403,0.0012116333
87404,0.0008149893
87405,0.0008081758
87406,0.0011983007
87407,0.0015518458
87408,0.0020180722
87409,0.0026123186
87410,0.0023041277
87411,0.0015686525
87412,0.00092715194
87413,0.0007223792
87414,0.0015507014
87415,0.002499183
87416,0.0029680796
87417,0.0024286653
87418,0.0013735665
87419,0.0009701938
87420,0.0007453024
87421,0.00071643223
87422,0.00094157364
87423,0.0011421435
87424,0.0017186471
87425,0.0016381893
87426,0.0019858715
87427,0.0019178482
87428,0.0011269058
87429,0.0011553433
87430,0.0012642714
87431,0.0012484497
87432,0.0015302214
87433,0.0031095375
87434,0.0032534425
87435,0.0041855974
87436,0.0043193223
87437,0.0019674224
87438,0.0014005706
87439,0.0019653356
87440,0.0022505033
87441,0.0020717003
87442,0.0029997397
87443,0.0023394765
87444,0.0016215111
87445,0.0016472603
87446,0.0017931511
87447,0.0019770882
87448,0.0017959083
87449,0.0020682134
87450,0.0025470182
87451,0.0033118164
87452,0.0037674303
87453,0.0044401763
87454,0.0037977528
87455,0.0030426462
87456,0.0022860956
87457,0.0017482471
87458,0.0016570371
87459,0.0017979814
87460,0.0018553238
87461,0.0014620197
87462,0.0011531748
87463,0.0003187955
87464,0.00023749363
87465,0.00059386884
87466,0.0006578998
87467,0.00079762755
87468,0.0011807336
87469,0.0014440129
87470,0.0013458693
87471,0.0011062096
87472,0.00072727783
87473,0.00082192343
87474,0.0011246048
87475,0.0009828603
87476,0.0007984663
87477,0.0008497104
87478,0.0010080044
87479,0.0008849111
87480,0.00051400834
87481,0.0012917131
87482,0.0013066327
87483,0.00094064587
87484,0.0008817151
87485,0.0006211283
87486,0.00079631293
87487,0.0006192042
87488,0.00079554506
87489,0.00088734156
87490,0.00090436486
87491,0.00076879165
87492,0.0011261565
87493,0.0015648444
87494,0.0011389538
87495,0.00043634535
87496,0.00073154713
87497,0.0010497281
87498,0.0009718723
87499,0.0010888138
87500,0.0016978103
87501,0.0017662501
87502,0.0018061373
87503,0.0017528357
87504,0.0017645026
87505,0.0017382634
87506,0.0015203375
87507,0.0010704016
87508,0.00086821034
87509,0.00075276266
87510,0.00067682663
87511,0.0011198589
87512,0.0008113028
87513,0.00046282198
87514,0.0011845971
87515,0.0016752385
87516,0.0015378861
87517,0.0010085817
87518,0.0010599094
87519,0.002040788
87520,0.002172918
87521,0.0018382883
87522,0.0014495248
87523,0.0013004929
87524,0.0012941667
87525,0.0013409299
87526,0.0012643175
87527,0.00083240855
87528,0.00073859474
87529,0.0008602967
87530,0.0011680949
87531,0.0017656733
87532,0.0018654767
87533,0.0010314366
87534,0.00049426465
87535,0.0011980336
87536,0.0018369422
87537,0.0024218971
87538,0.0023648168
87539,0.002326077
87540,0.0016089161
87541,0.0012007998
87542,0.0011031535
87543,0.0014579732
87544,0.0012173367
87545,0.00034255895
87546,0.0008788387
87547,0.0015341345
87548,0.002121932
87549,0.003334281
87550,0.0028783048
87551,0.0014345291
87552,0.000714724
87553,0.0013574106
87554,0.0011554692
87555,0.00095556455
87556,0.0016689725
87557,0.0016264395
87558,0.0013178108
87559,0.0015837932
87560,0.0015555922
87561,0.0010492568
87562,0.000851182
87563,0.00069171307
87564,0.00069456827
87565,0.00094969873
87566,0.0012819426
87567,0.0015031069
87568,0.0016781373
87569,0.0019239088
87570,0.0016422527
87571,0.0010438339
87572,0.00092435395
87573,0.0006459804
87574,0.00063425006
87575,0.0009404293
87576,0.0007253143
87577,0.0011137348
87578,0.0010605956
87579,0.0
87580,0.0021415509
87581,0.0021787365
87582,0.0023322874
87583,0.0026508716
87584,0.0032221708
87585,0.003765769
87586,0.0045088367
87587,0.003752654
87588,0.0019289246
87589,0.0017975281
87590,0.0017774524
87591,0.0012854341
87592,0.0011658254
87593,0.001221013
87594,0.001422345
87595,0.0016889591
87596,0.0016874075
87597,0.0013761068
87598,0.0010915902
87599,0.0010777448
87600,0.0010143652
87601,0.001021342
87602,0.0007199982
87603,0.0007064918
87604,0.0016012825
87605,0.002216349
87606,0.0026040163
87607,0.003313433
87608,0.0042538373
87609,0.0052791387
87610,0.0037624596
87611,0.0011825807
87612,0.0012816929
87613,0.0012214181
87614,0.0008891764
87615,0.0009065827
87616,0.0011304899
87617,0.001681585
87618,0.0018584585
87619,0.002019413
87620,0.002171632
87621,0.0022922491
87622,0.0019399377
87623,0.0017891052
87624,0.0021568395
87625,0.0018568134
87626,0.0012173129
87627,0.0014003421
87628,0.0013908534
87629,0.0014859899
87630,0.0019763077
87631,0.002732772
87632,0.0024851107
87633,0.0013995313
87634,0.0014351578
87635,0.0017265372
87636,0.0017914949
87637,0.0018123786
87638,0.0018481726
87639,0.002368457
87640,0.0027262464
87641,0.0025034065
87642,0.0014272067
87643,0.0011585632
87644,0.0012522902
87645,0.0007793941
87646,0.0009296598
87647,0.001545023
87648,0.002428138
87649,0.0025784532
87650,0.0020573493
87651,0.0019510228
87652,0.0016207033
87653,0.0014222632
87654,0.0013699597
87655,0.0013649368
87656,0.0019747315
87657,0.0025696906
87658,0.0018655859
87659,0.0006792732
87660,0.00058408483
87661,0.0014931214
87662,0.0021399602
87663,0.002740631
87664,0.0033356599
87665,0.0023073086
87666,0.0015987178
87667,0.0016480729
87668,0.001663033
87669,0.0021849393
87670,0.0022659816
87671,0.0011020184
87672,0.0006578998
87673,0.0006395053
87674,0.0009800135
87675,0.0015294034
87676,0.0017537156
87677,0.0013338355
87678,0.002208759
87679,0.0028432677
87680,0.0029147284
87681,0.0026949588
87682,0.0018623226
87683,0.0013396052
87684,0.0009103949
87685,0.0013406043
87686,0.0031644334
87687,0.0064413734
87688,0.0073262253
87689,0.0037839643
87690,0.0010999036
87691,0.00068299065
87692,0.0011616489
87693,0.0016822598
87694,0.0033442432
87695,0.004193107
87696,0.00296756
87697,0.0023164605
87698,0.002817148
87699,0.0039515034
87700,0.003601333
87701,0.002980536
87702,0.0028245354
87703,0.0036682633
87704,0.0033664827
87705,0.0025288768
87706,0.001431503
87707,0.0016560357
87708,0.0015980987
87709,0.0022605937
87710,0.0023740293
87711,0.001610453
87712,0.0022012885
87713,0.0029251738
87714,0.0027210747
87715,0.0030950997
87716,0.0032402659
87717,0.0021800853
87718,0.0011338317
87719,0.0011968426
87720,0.0012659509
87721,0.0007932736
87722,0.00094666
87723,0.0010224243
87724,0.0013989488
87725,0.0011360627
87726,0.0009280932
87727,0.0012662497
87728,0.0015566396
87729,0.0016123133
87730,0.001710142
87731,0.0017077918
87732,0.0021026423
87733,0.0020151858
87734,0.001268913
87735,0.0009925546
87736,0.00095763337
87737,0.00075688824
87738,0.0013415375
87739,0.0016798534
87740,0.0021901147
87741,0.0021277668
87742,0.0022462576
87743,0.0013896603
87744,0.001180635
87745,0.0008447638
87746,0.00077846
87747,0.0016845419
87748,0.0025467097
87749,0.0033745219
87750,0.0025829417
87751,0.0005769154
87752,0.000910267
87753,0.0007411516
87754,0.00092715194
87755,0.0015756132
87756,0.0016290678
87757,0.0016785188
87758,0.0015908523
87759,0.001656598
87760,0.0018504073
87761,0.001823122
87762,0.001618421
87763,0.0013132757
87764,0.0015253066
87765,0.002264684
87766,0.0031723147
87767,0.0026108476
87768,0.0030899518
87769,0.0040381197
87770,0.0027054783
87771,0.0013630164
87772,0.0008803607
87773,0.0013879628
87774,0.0019046459
87775,0.0028242366
87776,0.0021948272
87777,0.001429387
87778,0.0014349753
87779,0.0016347391
87780,0.0015789161
87781,0.0020864406
87782,0.003024658
87783,0.0035518908
87784,0.0034336175
87785,0.0038501238
87786,0.004613513
87787,0.005029299
87788,0.0034836938
87789,0.002260941
87790,0.0018875622
87791,0.0014842261
87792,0.0015793584
87793,0.0016588275
87794,0.0018572523
87795,0.0016301572
87796,0.0012918483
87797,0.0007040571
87798,0.0005393178
87799,0.00086579344
87800,0.0010116071
87801,0.0014417537
87802,0.001551602
87803,0.0014848142
87804,0.0015078626
87805,0.0014719394
87806,0.0014878297
87807,0.0013535243
87808,0.0012992166
87809,0.0012225376
87810,0.0010618571
87811,0.00096547266
87812,0.00078530895
87813,0.00074752496
87814,0.0015156594
87815,0.001553308
87816,0.0012718684
87817,0.0011062096
87818,0.0006062849
87819,0.0007890063
87820,0.0008765175
87821,0.00080159487
87822,0.00073910685
87823,0.0010556171
87824,0.0012067474
87825,0.0014863815
87826,0.0014101589
87827,0.0010517224
87828,0.000561681
87829,0.0006433168
87830,0.0008571787
87831,0.0012019626
87832,0.0016607739
87833,0.0020152435
87834,0.001831007
87835,0.001413519
87836,0.0012915778
87837,0.0014874971
87838,0.001567056
87839,0.0011618243
87840,0.00087355735
87841,0.0007690187
87842,0.00074651197
87843,0.0007713616
87844,0.0009451216
87845,0.0006970779
87846,0.00061802805
87847,0.0013649155
87848,0.0015005101
87849,0.0009175279
87850,0.00041773982
87851,0.0009485642
87852,0.0016181872
87853,0.0016178634
87854,0.0012860906
87855,0.00063480047
87856,0.00062714366
87857,0.0008913667
87858,0.0012179104
87859,0.0012899544
87860,0.00076495856
87861,0.00082358596
87862,0.0010245285
87863,0.0016339733
87864,0.0017931511
87865,0.001565049
87866,0.0009409243
87867,0.00055500894
87868,0.0009110021
87869,0.0011894762
87870,0.0015002579
87871,0.001501402
87872,0.0017031502
87873,0.0015935027
87874,0.001814882
87875,0.0020257013
87876,0.0023022068
87877,0.0023602096
87878,0.0016798534
87879,0.001984552
87880,0.0027175748
87881,0.0033738231
87882,0.0031059133
87883,0.002628058
87884,0.0014029169
87885,0.0009900591
87886,0.0013310397
87887,0.0010086971
87888,0.00086276274
87889,0.0019969058
87890,0.002012599
87891,0.0010751493
87892,0.0012239176
87893,0.0013169935
87894,0.00085203635
87895,0.00079426356
87896,0.0010892147
87897,0.00087058713
87898,0.0008197606
87899,0.0010706735
87900,0.0014380143
87901,0.0016296394
87902,0.0014556957
87903,0.0012395595
87904,0.0012254384
87905,0.0009317862
87906,0.0007704555
87907,0.00066769193
87908,0.0008878006
87909,0.00082690106
87910,0.00095513806
87911,0.00083237357
87912,0.0
87913,0.002760207
87914,0.0027611558
87915,0.002801266
87916,0.0031316597
87917,0.0033670878
87918,0.0035031135
87919,0.003691831
87920,0.0030487427
87921,0.0017894468
87922,0.0014968592
87923,0.0015219447
87924,0.0011927015
87925,0.0011413279
87926,0.0013290484
87927,0.0016738655
87928,0.0014765786
87929,0.0012734006
87930,0.0008015586
87931,0.001018917
87932,0.001081142
87933,0.0012071332
87934,0.0014644861
87935,0.0013203262
87936,0.0014424803
87937,0.0019061428
87938,0.0020593712
87939,0.0023037614
87940,0.0034228272
87941,0.0041660196
87942,0.0048232195
87943,0.0036628721
87944,0.0015238557
87945,0.0011458325
87946,0.00096682826
87947,0.00077527564
87948,0.0008371153
87949,0.0012281192
87950,0.0015316473
87951,0.0016829863
87952,0.0023643984
87953,0.0026312121
87954,0.0024016118
87955,0.001822691
87956,0.0021209167
87957,0.0023498288
87958,0.0020328723
87959,0.0018202782
87960,0.0017971719
87961,0.0014039538
87962,0.0016960265
87963,0.0021957154
87964,0.002702163
87965,0.002489101
87966,0.0017584389
87967,0.0016802518
87968,0.0018568605
87969,0.0019107178
87970,0.002426783
87971,0.0024637394
87972,0.002517862
87973,0.0025739681
87974,0.00223821
87975,0.0014237154
87976,0.0012521973
87977,0.0012312906
87978,0.00072671735
87979,0.000732978
87980,0.0012878092
87981,0.0021341587
87982,0.001879233
87983,0.0013640197
87984,0.0015235692
87985,0.0012720971
87986,0.0011761399
87987,0.0013950948
87988,0.0016618075
87989,0.0020686074
87990,0.0028417523
87991,0.0022526232
87992,0.0012843242
87993,0.0006048912
87994,0.0016963526
87995,0.0026346499
87996,0.0031359317
87997,0.003329127
87998,0.0021985369
87999,0.0012375622
88000,0.0013716794
88001,0.0015113328
88002,0.0022453375
88003,0.0022089172
88004,0.0009953656
88005,0.0006779437
88006,0.00062719005
88007,0.0013167283
88008,0.0018838735
88009,0.0012827143
88010,0.0012451584
88011,0.0026557965
88012,0.0028497907
88013,0.0028603412
88014,0.0025871072
88015,0.0018067172
88016,0.0014929265
88017,0.0008736573
88018,0.0010370365
88019,0.0031909116
88020,0.0066607674
88021,0.0077308584
88022,0.004147711
88023,0.00085084
88024,0.00064719573
88025,0.0011553937
88026,0.0015918947
88027,0.0031815215
88028,0.004643049
88029,0.0040803854
88030,0.0031697908
88031,0.0033036158
88032,0.0038416104
88033,0.003220924
88034,0.0022700878
88035,0.0021924656
88036,0.0029696971
88037,0.0032973022
88038,0.0032926383
88039,0.0021632663
88040,0.0013505106
88041,0.00086944975
88042,0.001813342
88043,0.0025469612
88044,0.0018385733
88045,0.0020014914
88046,0.0024312164
88047,0.002644507
88048,0.0029341744
88049,0.0032253123
88050,0.0023109384
88051,0.0009039786
88052,0.00087698223
88053,0.001355093
88054,0.001415926
88055,0.0018023627
88056,0.0018384466
88057,0.0017523874
88058,0.0014557757
88059,0.0012210369
88060,0.001476953
88061,0.0015219447
88062,0.0015939593
88063,0.0015637281
88064,0.001829035
88065,0.0018207898
88066,0.0014822639
88067,0.0010598269
88068,0.00094659853
88069,0.0010415171
88070,0.0012941216
88071,0.0016115007
88072,0.0014904877
88073,0.0014195185
88074,0.0011997572
88075,0.0012013571
88076,0.0011807582
88077,0.00096923346
88078,0.0010948912
88079,0.0016005554
88080,0.0018404877
88081,0.002203667
88082,0.003236842
88083,0.0025487659
88084,0.0010008183
88085,0.0015271181
88086,0.0012358912
88087,0.0015743381
88088,0.0015632814
88089,0.0012877189
88090,0.0012591275
88091,0.0015939227
88092,0.0016117716
88093,0.001846077
88094,0.0019128644
88095,0.0011740099
88096,0.0013899744
88097,0.0022832167
88098,0.0024683892
88099,0.0024351517
88100,0.0021747388
88101,0.0023156689
88102,0.003294397
88103,0.0031649484
88104,0.0024921158
88105,0.0014906244
88106,0.0012546586
88107,0.0017189011
88108,0.0024449918
88109,0.0019735815
88110,0.0016372474
88111,0.0016997805
88112,0.0018386049
88113,0.0019046307
88114,0.002497412
88115,0.0031243279
88116,0.0033557804
88117,0.002878052
88118,0.0033281655
88119,0.004215991
88120,0.005379183
88121,0.0041108136
88122,0.0033958263
88123,0.0025680591
88124,0.002201619
88125,0.0016843519
88126,0.0015047324
88127,0.0013458909
88128,0.0013453935
88129,0.001258272
88130,0.0008070587
88131,0.0005682747
88132,0.0009132038
88133,0.0011324191
88134,0.001638438
88135,0.0016458109
88136,0.0014439927
88137,0.0019683393
88138,0.0020680022
88139,0.00189834
88140,0.0017097505
88141,0.0019435498
88142,0.0014856177
88143,0.0010021261
88144,0.00081234245
88145,0.00065546227
88146,0.00048774452
88147,0.0011409707
88148,0.0011947008
88149,0.0011946765
88150,0.0010564439
88151,0.0005193035
88152,0.00063365325
88153,0.0007876403
88154,0.00078797276
88155,0.000973189
88156,0.0014679399
88157,0.0012806252
88158,0.0010757988
88159,0.0009490243
88160,0.000955595
88161,0.0007001606
88162,0.0005867198
88163,0.0008091116
88164,0.0014250639
88165,0.0018202942
88166,0.0018563275
88167,0.0015142763
88168,0.00090475095
88169,0.0008010138
88170,0.0013308428
88171,0.0016389531
88172,0.0011485217
88173,0.0008045666
88174,0.0008802946
88175,0.00092831266
88176,0.0009080582
88177,0.0006923439
88178,0.0008692824
88179,0.0013458261
88180,0.0018289076
88181,0.00153273
88182,0.0006813267
88183,0.00047394447
88184,0.0006861791
88185,0.0012422098
88186,0.0014496653
88187,0.0012091327
88188,0.0008342944
88189,0.0009034956
88190,0.000868445
88191,0.0012125458
88192,0.001063774
88193,0.0007313084
88194,0.0010155409
88195,0.0011785871
88196,0.0015338119
88197,0.0012796703
88198,0.00082485715
88199,0.00062295306
88200,0.00057988416
88201,0.0008967379
88202,0.0012575084
88203,0.0012462097
88204,0.0011980822
88205,0.0018421315
88206,0.0020047459
88207,0.0020261323
88208,0.0020550564
88209,0.0024885163
88210,0.0030907053
88211,0.0026545578
88212,0.0019156619
88213,0.0025469498
88214,0.0035350947
88215,0.0036471698
88216,0.0032968256
88217,0.0018787065
88218,0.0009854331
88219,0.0007816686
88220,0.00039870432
88221,0.0009124705
88222,0.0022329767
88223,0.0020928334
88224,0.000863336
88225,0.0009269636
88226,0.0011169184
88227,0.0012173367
88228,0.001334359
88229,0.0013840782
88230,0.0007943002
88231,0.0008168442
88232,0.00079525233
88233,0.0014803188
88234,0.0016826232
88235,0.0013322855
88236,0.0012924338
88237,0.0014429442
88238,0.0012374681
88239,0.00068935286
88240,0.0006355336
88241,0.0009376709
88242,0.0009116727
88243,0.0009346242
88244,0.00054361776
88245,0.0
88246,0.00220031
88247,0.002935166
88248,0.0038899065
88249,0.0042409347
88250,0.0041631195
88251,0.0032302896
88252,0.0029010165
88253,0.002032013
88254,0.001849668
88255,0.001541081
88256,0.0013039793
88257,0.00087458955
88258,0.00083230366
88259,0.0010322545
88260,0.0010711898
88261,0.00071975566
88262,0.0005776716
88263,0.00048318828
88264,0.0009805182
88265,0.0014861074
88266,0.0018445629
88267,0.002231112
88268,0.0016503669
88269,0.0019091788
88270,0.0018838426
88271,0.0017941897
88272,0.0018924283
88273,0.0030223094
88274,0.0035339007
88275,0.004238038
88276,0.0040650214
88277,0.002635887
88278,0.0016814292
88279,0.0010334098
88280,0.0010217408
88281,0.0013921502
88282,0.0019299202
88283,0.0017977386
88284,0.0015934297
88285,0.0025426496
88286,0.0022322205
88287,0.0014179595
88288,0.0013822475
88289,0.0023402849
88290,0.0024471811
88291,0.002631367
88292,0.002310951
88293,0.0021419448
88294,0.0018563118
88295,0.0019662092
88296,0.002584924
88297,0.002539798
88298,0.0023647677
88299,0.0019839946
88300,0.0016171257
88301,0.0015161011
88302,0.001594653
88303,0.0019850798
88304,0.002097376
88305,0.0019655873
88306,0.0023337593
88307,0.001814048
88308,0.0012571149
88309,0.0011551165
88310,0.0011620998
88311,0.00088625855
88312,0.0010134754
88313,0.0015629276
88314,0.0023056935
88315,0.0020967792
88316,0.0016058561
88317,0.0014642078
88318,0.0010693951
88319,0.0009557168
88320,0.0012472135
88321,0.0014163371
88322,0.001798208
88323,0.0026113603
88324,0.0029589168
88325,0.0021934477
88326,0.000737609
88327,0.0016039158
88328,0.0030683638
88329,0.00359116
88330,0.0029909075
88331,0.0019240449
88332,0.001348656
88333,0.001972475
88334,0.001826057
88335,0.0018980639
88336,0.0017292827
88337,0.0007601496
88338,0.0003879005
88339,0.0004962626
88340,0.0013067663
88341,0.001823122
88342,0.0013864522
88343,0.0016142797
88344,0.0028735586
88345,0.0027502882
88346,0.002379613
88347,0.0020837886
88348,0.001926101
88349,0.0017219629
88350,0.0014192519
88351,0.0013062762
88352,0.0027734712
88353,0.0065892884
88354,0.007792096
88355,0.004455978
88356,0.0015688565
88357,0.0009071924
88358,0.0010523588
88359,0.0013556943
88360,0.0023438015
88361,0.0037433514
88362,0.003756522
88363,0.0034399263
88364,0.0029712257
88365,0.0033485394
88366,0.0025858246
88367,0.0024594474
88368,0.0025053008
88369,0.002605134
88370,0.0030919292
88371,0.003648191
88372,0.0034685815
88373,0.0030415459
88374,0.0024783204
88375,0.002718849
88376,0.002981971
88377,0.0020855616
88378,0.0021521656
88379,0.0030230796
88380,0.0029316538
88381,0.0025234388
88382,0.0029421481
88383,0.0024720652
88384,0.0015722477
88385,0.001516197
88386,0.0019143244
88387,0.0019515896
88388,0.0020827549
88389,0.0019363337
88390,0.0014908977
88391,0.0015685597
88392,0.0017118771
88393,0.00172105
88394,0.0015806846
88395,0.0013738631
88396,0.0017940761
88397,0.001961185
88398,0.002025342
88399,0.0015786764
88400,0.0018265351
88401,0.002027123
88402,0.0022635271
88403,0.0022642084
88404,0.0018582236
88405,0.0011620247
88406,0.00087402365
88407,0.0007128076
88408,0.0008284483
88409,0.0009663465
88410,0.0009979645
88411,0.0013412337
88412,0.0016158114
88413,0.0013712974
88414,0.0015708588
88415,0.0023264275
88416,0.00194726
88417,0.0017380457
88418,0.0017566339
88419,0.0015366934
88420,0.0019649358
88421,0.0016687982
88422,0.0014448591
88423,0.0017343579
88424,0.0022456613
88425,0.0026722818
88426,0.0029542411
88427,0.0024107075
88428,0.0015317043
88429,0.0019800593
88430,0.0023851348
88431,0.0021477253
88432,0.0017603247
88433,0.0014415317
88434,0.001802072
88435,0.002570053
88436,0.0033882586
88437,0.003251635
88438,0.0025678326
88439,0.0021997278
88440,0.0019872633
88441,0.0018105471
88442,0.0012154466
88443,0.0011990777
88444,0.0012953804
88445,0.0013626534
88446,0.0016779292
88447,0.002113356
88448,0.0023409936
88449,0.0025511857
88450,0.0022314903
88451,0.0017463649
88452,0.003246305
88453,0.004929138
88454,0.0047971667
88455,0.0043239556
88456,0.003412515
88457,0.0026307364
88458,0.002059216
88459,0.0014968592
88460,0.0009658042
88461,0.0012540785
88462,0.0014670475
88463,0.0010960602
88464,0.00068094215
88465,0.00063886784
88466,0.000846244
88467,0.0013493896
88468,0.0011782167
88469,0.001014566
88470,0.0017265878
88471,0.0018902431
88472,0.0016777904
88473,0.0024173867
88474,0.0027275912
88475,0.0015482033
88476,0.0009877341
88477,0.00088263885
88478,0.00063686026
88479,0.0003268196
88480,0.00071720366
88481,0.00094157364
88482,0.0013986992
88483,0.001495556
88484,0.0010124985
88485,0.0005932314
88486,0.0008114463
88487,0.0010765559
88488,0.0011280415
88489,0.001134268
88490,0.0008216401
88491,0.00083885185
88492,0.00072671735
88493,0.0009933753
88494,0.00079169445
88495,0.00088260585
88496,0.0009940197
88497,0.0012448076
88498,0.0012210845
88499,0.0009116727
88500,0.00060073915
88501,0.00048360974
88502,0.0005493164
88503,0.0011679953
88504,0.0014986858
88505,0.0011401032
88506,0.00077053107
88507,0.0009411408
88508,0.00092296756
88509,0.000851968
88510,0.0008024295
88511,0.0010115495
88512,0.0013632514
88513,0.0014229178
88514,0.001119183
88515,0.00068605185
88516,0.00028556774
88517,0.0007223792
88518,0.0011769067
88519,0.0012548208
88520,0.001266939
88521,0.00098126
88522,0.00083742815
88523,0.00084169203
88524,0.0011435696
88525,0.0011912121
88526,0.0013769948
88527,0.0013966169
88528,0.0013228147
88529,0.0010997978
88530,0.00077478745
88531,0.000908667
88532,0.00079202524
88533,0.0007779364
88534,0.0007673138
88535,0.0012617137
88536,0.0014660751
88537,0.0017539478
88538,0.0020439373
88539,0.0015431005
88540,0.0009563257
88541,0.0012302028
88542,0.0019459294
88543,0.0031873342
88544,0.0031652243
88545,0.0020671436
88546,0.0013087915
88547,0.002488984
88548,0.0034219343
88549,0.0036356847
88550,0.002263617
88551,0.0009289395
88552,0.0008341549
88553,0.0009461987
88554,0.0011904789
88555,0.0022917793
88556,0.002123207
88557,0.0007239889
88558,0.0010708366
88559,0.0010700753
88560,0.0011313391
88561,0.0014083416
88562,0.0014987829
88563,0.0010152257
88564,0.0007468238
88565,0.00069481967
88566,0.0012268152
88567,0.0013234526
88568,0.000915273
88569,0.0011353452
88570,0.0017461316
88571,0.0019747904
88572,0.00169106
88573,0.0011862911
88574,0.0012197968
88575,0.0010997978
88576,0.0011437223
88577,0.00081841036
88578,0.0
88579,0.0028542706
88580,0.0031205716
88581,0.0034519364
88582,0.0031224363
88583,0.002790732
88584,0.0017042094
88585,0.0016202183
88586,0.0013829
88587,0.0015884355
88588,0.001419129
88589,0.001119807
88590,0.0008495049
88591,0.0011756201
88592,0.0011127675
88593,0.00079084845
88594,0.0004324595
88595,0.00049591064
88596,0.0006070045
88597,0.0009094034
88598,0.0012979168
88599,0.0016474547
88600,0.0020664113
88601,0.0014343262
88602,0.001745348
88603,0.0013324164
88604,0.0011406902
88605,0.0011782908
88606,0.0026160593
88607,0.003448478
88608,0.0035129283
88609,0.003612734
88610,0.003076321
88611,0.0025375395
88612,0.001977309
88613,0.0017345928
88614,0.0020081257
88615,0.0027479168
88616,0.0027804826
88617,0.0024962
88618,0.0028704272
88619,0.0020791886
88620,0.0011261565
88621,0.0015866756
88622,0.0024551244
88623,0.0023064127
88624,0.00287367
88625,0.0025828402
88626,0.002282643
88627,0.0021369252
88628,0.0023803099
88629,0.0031517064
88630,0.002808467
88631,0.0023332231
88632,0.0020161243
88633,0.0016680656
88634,0.0015279375
88635,0.0017030989
88636,0.0018090354
88637,0.0018976192
88638,0.0014059631
88639,0.0017045679
88640,0.0015532143
88641,0.0011346015
88642,0.00122387
88643,0.001218006
88644,0.000977337
88645,0.00079583767
88646,0.0015214283
88647,0.0031933824
88648,0.0030813122
88649,0.0020966541
88650,0.0014784893
88651,0.0010666428
88652,0.00084431586
88653,0.0007152532
88654,0.0010115784
88655,0.0014218744
88656,0.0021308558
88657,0.0032753393
88658,0.0028179744
88659,0.00084227964
88660,0.0013028852
88661,0.0027154966
88662,0.0033867466
88663,0.0029964296
88664,0.0022625625
88665,0.0017630011
88666,0.002169768
88667,0.001789154
88668,0.0014879275
88669,0.0011891336
88670,0.00089605607
88671,0.0008840885
88672,0.0007083021
88673,0.0010888138
88674,0.0016068888
88675,0.0013415591
88676,0.0018553865
88677,0.0024802573
88678,0.0019379113
88679,0.0015287563
88680,0.0017680618
88681,0.0021479963
88682,0.002156394
88683,0.0018419103
88684,0.0012527549
88685,0.0027567253
88686,0.005987111
88687,0.007012999
88688,0.0049346793
88689,0.0034513883
88690,0.0020873472
88691,0.0018526552
88692,0.0015381699
88693,0.0015358787
88694,0.0024524676
88695,0.0031267954
88696,0.0031551307
88697,0.0028230823
88698,0.0024774277
88699,0.002335193
88700,0.002488563
88701,0.002238496
88702,0.0024487742
88703,0.0027586566
88704,0.0033533077
88705,0.003872487
88706,0.0042144586
88707,0.00408969
88708,0.004311877
88709,0.0041286726
88710,0.0031312043
88711,0.0031269258
88712,0.0035488005
88713,0.0034513292
88714,0.0028931706
88715,0.0030556081
88716,0.0026016235
88717,0.0019154188
88718,0.001662578
88719,0.001685112
88720,0.0016652716
88721,0.0016142797
88722,0.0019751145
88723,0.0020785725
88724,0.0021987883
88725,0.0022530754
88726,0.0021076056
88727,0.0020094875
88728,0.0019712206
88729,0.0021950658
88730,0.002436239
88731,0.002099789
88732,0.002186271
88733,0.0024894984
88734,0.0030130988
88735,0.002883558
88736,0.0029411884
88737,0.0021174834
88738,0.0018624632
88739,0.0008203994
88740,0.00081841036
88741,0.0008110158
88742,0.00085275335
88743,0.001148395
88744,0.0012666173
88745,0.0010713529
88746,0.00072955526
88747,0.0012494749
88748,0.00164204
88749,0.0014709702
88750,0.0014995012
88751,0.0012025678
88752,0.001364105
88753,0.0019444332
88754,0.0017989038
88755,0.0015757609
88756,0.0017767646
88757,0.0024475022
88758,0.0035444922
88759,0.004465745
88760,0.0039749583
88761,0.0026057258
88762,0.0024574941
88763,0.0021180743
88764,0.0018588969
88765,0.0011559477
88766,0.0010148815
88767,0.0013087692
88768,0.0019343788
88769,0.0025911652
88770,0.0025997995
88771,0.0022269732
88772,0.0018996273
88773,0.0016779812
88774,0.0012086752
88775,0.0006787589
88776,0.0007832308
88777,0.0008194055
88778,0.00094351894
88779,0.0014911124
88780,0.0015873725
88781,0.0015772746
88782,0.0023657645
88783,0.0023432926
88784,0.0010154262
88785,0.0024465031
88786,0.00332883
88787,0.0037152958
88788,0.00391767
88789,0.004067791
88790,0.0033273872
88791,0.0034251309
88792,0.0029503866
88793,0.0016204877
88794,0.0016218341
88795,0.0014991906
88796,0.0011412768
88797,0.0008394068
88798,0.0008382271
88799,0.00079755456
88800,0.0011080235
88801,0.0010677337
88802,0.00075727265
88803,0.001028611
88804,0.0009765625
88805,0.0014261255
88806,0.0029343627
88807,0.0027326017
88808,0.0011285058
88809,0.0007525693
88810,0.0007619852
88811,0.00079788297
88812,0.00068213785
88813,0.00084020384
88814,0.00096923346
88815,0.0012643866
88816,0.0015635419
88817,0.0013921711
88818,0.0010407064
88819,0.0008163452
88820,0.0008602967
88821,0.00081752083
88822,0.000908667
88823,0.0007006593
88824,0.00067350746
88825,0.0005297899
88826,0.00080311834
88827,0.0009425005
88828,0.0013672591
88829,0.0011418887
88830,0.0009066469
88831,0.00078586466
88832,0.000708261
88833,0.0005311067
88834,0.0005160991
88835,0.000501455
88836,0.0006453945
88837,0.0010220541
88838,0.0010640202
88839,0.0007899279
88840,0.0007457319
88841,0.0007176499
88842,0.0008410002
88843,0.0009905
88844,0.0011884236
88845,0.001230676
88846,0.0008719233
88847,0.0005082574
88848,0.0006841402
88849,0.00031906928
88850,0.00083958014
88851,0.0013650648
88852,0.0012375386
88853,0.0011905278
88854,0.0009407696
88855,0.00069179724
88856,0.00091984053
88857,0.0009658946
88858,0.0012438019
88859,0.0015180578
88860,0.001868314
88861,0.002122083
88862,0.0019615707
88863,0.0010488961
88864,0.0007876034
88865,0.000466018
88866,0.000827886
88867,0.00059391785
88868,0.0011132382
88869,0.0011890357
88870,0.0014027716
88871,0.001326001
88872,0.0004779802
88873,0.0011071826
88874,0.0014512304
88875,0.0018006017
88876,0.0026005718
88877,0.003145421
88878,0.002890292
88879,0.0019142028
88880,0.0019394126
88881,0.0026271606
88882,0.0033769961
88883,0.002737369
88884,0.0011875416
88885,0.0008070587
88886,0.00089423533
88887,0.0011726456
88888,0.0021267955
88889,0.0019863257
88890,0.001089562
88891,0.0013014548
88892,0.0010414054
88893,0.0010393913
88894,0.0012782594
88895,0.0011551921
88896,0.0009155591
88897,0.0007790206
88898,0.0006789304
88899,0.0008663983
88900,0.00090152846
88901,0.0008203994
88902,0.00084023847
88903,0.0012630739
88904,0.0016480729
88905,0.0016445726
88906,0.0011016751
88907,0.0008263025
88908,0.0009908818
88909,0.0016860616
88910,0.0017678807
88911,0.0
88912,0.0029550784
88913,0.0024671627
88914,0.002120162
88915,0.0015902302
88916,0.001379381
88917,0.0010279317
88918,0.0011385194
88919,0.0012569065
88920,0.0011439513
88921,0.0011364726
88922,0.0009313175
88923,0.0012654449
88924,0.0015011112
88925,0.0012696927
88926,0.00080159487
88927,0.0004160644
88928,0.0005719502
88929,0.001056802
88930,0.0011331642
88931,0.0009769796
88932,0.0014741522
88933,0.001564863
88934,0.0012298716
88935,0.001332198
88936,0.0010205439
88937,0.000515817
88938,0.0009301606
88939,0.002122549
88940,0.0023958972
88941,0.0027520761
88942,0.0033680731
88943,0.00341399
88944,0.0029828981
88945,0.0025981981
88946,0.0022137868
88947,0.002057802
88948,0.0027957854
88949,0.0031365443
88950,0.00347846
88951,0.003790957
88952,0.002600359
88953,0.002115063
88954,0.0021759698
88955,0.002527714
88956,0.0024622977
88957,0.0029640761
88958,0.002501534
88959,0.0019850358
88960,0.0024434559
88961,0.0027124616
88962,0.003026755
88963,0.002542787
88964,0.0019625793
88965,0.0019723424
88966,0.001680425
88967,0.0015955835
88968,0.001816517
88969,0.0018598674
88970,0.0019647432
88971,0.0016935022
88972,0.0016454395
88973,0.0014378525
88974,0.0011367542
88975,0.0010152257
88976,0.0011536794
88977,0.0008447638
88978,0.0007944834
88979,0.0018524509
88980,0.003837957
88981,0.0035559935
88982,0.0021993972
88983,0.0016458109
88984,0.0018124429
88985,0.0015975705
88986,0.0010115495
88987,0.0015927902
88988,0.0016548049
88989,0.0019408076
88990,0.0034314045
88991,0.0029219186
88992,0.000762596
88993,0.001281375
88994,0.0025313038
88995,0.0030084688
88996,0.002530292
88997,0.002094835
88998,0.0016317097
88999,0.0017899184
89000,0.0013080351
89001,0.0007558493
89002,0.0008497104
89003,0.00086552446
89004,0.0009202517
89005,0.0009134906
89006,0.0010060102
89007,0.0013093695
89008,0.0011473047
89009,0.002117676
89010,0.0022414715
89011,0.001771088
89012,0.0011166056
89013,0.0017366554
89014,0.0021762238
89015,0.002173226
89016,0.0019399676
89017,0.0013969085
89018,0.0026547115
89019,0.0052513736
89020,0.005686561
89021,0.004390012
89022,0.0036637064
89023,0.0028421928
89024,0.0024109008
89025,0.001938647
89026,0.0018451939
89027,0.0021940446
89028,0.0026954124
89029,0.002847717
89030,0.0028720996
89031,0.0027729569
89032,0.0027912117
89033,0.0026806875
89034,0.0023830594
89035,0.0023436898
89036,0.0024655932
89037,0.002638756
89038,0.002821133
89039,0.0033611876
89040,0.00359538
89041,0.0044593336
89042,0.0046193385
89043,0.004186425
89044,0.004504258
89045,0.00429078
89046,0.0038520359
89047,0.0033121766
89048,0.0035512843
89049,0.0031435697
89050,0.002280819
89051,0.0018039122
89052,0.0015058152
89053,0.0017094611
89054,0.0019380464
89055,0.0025902216
89056,0.0027103901
89057,0.0026716283
89058,0.0023282657
89059,0.0019025666
89060,0.0016769923
89061,0.0022049875
89062,0.0022981833
89063,0.002398908
89064,0.0016938802
89065,0.001990497
89066,0.0020161388
89067,0.002574816
89068,0.002553204
89069,0.0023732323
89070,0.0019186524
89071,0.0019332801
89072,0.0010836158
89073,0.00087485573
89074,0.0008929325
89075,0.00107931
89076,0.0012359148
89077,0.000866902
89078,0.00080821186
89079,0.0008998159
89080,0.0014311166
89081,0.0015336032
89082,0.0012591043
89083,0.0010139061
89084,0.00063153694
89085,0.0011516343
89086,0.001755192
89087,0.001690492
89088,0.0016312994
89089,0.0021055057
89090,0.0022277702
89091,0.0031200398
89092,0.0042837537
89093,0.004421476
89094,0.0031629247
89095,0.0025088065
89096,0.0017603247
89097,0.0014670872
89098,0.0011436715
89099,0.00055626605
89100,0.00053823745
89101,0.0012817383
89102,0.0018787684
89103,0.0017981918
89104,0.0014560955
89105,0.0008471033
89106,0.00074162264
89107,0.0005731194
89108,0.0006699112
89109,0.0007667067
89110,0.000641686
89111,0.00078926445
89112,0.0012776445
89113,0.0014230201
89114,0.0013064544
89115,0.0018519795
89116,0.0022873047
89117,0.001721067
89118,0.0012540785
89119,0.0017917061
89120,0.0022891616
89121,0.0034127622
89122,0.0039906767
89123,0.0038243288
89124,0.0040094485
89125,0.003896037
89126,0.0024603822
89127,0.0014676822
89128,0.0011870514
89129,0.00087532133
89130,0.0009117047
89131,0.0006819672
89132,0.00053812924
89133,0.000716879
89134,0.0007686781
89135,0.00064516894
89136,0.0009158134
89137,0.00066423946
89138,0.0017892028
89139,0.0030188889
89140,0.0025459668
89141,0.0013144497
89142,0.000994166
89143,0.0007859017
89144,0.0009866433
89145,0.0008837922
89146,0.000599915
89147,0.0005713902
89148,0.0006178396
89149,0.001022965
89150,0.0013685356
89151,0.0012108645
89152,0.0010365874
89153,0.00095805875
89154,0.0007256754
89155,0.0005812377
89156,0.00041403086
89157,0.0005765117
89158,0.00054292136
89159,0.0007994863
89160,0.0012987014
89161,0.0015682628
89162,0.00078412215
89163,0.0008321638
89164,0.00083446887
89165,0.0010023875
89166,0.0007334543
89167,0.000582638
89168,0.0003674803
89169,0.00053974934
89170,0.0006834166
89171,0.0010619942
89172,0.001060431
89173,0.0010188599
89174,0.0011451211
89175,0.0012087475
89176,0.0009902355
89177,0.00089182367
89178,0.0010211425
89179,0.00083881716
89180,0.00064145925
89181,0.0009066469
89182,0.00067785784
89183,0.0009153048
89184,0.0015800032
89185,0.0013027289
89186,0.0009782597
89187,0.0008347478
89188,0.0008955362
89189,0.0011075506
89190,0.0011429586
89191,0.0013036892
89192,0.0015892598
89193,0.0019927914
89194,0.0024863868
89195,0.0023656168
89196,0.0012522902
89197,0.00037110553
89198,0.00048893644
89199,0.0009694736
89200,0.00071842
89201,0.00072362705
89202,0.0006337451
89203,0.0011551165
89204,0.0016765931
89205,0.002637388
89206,0.00279667
89207,0.0025139984
89208,0.0015873725
89209,0.0014273494
89210,0.00230318
89211,0.0029612668
89212,0.002525272
89213,0.0022406792
89214,0.002280921
89215,0.0029093814
89216,0.0026531103
89217,0.0012053477
89218,0.00078834203
89219,0.0009892063
89220,0.001386767
89221,0.0021938323
89222,0.0022824134
89223,0.0018908897
89224,0.0019546147
89225,0.0015847669
89226,0.0015002773
89227,0.0014824799
89228,0.0012837576
89229,0.0009538574
89230,0.00093822944
89231,0.0012852756
89232,0.0016877697
89233,0.0017349283
89234,0.0014928485
89235,0.0008700521
89236,0.0010776907
89237,0.0013730578
89238,0.001381384
89239,0.0009121834
89240,0.00079762755
89241,0.0014299774
89242,0.002288068
89243,0.0021433712
89244,0.0
89245,0.0016573356
89246,0.0014780561
89247,0.0014307708
89248,0.001490351
89249,0.0013199294
89250,0.0015440809
89251,0.001582212
89252,0.0016103265
89253,0.0012073502
89254,0.000974922
89255,0.0010413774
89256,0.0014045547
89257,0.0012944364
89258,0.0011873456
89259,0.00086421205
89260,0.0009568733
89261,0.0014543355
89262,0.0015850974
89263,0.001151786
89264,0.00079356704
89265,0.0011795991
89266,0.0011382637
89267,0.0012333454
89268,0.0011103849
89269,0.00085707684
89270,0.00048360974
89271,0.0008394068
89272,0.001956341
89273,0.0021266313
89274,0.002359519
89275,0.0029878505
89276,0.0032080766
89277,0.0029559252
89278,0.0025320512
89279,0.0022508525
89280,0.0021498248
89281,0.0021646516
89282,0.002675286
89283,0.003665557
89284,0.0037260903
89285,0.0024898492
89286,0.0026371784
89287,0.0025147623
89288,0.0027697433
89289,0.002542558
89290,0.002713781
89291,0.0024315875
89292,0.0024106472
89293,0.0031016655
89294,0.003031962
89295,0.002615325
89296,0.0019780593
89297,0.0016417386
89298,0.0015963311
89299,0.0015197056
89300,0.001260352
89301,0.0015387186
89302,0.0015971878
89303,0.001725087
89304,0.0016298358
89305,0.0014605857
89306,0.0015036296
89307,0.0012738347
89308,0.00086881354
89309,0.00085452624
89310,0.0010948912
89311,0.0016171617
89312,0.0020879605
89313,0.0039052886
89314,0.0038510913
89315,0.0021579321
89316,0.0019066924
89317,0.0021584446
89318,0.0020639452
89319,0.0015611763
89320,0.0018810906
89321,0.0019769557
89322,0.0019486943
89323,0.0035144356
89324,0.0029915886
89325,0.0012770522
89326,0.0017689669
89327,0.0020762188
89328,0.0021191733
89329,0.0020714053
89330,0.0015094251
89331,0.0011874926
89332,0.0010611168
89333,0.0011137348
89334,0.0007250735
89335,0.0008679086
89336,0.00063686026
89337,0.0010429692
89338,0.0012514766
89339,0.0012823966
89340,0.0013228807
89341,0.0015481092
89342,0.0024431818
89343,0.0019337467
89344,0.0011466196
89345,0.0011169184
89346,0.0015481092
89347,0.0020204217
89348,0.0022306163
89349,0.0019646394
89350,0.0019322261
89351,0.002399296
89352,0.003756708
89353,0.004153587
89354,0.0035787635
89355,0.002684452
89356,0.001976926
89357,0.001977147
89358,0.0019367546
89359,0.0020000222
89360,0.0021081993
89361,0.0023391529
89362,0.0026487736
89363,0.0023951074
89364,0.0024014057
89365,0.0026097102
89366,0.0027913577
89367,0.0026095652
89368,0.00235249
89369,0.0023015116
89370,0.0019328886
89371,0.002061137
89372,0.002003831
89373,0.0028794876
89374,0.0036619266
89375,0.0041554575
89376,0.0039118784
89377,0.0044391407
89378,0.00435014
89379,0.0035331429
89380,0.0037685116
89381,0.0035255232
89382,0.0034903458
89383,0.0025786113
89384,0.0023442612
89385,0.0019515001
89386,0.0019212294
89387,0.0022633984
89388,0.0025236118
89389,0.0024641764
89390,0.0021201894
89391,0.0020326287
89392,0.0016636105
89393,0.0014235722
89394,0.0015896444
89395,0.0017417927
89396,0.0019754681
89397,0.0018667711
89398,0.002161584
89399,0.0021254676
89400,0.0019503663
89401,0.001827666
89402,0.0013065436
89403,0.0015051966
89404,0.0017321582
89405,0.0011559225
89406,0.00086599507
89407,0.00077617605
89408,0.000992144
89409,0.0009199038
89410,0.0006275612
89411,0.00082362135
89412,0.000640642
89413,0.0010480911
89414,0.0012675362
89415,0.001366237
89416,0.0013672165
89417,0.0012583645
89418,0.001738029
89419,0.0021921336
89420,0.0025122843
89421,0.002448358
89422,0.0023498412
89423,0.0017497946
89424,0.0014606057
89425,0.0027875495
89426,0.003420769
89427,0.00262963
89428,0.0016618426
89429,0.0012142727
89430,0.0010505319
89431,0.0008228082
89432,0.00052802905
89433,0.0006356252
89434,0.0011451718
89435,0.0013498424
89436,0.0013236285
89437,0.0012554238
89438,0.000864111
89439,0.00080889574
89440,0.00084627833
89441,0.0010338322
89442,0.0011257946
89443,0.0010197165
89444,0.00075291726
89445,0.0009740559
89446,0.0013903722
89447,0.0017175629
89448,0.0020673547
89449,0.002837991
89450,0.0027946297
89451,0.001951873
89452,0.0015132189
89453,0.0011494083
89454,0.002144647
89455,0.003108433
89456,0.0038109953
89457,0.0052341036
89458,0.005057759
89459,0.0026003702
89460,0.0015615118
89461,0.0012284747
89462,0.00090930733
89463,0.0011133689
89464,0.0011425767
89465,0.0011020184
89466,0.0009525445
89467,0.0008750553
89468,0.0006741553
89469,0.0008212858
89470,0.00068179646
89471,0.0018488182
89472,0.0028132712
89473,0.0021301182
89474,0.0013081242
89475,0.0012630969
89476,0.00079580105
89477,0.0009454602
89478,0.0011237764
89479,0.0010957681
89480,0.0009628767
89481,0.0006636258
89482,0.000533676
89483,0.0011319563
89484,0.0011969885
89485,0.0011873946
89486,0.0009349044
89487,0.00059577706
89488,0.0004973757
89489,0.00066134136
89490,0.0009808149
89491,0.00089657557
89492,0.0010122686
89493,0.0014994817
89494,0.0017756996
89495,0.0010095624
89496,0.0010936412
89497,0.000874523
89498,0.0010497281
89499,0.0009748921
89500,0.0010252668
89501,0.0006021908
89502,0.00077253033
89503,0.00090301223
89504,0.0012058547
89505,0.0012203931
89506,0.001226127
89507,0.0013394314
89508,0.0012401933
89509,0.0009296598
89510,0.00079740863
89511,0.0009870266
89512,0.00088032766
89513,0.00068897277
89514,0.00093097374
89515,0.00072334544
89516,0.0007267574
89517,0.0013838678
89518,0.0013096139
89519,0.0007972626
89520,0.0006001575
89521,0.0011972074
89522,0.0014685346
89523,0.0011087324
89524,0.0010551759
89525,0.001162951
89526,0.0010985533
89527,0.0019700835
89528,0.0025158846
89529,0.001623538
89530,0.00070111605
89531,0.0005492104
89532,0.0009484108
89533,0.0007139907
89534,0.0006063329
89535,0.0007209273
89536,0.0013279312
89537,0.0023294904
89538,0.0029899343
89539,0.0027898455
89540,0.0021904868
89541,0.001052884
89542,0.0010556171
89543,0.0017243444
89544,0.0027618196
89545,0.0027927023
89546,0.002521639
89547,0.0020489718
89548,0.0020035696
89549,0.002037791
89550,0.0010321136
89551,0.00073285884
89552,0.0010889474
89553,0.0012912623
89554,0.0018834409
89555,0.0018950716
89556,0.0018403137
89557,0.0017505762
89558,0.0014659957
89559,0.0013227487
89560,0.0014506286
89561,0.0010465627
89562,0.0007528013
89563,0.0009912635
89564,0.0016402134
89565,0.0018570955
89566,0.002202161
89567,0.0020343177
89568,0.0014561554
89569,0.0018395229
89570,0.0018546492
89571,0.0017840716
89572,0.0014655589
89573,0.0017015602
89574,0.0023495685
89575,0.002713631
89576,0.0021724626
89577,0.0
89578,0.0014915807
89579,0.0016179354
89580,0.001210071
89581,0.0015456822
89582,0.0014937061
89583,0.0019037747
89584,0.0016797148
89585,0.0013356671
89586,0.0009121196
89587,0.0010684966
89588,0.0012505227
89589,0.0011844742
89590,0.0010254371
89591,0.0011162406
89592,0.0011483443
89593,0.0014527938
89594,0.0016181872
89595,0.0013959082
89596,0.00086320116
89597,0.0007843077
89598,0.0010051709
89599,0.000842556
89600,0.0009206944
89601,0.0008604658
89602,0.0007783104
89603,0.00063635735
89604,0.0007982841
89605,0.0016445726
89606,0.0016225339
89607,0.0013014548
89608,0.0019122404
89609,0.0024251996
89610,0.0024308574
89611,0.0018626663
89612,0.0015997733
89613,0.0018320875
89614,0.0019670378
89615,0.0021710151
89616,0.0035562718
89617,0.0034888112
89618,0.0025221352
89619,0.0026477845
89620,0.00249606
89621,0.00237463
89622,0.002619439
89623,0.0026719442
89624,0.0025409549
89625,0.0026373328
89626,0.0029540244
89627,0.0028328386
89628,0.001920199
89629,0.0016314065
89630,0.0014558756
89631,0.0010610346
89632,0.0007488475
89633,0.0007111725
89634,0.0008892091
89635,0.0012327553
89636,0.001136703
89637,0.0011143357
89638,0.00086033053
89639,0.0010383266
89640,0.0009216106
89641,0.0007470186
89642,0.00093577564
89643,0.0014909367
89644,0.0019486644
89645,0.0021725965
89646,0.003634876
89647,0.0036715863
89648,0.0022129847
89649,0.0013807096
89650,0.0018319446
89651,0.0020336881
89652,0.0019275208
89653,0.0019223803
89654,0.0021099655
89655,0.0037611832
89656,0.00416205
89657,0.0033754446
89658,0.0016717778
89659,0.0021901014
89660,0.0023202894
89661,0.0022586486
89662,0.0018438685
89663,0.0013762759
89664,0.0014637307
89665,0.0014384191
89666,0.001644077
89667,0.0014888075
89668,0.0012108404
89669,0.00068397
89670,0.0012352081
89671,0.0014557557
89672,0.001598827
89673,0.0018446419
89674,0.0023319754
89675,0.0024584888
89676,0.0016465711
89677,0.0011265441
89678,0.0016375141
89679,0.001777829
89680,0.0017048069
89681,0.002212235
89682,0.0021640735
89683,0.0017342404
89684,0.0018752952
89685,0.0022758115
89686,0.0032094643
89687,0.0031031573
89688,0.0022102213
89689,0.0017663984
89690,0.001698907
89691,0.0019996292
89692,0.0020779283
89693,0.0021139344
89694,0.0023691328
89695,0.0030360485
89696,0.0029545957
89697,0.0026843653
89698,0.0026756886
89699,0.0027330702
89700,0.002387647
89701,0.0016718996
89702,0.0014752969
89703,0.0015497063
89704,0.0021046898
89705,0.002229494
89706,0.0032935222
89707,0.003478368
89708,0.0038514012
89709,0.0037835182
89710,0.0036943369
89711,0.003736628
89712,0.003098004
89713,0.0036456853
89714,0.003387073
89715,0.0027262464
89716,0.00207713
89717,0.0022087065
89718,0.0022676764
89719,0.0020346467
89720,0.0020105734
89721,0.0021372521
89722,0.0019956664
89723,0.0018286053
89724,0.0017048753
89725,0.0011612731
89726,0.00096854253
89727,0.0013128546
89728,0.0015866939
89729,0.0017645521
89730,0.0019869704
89731,0.0019765727
89732,0.0014956533
89733,0.0009004948
89734,0.0010235339
89735,0.0011436968
89736,0.0013956162
89737,0.0015383591
89738,0.0016412599
89739,0.0019878051
89740,0.0019374005
89741,0.001654629
89742,0.0007523759
89743,0.0006231866
89744,0.00075388304
89745,0.00043993234
89746,0.0005542218
89747,0.0007524533
89748,0.0010473133
89749,0.0011103849
89750,0.00095080136
89751,0.0014151242
89752,0.0019916373
89753,0.0022635786
89754,0.0021396065
89755,0.0016704716
89756,0.0014481789
89757,0.0015031457
89758,0.0019574268
89759,0.0023039256
89760,0.0020717564
89761,0.0010405947
89762,0.0010253805
89763,0.0009551685
89764,0.00090333447
89765,0.0008610406
89766,0.0007368194
89767,0.00094570644
89768,0.0010696128
89769,0.0010470632
89770,0.0010907633
89771,0.001231007
89772,0.0012172172
89773,0.0009816751
89774,0.00088878354
89775,0.00094049115
89776,0.0010865394
89777,0.0007711729
89778,0.0010636098
89779,0.0017374428
89780,0.002364743
89781,0.0024355222
89782,0.0028103215
89783,0.0027946087
89784,0.0021826203
89785,0.0015894612
89786,0.00085982296
89787,0.00075291726
89788,0.0017958435
89789,0.0033115614
89790,0.0055899727
89791,0.005879685
89792,0.0032062798
89793,0.0014627163
89794,0.0012193434
89795,0.0007815197
89796,0.00053443894
89797,0.0010143939
89798,0.0012174324
89799,0.0010735239
89800,0.001018117
89801,0.0009298476
89802,0.0010055184
89803,0.00087694905
89804,0.0019770293
89805,0.0024322458
89806,0.0017518227
89807,0.0015541884
89808,0.0014495248
89809,0.00094601413
89810,0.0011813496
89811,0.0013062317
89812,0.0009839553
89813,0.0008765507
89814,0.0006249587
89815,0.00062398
89816,0.00088934
89817,0.0006959915
89818,0.0007545776
89819,0.0006729887
89820,0.0003696912
89821,0.0005821383
89822,0.00071870355
89823,0.0009613945
89824,0.0008387478
89825,0.0006623527
89826,0.0013500795
89827,0.0014474351
89828,0.0012322358
89829,0.0012131936
89830,0.0012809206
89831,0.0011101752
89832,0.0011550158
89833,0.001213961
89834,0.00081937
89835,0.0008481334
89836,0.00083247846
89837,0.0012430061
89838,0.0013524487
89839,0.0011685184
89840,0.00076856447
89841,0.0007040571
89842,0.0008541856
89843,0.0013077236
89844,0.0016697223
89845,0.0019654096
89846,0.001361863
89847,0.0013279092
89848,0.0009944295
89849,0.00096974376
89850,0.0010831053
89851,0.0011863402
89852,0.0010549276
89853,0.001134781
89854,0.0020821819
89855,0.0020338884
89856,0.0012959645
89857,0.0010123836
89858,0.00092554966
89859,0.0008144892
89860,0.001845399
89861,0.0023260647
89862,0.001543025
89863,0.0007327
89864,0.00063024525
89865,0.0007963495
89866,0.00057291624
89867,0.00093506003
89868,0.001162175
89869,0.0015743381
89870,0.001957159
89871,0.0014957505
89872,0.0009795679
89873,0.0011020184
89874,0.0011854322
89875,0.0016419868
89876,0.002039376
89877,0.002583595
89878,0.0029645278
89879,0.0026744374
89880,0.0020890057
89881,0.001722926
89882,0.0015643236
89883,0.0010730358
89884,0.0007238683
89885,0.0008840885
89886,0.0007473692
89887,0.0014591903
89888,0.0015027971
89889,0.0011908456
89890,0.0009507095
89891,0.0008467597
89892,0.00084009994
89893,0.0009472132
89894,0.0006636696
89895,0.00059519056
89896,0.0010674339
89897,0.0014106955
89898,0.00090004224
89899,0.0020728658
89900,0.00304964
89901,0.002635158
89902,0.0020330583
89903,0.0018578006
89904,0.001793638
89905,0.0018378291
89906,0.0021692181
89907,0.0027020122
89908,0.0026900081
89909,0.002243029
89910,0.0
89911,0.0015592922
89912,0.0014201129
89913,0.0014104479
89914,0.0017009957
89915,0.0020082996
89916,0.0019335662
89917,0.0016744913
89918,0.0012853662
89919,0.0012416708
89920,0.0014252681
89921,0.0010282148
89922,0.00095339963
89923,0.0011113281
89924,0.0008521047
89925,0.0010671066
89926,0.0011735883
89927,0.0008626953
89928,0.0007059973
89929,0.0006244929
89930,0.00090436486
89931,0.0010531605
89932,0.0011214431
89933,0.0009710634
89934,0.0007132566
89935,0.00091733754
89936,0.0012806479
89937,0.0013786635
89938,0.0019053792
89939,0.0018025888
89940,0.0013994689
89941,0.0013121449
89942,0.0016458109
89943,0.0018791092
89944,0.0011130029
89945,0.000706986
89946,0.0013381488
89947,0.0016914043
89948,0.0023280531
89949,0.0035896362
89950,0.0036239785
89951,0.0027686504
89952,0.0019784272
89953,0.0021259058
89954,0.0024065753
89955,0.0030944601
89956,0.0028736296
89957,0.0025862297
89958,0.0026519143
89959,0.0025044177
89960,0.0018431739
89961,0.0017329813
89962,0.002046257
89963,0.0016146222
89964,0.00094049115
89965,0.000540396
89966,0.0004143822
89967,0.0009610918
89968,0.0011997572
89969,0.00087522157
89970,0.00072855724
89971,0.0006669505
89972,0.000701531
89973,0.00069536397
89974,0.0010333253
89975,0.0014220586
89976,0.0016229105
89977,0.0015566022
89978,0.0017103803
89979,0.0028860902
89980,0.003524549
89981,0.0023735021
89982,0.0007199578
89983,0.00095288054
89984,0.0012777357
89985,0.001580832
89986,0.0019778386
89987,0.002595598
89988,0.0046056462
89989,0.004267615
89990,0.0030420243
89991,0.0017137631
89992,0.0023542338
89993,0.0025270463
89994,0.0024634085
89995,0.0022510076
89996,0.0017797106
89997,0.0016802865
89998,0.0014636313
89999,0.0014092092
90000,0.0015189586
90001,0.0011801418
90002,0.0009190808
90003,0.0015078433
90004,0.0017344586
90005,0.0021730117
90006,0.002456973
90007,0.0026128977
90008,0.001739251
90009,0.0012915778
90010,0.0013989281
90011,0.0021172774
90012,0.0021001631
90013,0.0018337865
90014,0.0021293804
90015,0.002027166
90016,0.0013434235
90017,0.0013381488
90018,0.0017573462
90019,0.002295852
90020,0.002473748
90021,0.0019522754
90022,0.0015028745
90023,0.0011145446
90024,0.0014662538
90025,0.0015438359
90026,0.0017390167
90027,0.0017998258
90028,0.0023205904
90029,0.0026270167
90030,0.0027883637
90031,0.0029127307
90032,0.002699825
90033,0.0018617911
90034,0.0015394939
90035,0.001135704
90036,0.0015269276
90037,0.0020710258
90038,0.0025920412
90039,0.0032590644
90040,0.0033401502
90041,0.0030494395
90042,0.003422028
90043,0.0029616107
90044,0.003095457
90045,0.0029358997
90046,0.0029900705
90047,0.0029097514
90048,0.0020768635
90049,0.0020381766
90050,0.0017127439
90051,0.0016245595
90052,0.0013687696
90053,0.0019500977
90054,0.0022335108
90055,0.0016999859
90056,0.0017143064
90057,0.0014825781
90058,0.001202955
90059,0.00039230226
90060,0.0012028582
90061,0.0014856568
90062,0.0013473822
90063,0.0013144055
90064,0.00096420577
90065,0.0007402872
90066,0.00063631166
90067,0.0009962716
90068,0.001171578
90069,0.0013501442
90070,0.0013627816
90071,0.0019468714
90072,0.0025205424
90073,0.0028897382
90074,0.0026381162
90075,0.0016687459
90076,0.0008660959
90077,0.00079580105
90078,0.0006264007
90079,0.00062444626
90080,0.00045348392
90081,0.0006716034
90082,0.0007315074
90083,0.0007688674
90084,0.000973189
90085,0.0012371388
90086,0.0014110049
90087,0.0016171617
90088,0.001548222
90089,0.0015433833
90090,0.0018285416
90091,0.0019199717
90092,0.002252158
90093,0.0019991635
90094,0.0012273133
90095,0.0009872625
90096,0.0010249546
90097,0.0009053298
90098,0.0008510794
90099,0.00070111605
90100,0.0005937708
90101,0.0006372714
90102,0.0006612093
90103,0.0010832397
90104,0.001611862
90105,0.0016434218
90106,0.0014206662
90107,0.00137204
90108,0.001094838
90109,0.0009970017
90110,0.0012435679
90111,0.0018042187
90112,0.0021357536
90113,0.0023854764
90114,0.0023368252
90115,0.0024835994
90116,0.0024733716
90117,0.0024301747
90118,0.002162405
90119,0.0015572938
90120,0.0014208095
90121,0.0013861373
90122,0.0021092345
90123,0.0057061957
90124,0.006714981
90125,0.003601252
90126,0.0013240682
90127,0.0009322858
90128,0.0009506789
90129,0.00089286733
90130,0.0011220139
90131,0.0013524056
90132,0.0010518054
90133,0.00088049297
90134,0.00085853576
90135,0.0009735777
90136,0.00097823
90137,0.0017137631
90138,0.0017734199
90139,0.0014911905
90140,0.0017454147
90141,0.0013856543
90142,0.0008708211
90143,0.0007155786
90144,0.0007773376
90145,0.0007563497
90146,0.000831569
90147,0.00058388547
90148,0.0005504808
90149,0.00074087665
90150,0.0010104557
90151,0.0011871494
90152,0.0009714829
90153,0.00072410953
90154,0.0007083021
90155,0.00084792747
90156,0.0010103404
90157,0.00077527564
90158,0.0008530946
90159,0.0014832453
90160,0.0017706442
90161,0.0019291962
90162,0.0016598449
90163,0.0016788655
90164,0.0012041157
90165,0.0013389968
90166,0.0013300116
90167,0.0013005153
90168,0.00090930733
90169,0.00075911515
90170,0.0008702528
90171,0.0009710634
90172,0.0009963299
90173,0.0009497907
90174,0.0014440129
90175,0.0013167504
90176,0.0016828825
90177,0.002434279
90178,0.0030287255
90179,0.0029071397
90180,0.0022087328
90181,0.0018078607
90182,0.0015058152
90183,0.0009914398
90184,0.0010414054
90185,0.0013030639
90186,0.0018002623
90187,0.0022761056
90188,0.0019303123
90189,0.0010613637
90190,0.0009928771
90191,0.001288713
90192,0.00115267
90193,0.0020481052
90194,0.002219
90195,0.0013141618
90196,0.000652971
90197,0.00067294546
90198,0.0011206383
90199,0.0013625893
90200,0.001928819
90201,0.001717241
90202,0.0015486731
90203,0.0014571145
90204,0.0010680335
90205,0.0008736573
90206,0.0011417867
90207,0.0014899995
90208,0.0020335594
90209,0.0020662283
90210,0.0020379624
90211,0.0023269528
90212,0.002089326
90213,0.0015630207
90214,0.0014174668
90215,0.0013313458
90216,0.0010257494
90217,0.00065909314
90218,0.00087877247
90219,0.00087031967
90220,0.0013474901
90221,0.0014565751
90222,0.0011551921
90223,0.0007424855
90224,0.00056318165
90225,0.0007650727
90226,0.00083387573
90227,0.00080550654
90228,0.00095486373
90229,0.001152872
90230,0.0013080797
90231,0.00092953455
90232,0.0019852852
90233,0.0029932905
90234,0.0032981671
90235,0.002559784
90236,0.0018854022
90237,0.0019826007
90238,0.0021730922
90239,0.0022745323
90240,0.0026950883
90241,0.0024479777
90242,0.0020910944
90243,0.0
90244,0.0016907158
90245,0.0018096307
90246,0.0019490378
90247,0.0018593196
90248,0.0018963459
90249,0.001495984
90250,0.0014603466
90251,0.0015300693
90252,0.0018401872
90253,0.0017241925
90254,0.0006686937
90255,0.0009004948
90256,0.0010135903
90257,0.0006848205
90258,0.0009637227
90259,0.000996622
90260,0.0009854035
90261,0.0007365824
90262,0.0006561723
90263,0.0006938556
90264,0.0008930303
90265,0.0011623502
90266,0.000957299
90267,0.0007532651
90268,0.0011894762
90269,0.0014602868
90270,0.0017287272
90271,0.0021701704
90272,0.0020481194
90273,0.0017131007
90274,0.0019048752
90275,0.0019503216
90276,0.0018691082
90277,0.0014570545
90278,0.0008717564
90279,0.001002068
90280,0.0011711804
90281,0.001938647
90282,0.0028212671
90283,0.0031243744
90284,0.0030742106
90285,0.0028462755
90286,0.0027356034
90287,0.0030472437
90288,0.0031390856
90289,0.0031816587
90290,0.0024218853
90291,0.0024219693
90292,0.0016408698
90293,0.0013878789
90294,0.0018092286
90295,0.0020829225
90296,0.0015941418
90297,0.0009670088
90298,0.00070207013
90299,0.00089289993
90300,0.0012483097
90301,0.0012987462
90302,0.0010078889
90303,0.0007440909
90304,0.0008418649
90305,0.00083247846
90306,0.0011890602
90307,0.0015959482
90308,0.0015890035
90309,0.0012765279
90310,0.00088793173
90311,0.0014823033
90312,0.0024618485
90313,0.0033668198
90314,0.0026165375
90315,0.0005193035
90316,0.0006422754
90317,0.001038747
90318,0.0016186727
90319,0.0023413168
90320,0.0037077523
90321,0.0046425727
90322,0.0034441373
90323,0.0019503812
90324,0.0021142235
90325,0.0022678175
90326,0.0025361856
90327,0.002786568
90328,0.0025317522
90329,0.0021544767
90330,0.001978589
90331,0.0010899359
90332,0.0008361413
90333,0.0011358834
90334,0.0010092163
90335,0.00094284007
90336,0.0011899654
90337,0.0015739498
90338,0.0016740916
90339,0.0019255419
90340,0.0016448203
90341,0.0012354673
90342,0.0012901124
90343,0.0011950418
90344,0.0017559379
90345,0.0021841133
90346,0.0020815528
90347,0.0023816912
90348,0.0022941653
90349,0.001549913
90350,0.0009995963
90351,0.0016745261
90352,0.0020753075
90353,0.0017094441
90354,0.001465956
90355,0.00086797564
90356,0.0008197606
90357,0.0009647791
90358,0.0009883821
90359,0.00082732335
90360,0.0008419686
90361,0.000981853
90362,0.0012264593
90363,0.001403705
90364,0.0017489961
90365,0.0018876701
90366,0.0012438019
90367,0.0012471669
90368,0.0010794448
90369,0.0010866465
90370,0.0012352081
90371,0.0015076116
90372,0.002400715
90373,0.0024286173
90374,0.0021098
90375,0.0023629703
90376,0.002040674
90377,0.0021423253
90378,0.0020231134
90379,0.0014077629
90380,0.0015481468
90381,0.0014344073
90382,0.0011932871
90383,0.001048452
90384,0.00089283474
90385,0.00080427714
90386,0.001610471
90387,0.0018172058
90388,0.0012467934
90389,0.0011778955
90390,0.0015483912
90391,0.0015077661
90392,0.00064970914
90393,0.0011707579
90394,0.0015605609
90395,0.0011451464
90396,0.0008329328
90397,0.00047018367
90398,0.000305557
90399,0.0007099028
90400,0.00075492467
90401,0.0007359895
90402,0.0009397482
90403,0.0007805508
90404,0.0011254585
90405,0.001326001
90406,0.0023078383
90407,0.0026503005
90408,0.0019301162
90409,0.0011302066
90410,0.00084758416
90411,0.0006096359
90412,0.00059514167
90413,0.0004693163
90414,0.0008566692
90415,0.0009871151
90416,0.001029007
90417,0.001596641
90418,0.0016295679
90419,0.001514257
90420,0.0015101384
90421,0.0014440733
90422,0.0011950175
90423,0.0015619404
90424,0.001976455
90425,0.0022225645
90426,0.001754147
90427,0.0011173091
90428,0.0007697753
90429,0.00060561247
90430,0.0008189081
90431,0.0008319889
90432,0.0007807745
90433,0.00080304587
90434,0.00074087665
90435,0.0011525942
90436,0.0017335019
90437,0.002083579
90438,0.001874162
90439,0.0014294888
90440,0.0015568265
90441,0.0013873755
90442,0.0011469495
90443,0.0016259204
90444,0.0019437296
90445,0.0018216528
90446,0.0017529685
90447,0.0019389923
90448,0.002262434
90449,0.0023296652
90450,0.002823113
90451,0.0030272068
90452,0.0034417873
90453,0.0033694294
90454,0.0027834955
90455,0.0037142695
90456,0.0067527643
90457,0.0071573807
90458,0.0040365336
90459,0.0011402308
90460,0.0009285008
90461,0.0008652554
90462,0.0009107785
90463,0.0008817151
90464,0.0011239577
90465,0.0011660501
90466,0.0007816686
90467,0.0004723452
90468,0.0009861712
90469,0.0012646398
90470,0.0014612033
90471,0.0011975962
90472,0.0010986328
90473,0.0015016928
90474,0.001135704
90475,0.0008167373
90476,0.0006191572
90477,0.00075047807
90478,0.0009499439
90479,0.0010129871
90480,0.0008373239
90481,0.0008167729
90482,0.0007560803
90483,0.0010614186
90484,0.0012525226
90485,0.0009663465
90486,0.00095978874
90487,0.0010940934
90488,0.0013870399
90489,0.0013209432
90490,0.0011253551
90491,0.0012098305
90492,0.0016197152
90493,0.0018878243
90494,0.0019767347
90495,0.0017107206
90496,0.0017624397
90497,0.0015517708
90498,0.0015547127
90499,0.0014168917
90500,0.0013273831
90501,0.00093736046
90502,0.0008811868
90503,0.00054425985
90504,0.0007843448
90505,0.0010205439
90506,0.0013867461
90507,0.0017951627
90508,0.0017689998
90509,0.0015814762
90510,0.001689028
90511,0.0021728377
90512,0.002435785
90513,0.0018724841
90514,0.0017473479
90515,0.001718664
90516,0.0013056076
90517,0.0010485075
90518,0.0013027289
90519,0.002219105
90520,0.0026336776
90521,0.0021332174
90522,0.0011956019
90523,0.0010935081
90524,0.0016189604
90525,0.0017687365
90526,0.0023953747
90527,0.0021467765
90528,0.0009723513
90529,0.0007911428
90530,0.001051418
90531,0.0016331895
90532,0.0019815287
90533,0.0021567314
90534,0.0019130317
90535,0.0015068392
90536,0.001478568
90537,0.001093375
90538,0.0013400397
90539,0.0015177893
90540,0.0020444642
90541,0.0025163705
90542,0.001968857
90543,0.0014986469
90544,0.0017781073
90545,0.0018469281
90546,0.0011450193
90547,0.001126725
90548,0.0009699838
90549,0.00087767886
90550,0.00092454284
90551,0.0009407696
90552,0.001022965
90553,0.0011432132
90554,0.0012169781
90555,0.00081887253
90556,0.0005606956
90557,0.0005665821
90558,0.0007558108
90559,0.00062098773
90560,0.0005923477
90561,0.0009388806
90562,0.001104946
90563,0.0012050096
90564,0.0014021283
90565,0.001835357
90566,0.0027619463
90567,0.0039788154
90568,0.003413666
90569,0.0020924301
90570,0.001977662
90571,0.0021276027
90572,0.0022053702
90573,0.0024329156
90574,0.0020946544
90575,0.0014823622
90576,0.0
90577,0.002005849
90578,0.0021157647
90579,0.0020196724
90580,0.0015317043
90581,0.0012224185
90582,0.000947981
90583,0.0011438496
90584,0.0013629524
90585,0.0019452563
90586,0.0017700195
90587,0.0006909974
90588,0.0008358976
90589,0.0009921147
90590,0.0008483393
90591,0.0008670363
90592,0.00092356646
90593,0.0010899625
90594,0.0007808491
90595,0.0008092195
90596,0.0008736573
90597,0.0010374574
90598,0.0011098868
90599,0.0009389736
90600,0.00092432246
90601,0.0013259571
90602,0.00154841
90603,0.0018728104
90604,0.002199159
90605,0.002028343
90606,0.0020779984
90607,0.0022953576
90608,0.0021484976
90609,0.0017880475
90610,0.0014513507
90611,0.0010718688
90612,0.0013043365
90613,0.0010719774
90614,0.0012712275
90615,0.001669792
90616,0.002505963
90617,0.0031578967
90618,0.0033342026
90619,0.002881882
90620,0.0025940614
90621,0.0025247878
90622,0.0026192279
90623,0.0022708313
90624,0.0021821535
90625,0.0016859063
90626,0.001110909
90627,0.0015930096
90628,0.0021848727
90629,0.0017275652
90630,0.00085008715
90631,0.0009451216
90632,0.001232094
90633,0.001316662
90634,0.0012173129
90635,0.0008868494
90636,0.0006541733
90637,0.0010650045
90638,0.0012743829
90639,0.0014403602
90640,0.0012798749
90641,0.00092344044
90642,0.0006549292
90643,0.0008251747
90644,0.0015305638
90645,0.001974643
90646,0.0032324872
90647,0.0029533247
90648,0.0015293654
90649,0.0013923802
90650,0.0013972628
90651,0.0018395702
90652,0.0023079014
90653,0.0036209414
90654,0.0039026423
90655,0.0023533064
90656,0.0018110614
90657,0.0024100072
90658,0.0025311543
90659,0.002473395
90660,0.0027279328
90661,0.0027354546
90662,0.0024458724
90663,0.0023103086
90664,0.0014312183
90665,0.0010628434
90666,0.0013300553
90667,0.0014557757
90668,0.0014106955
90669,0.0017782546
90670,0.0023593833
90671,0.0023760023
90672,0.0020738766
90673,0.0012358677
90674,0.0011134996
90675,0.0016181152
90676,0.0016486731
90677,0.0010796874
90678,0.0012091086
90679,0.0014766575
90680,0.0020492133
90681,0.002107067
90682,0.0015788055
90683,0.0010727374
90684,0.0014769727
90685,0.0018504073
90686,0.0017134234
90687,0.0021516515
90688,0.0019437296
90689,0.0018238242
90690,0.0012571381
90691,0.0011542595
90692,0.000957451
90693,0.0010467296
90694,0.0009765327
90695,0.0007740734
90696,0.0005218751
90697,0.0010731443
90698,0.0014042646
90699,0.0008573824
90700,0.0007574264
90701,0.000616944
90702,0.0005497401
90703,0.0010412097
90704,0.0014202974
90705,0.0020507183
90706,0.0019747904
90707,0.0016112479
90708,0.0018679867
90709,0.0020618148
90710,0.0014085069
90711,0.00087209017
90712,0.0007951791
90713,0.0013681315
90714,0.0016808406
90715,0.0013504674
90716,0.0014278794
90717,0.0011740347
90718,0.0009408006
90719,0.001383994
90720,0.0017106865
90721,0.0010433877
90722,0.0003981199
90723,0.0013939053
90724,0.0015531207
90725,0.00065949047
90726,0.0009384155
90727,0.0015231299
90728,0.0011644766
90729,0.00062927476
90730,0.00044656405
90731,0.00033404204
90732,0.0006838849
90733,0.0010438897
90734,0.0012541712
90735,0.0010715158
90736,0.0007951425
90737,0.0006393688
90738,0.0007073152
90739,0.0013722734
90740,0.001993507
90741,0.0015575368
90742,0.0008230911
90743,0.00051400834
90744,0.00027771416
90745,0.0009718124
90746,0.001021228
90747,0.0013147817
90748,0.0013663009
90749,0.0016161356
90750,0.0017925181
90751,0.001684922
90752,0.0011956992
90753,0.0009833339
90754,0.0011866345
90755,0.0011744065
90756,0.0012717539
90757,0.0018708825
90758,0.002057788
90759,0.001732091
90760,0.0013128767
90761,0.0008032633
90762,0.00057062565
90763,0.0008802946
90764,0.00081584597
90765,0.0007048008
90766,0.0009089552
90767,0.00097501156
90768,0.0014950694
90769,0.0023166114
90770,0.0023792093
90771,0.0017990818
90772,0.001261183
90773,0.001337779
90774,0.002120203
90775,0.0021480776
90776,0.0017680618
90777,0.0016161175
90778,0.0011051567
90779,0.0011828023
90780,0.0016058743
90781,0.0019320152
90782,0.0021201344
90783,0.0025597727
90784,0.0024954886
90785,0.0035163315
90786,0.0041590277
90787,0.004817653
90788,0.0067467317
90789,0.0079292245
90790,0.00661083
90791,0.0032316588
90792,0.0009106506
90793,0.0010320008
90794,0.00047111124
90795,0.0005549565
90796,0.00060445804
90797,0.001134935
90798,0.0013017679
90799,0.0006699547
90800,0.0006162832
90801,0.0010637193
90802,0.0010309003
90803,0.000924165
90804,0.0011187148
90805,0.0011369078
90806,0.0010743098
90807,0.0009706437
90808,0.0010358009
90809,0.00095122977
90810,0.001061583
90811,0.0014727695
90812,0.0014384191
90813,0.0011395159
90814,0.001172174
90815,0.00079367706
90816,0.0010220257
90817,0.0013723582
90818,0.0013703421
90819,0.0015524083
90820,0.0015462469
90821,0.0012139132
90822,0.0009442898
90823,0.0013314332
90824,0.0014762435
90825,0.0013455666
90826,0.0013611148
90827,0.0016186907
90828,0.0016754818
90829,0.0017658052
90830,0.0015346466
90831,0.0012497777
90832,0.0014734414
90833,0.0016535382
90834,0.0017205258
90835,0.0016407634
90836,0.0011584376
90837,0.0011408178
90838,0.0008350964
90839,0.0014113142
90840,0.0019742744
90841,0.002108006
90842,0.0016361806
90843,0.0011587641
90844,0.0011016487
90845,0.0011193651
90846,0.0011444092
90847,0.0014500868
90848,0.0013873755
90849,0.0010237898
90850,0.0010227374
90851,0.0013714673
90852,0.0021193107
90853,0.002460749
90854,0.0024476806
90855,0.0019952727
90856,0.0014986469
90857,0.0013947819
90858,0.0018834564
90859,0.0024177358
90860,0.002065397
90861,0.0013507907
90862,0.0012597746
90863,0.0010934814
90864,0.001251151
90865,0.0013482459
90866,0.0013340537
90867,0.0015536452
90868,0.0017091717
90869,0.0018989224
90870,0.0016124035
90871,0.0014924975
90872,0.0016267258
90873,0.0021709483
90874,0.0026051116
90875,0.0022295723
90876,0.0017575118
90877,0.0018333897
90878,0.002138273
90879,0.0016670881
90880,0.0013415808
90881,0.0012352081
90882,0.0012556324
90883,0.0014340015
90884,0.0013031979
90885,0.0016611068
90886,0.001456675
90887,0.0012671228
90888,0.0005608513
90889,0.00062065956
90890,0.0006449885
90891,0.0007088771
90892,0.00062248565
90893,0.00064661086
90894,0.000735119
90895,0.00088825944
90896,0.0013446362
90897,0.0016259026
90898,0.0019989596
90899,0.0022289325
90900,0.0040552653
90901,0.004139437
90902,0.0022510076
90903,0.0019286228
90904,0.0019951267
90905,0.0018616192
90906,0.0017073316
90907,0.0012237749
90908,0.0006648964
90909,0.0
90910,0.0015207777
90911,0.0015284898
90912,0.0013473174
90913,0.0010720046
90914,0.0008058317
90915,0.0011667986
90916,0.0015642678
90917,0.0014677615
90918,0.0017754046
90919,0.0015359545
90920,0.0005861739
90921,0.00069536397
90922,0.00081773446
90923,0.000788379
90924,0.00079890364
90925,0.0009717824
90926,0.0013754086
90927,0.0009199987
90928,0.00071590394
90929,0.00086036435
90930,0.0010243581
90931,0.00071529386
90932,0.0008334219
90933,0.00084864796
90934,0.0011054464
90935,0.0019562517
90936,0.0022236381
90937,0.0023844512
90938,0.0036572185
90939,0.004103352
90940,0.0038651675
90941,0.002888993
90942,0.0019994983
90943,0.0018570955
90944,0.0018424948
90945,0.00228579
90946,0.0020402176
90947,0.0011904789
90948,0.001295313
90949,0.0016943956
90950,0.0020711522
90951,0.002503081
90952,0.002381288
90953,0.0025527251
90954,0.0025807773
90955,0.0027385063
90956,0.0025321431
90957,0.0020446635
90958,0.0018135024
90959,0.0013876483
90960,0.0016610894
90961,0.0019381816
90962,0.0015542633
90963,0.00053313037
90964,0.0010019809
90965,0.0014763814
90966,0.0012420458
90967,0.0010536577
90968,0.00090487965
90969,0.0010861375
90970,0.0016645199
90971,0.0016835569
90972,0.0014792765
90973,0.0010707007
90974,0.0008229143
90975,0.00069028104
90976,0.00069590786
90977,0.0013525347
90978,0.0017766664
90979,0.002735795
90980,0.0029322396
90981,0.0022789168
90982,0.0018011836
90983,0.001737828
90984,0.001831007
90985,0.0021462478
90986,0.0030406176
90987,0.0027427434
90988,0.00088730874
90989,0.0012051305
90990,0.0020686074
90991,0.0022974233
90992,0.0024720768
90993,0.0029111714
90994,0.0027101
90995,0.0026181277
90996,0.0026882223
90997,0.0022701905
90998,0.0013135194
90999,0.001255586
91000,0.0015137381
91001,0.0018174461
91002,0.002145868
91003,0.0022526619
91004,0.0020385336
91005,0.0015993911
91006,0.0010866732
91007,0.0010377939
91008,0.001422345
91009,0.0018009574
91010,0.001153301
91011,0.00087605254
91012,0.0012198207
91013,0.0019891076
91014,0.0024700863
91015,0.0022916775
91016,0.0014831865
91017,0.0011638766
91018,0.0014600477
91019,0.0021314705
91020,0.0033406033
91021,0.0037469184
91022,0.0036931708
91023,0.002908561
91024,0.0024307016
91025,0.0019201081
91026,0.0014811837
91027,0.0010655508
91028,0.00080615666
91029,0.00069217576
91030,0.00097614515
91031,0.0012551455
91032,0.0011256395
91033,0.0012897964
91034,0.0012835535
91035,0.0011110138
91036,0.001002881
91037,0.0014218539
91038,0.0016983073
91039,0.0020087198
91040,0.0016342227
91041,0.0014829313
91042,0.0018098558
91043,0.0015263938
91044,0.00094327214
91045,0.000817236
91046,0.0010860303
91047,0.001615307
91048,0.0014843633
91049,0.0016209546
91050,0.0013688334
91051,0.001530868
91052,0.0015640818
91053,0.0018690927
91054,0.0019002553
91055,0.0013449608
91056,0.0014845202
91057,0.001339931
91058,0.0004206558
91059,0.0010469242
91060,0.0015643422
91061,0.0011909677
91062,0.0006449885
91063,0.00057322095
91064,0.00037886685
91065,0.0005203113
91066,0.00089706236
91067,0.0010719232
91068,0.0009942246
91069,0.0008216401
91070,0.0009743546
91071,0.0014304657
91072,0.0016438292
91073,0.001663208
91074,0.0011963806
91075,0.0006889305
91076,0.000473084
91077,0.0008331774
91078,0.0014302622
91079,0.0013421664
91080,0.0016620352
91081,0.0018338817
91082,0.0024446228
91083,0.0022089041
91084,0.0020664113
91085,0.0011903078
91086,0.0013204144
91087,0.0014750207
91088,0.0012269575
91089,0.0011458832
91090,0.0019039277
91091,0.0021115926
91092,0.0018272041
91093,0.0016057293
91094,0.0011293823
91095,0.00065856305
91096,0.00090809027
91097,0.00083240855
91098,0.00074016926
91099,0.0009021094
91100,0.0013353839
91101,0.0023631796
91102,0.002831996
91103,0.002572973
91104,0.0017919173
91105,0.0009706737
91106,0.0011729931
91107,0.0025381702
91108,0.0026173827
91109,0.0016342939
91110,0.0012278348
91111,0.0009184473
91112,0.0011147796
91113,0.0011942378
91114,0.0013921293
91115,0.001950799
91116,0.0022550507
91117,0.0016821214
91118,0.00203101
91119,0.003338067
91120,0.005545788
91121,0.006992668
91122,0.0064938026
91123,0.0034844708
91124,0.0010330437
91125,0.0011876397
91126,0.0011621248
91127,0.00069082895
91128,0.00077249267
91129,0.00075661903
91130,0.0009819715
91131,0.0013186277
91132,0.0013056746
91133,0.0013571747
91134,0.0014339406
91135,0.0009008826
91136,0.0005623024
91137,0.0010432762
91138,0.0010064152
91139,0.0008835287
91140,0.0012246782
91141,0.00125143
91142,0.0010026487
91143,0.0013117456
91144,0.0017224868
91145,0.0013974502
91146,0.0013593175
91147,0.0014909367
91148,0.00123377
91149,0.0016598449
91150,0.0019241206
91151,0.0019398927
91152,0.0017666126
91153,0.0012786464
91154,0.0007024017
91155,0.0007714748
91156,0.0014918734
91157,0.0016294072
91158,0.0012641334
91159,0.0011462641
91160,0.0011999027
91161,0.0015257454
91162,0.0013803302
91163,0.0011323676
91164,0.0011760904
91165,0.0013439216
91166,0.0014671268
91167,0.001561959
91168,0.0015634676
91169,0.0011401032
91170,0.0011213134
91171,0.00092517224
91172,0.0016510193
91173,0.0018657575
91174,0.0019652024
91175,0.0014291223
91176,0.0010691502
91177,0.0010700208
91178,0.00096848246
91179,0.00089286733
91180,0.0014426215
91181,0.0012501037
91182,0.00082616165
91183,0.0010930023
91184,0.001159191
91185,0.0016480729
91186,0.0022498306
91187,0.0026960168
91188,0.0027508384
91189,0.0022024913
91190,0.0019119512
91191,0.0020926388
91192,0.0021932884
91193,0.0015944156
91194,0.0009361799
91195,0.00091806694
91196,0.0010340855
91197,0.0009019803
91198,0.00095978874
91199,0.0011675966
91200,0.0014048241
91201,0.001705063
91202,0.0017397864
91203,0.0017398365
91204,0.002106238
91205,0.0020384337
91206,0.0020537248
91207,0.0022954463
91208,0.0023036096
91209,0.0021638717
91210,0.0018302598
91211,0.002008314
91212,0.0020541216
91213,0.0014838142
91214,0.0015061051
91215,0.0016126742
91216,0.0017435963
91217,0.0013161092
91218,0.0016388998
91219,0.0015993911
91220,0.0016158834
91221,0.00069716136
91222,0.00069882924
91223,0.00078582764
91224,0.0010008474
91225,0.0011665242
91226,0.0011601197
91227,0.00079294335
91228,0.0012505227
91229,0.0016940864
91230,0.0017791872
91231,0.002039176
91232,0.0020982083
91233,0.003493996
91234,0.0037822488
91235,0.0020742835
91236,0.0013184954
91237,0.0014477969
91238,0.0011526195
91239,0.0006040727
91240,0.0005608513
91241,0.00063282595
91242,0.0
91243,0.0007890432
91244,0.00082739367
91245,0.00061543257
91246,0.0008100822
91247,0.00081548915
91248,0.00158904
91249,0.0022798872
91250,0.001623269
91251,0.0013869139
91252,0.0009384155
91253,0.00053775054
91254,0.0008755208
91255,0.00091714715
91256,0.0006993288
91257,0.00087399036
91258,0.00093742256
91259,0.0011513057
91260,0.00080568716
91261,0.0006426831
91262,0.0009044614
91263,0.0009768903
91264,0.00075692666
91265,0.00080126803
91266,0.0007340889
91267,0.0012393716
91268,0.0025489258
91269,0.0028638088
91270,0.0037844027
91271,0.004954844
91272,0.0049530934
91273,0.0045268484
91274,0.0044024116
91275,0.003988262
91276,0.003455762
91277,0.0024260995
91278,0.002599094
91279,0.0021724626
91280,0.0013885288
91281,0.001305563
91282,0.0018160202
91283,0.0016023181
91284,0.002249947
91285,0.0024431818
91286,0.0026273269
91287,0.0028980654
91288,0.0027782626
91289,0.0025820062
91290,0.0020109788
91291,0.0018750625
91292,0.0011838598
91293,0.0015014214
91294,0.0018086171
91295,0.0015367691
91296,0.00075198896
91297,0.0010419362
91298,0.0015362198
91299,0.0011221177
91300,0.0008464847
91301,0.0013263522
91302,0.001855512
91303,0.002131484
91304,0.0020549572
91305,0.0016291214
91306,0.0012627281
91307,0.0011676464
91308,0.00082992244
91309,0.00100291
91310,0.0012115373
91311,0.0013872706
91312,0.0016089161
91313,0.0022619707
91314,0.0025142531
91315,0.0022359074
91316,0.0024819935
91317,0.0025132806
91318,0.002066003
91319,0.0021965501
91320,0.0022310598
91321,0.0014449799
91322,0.0013500795
91323,0.0017530682
91324,0.001849605
91325,0.0023775205
91326,0.003076094
91327,0.0032336395
91328,0.0027284767
91329,0.002572328
91330,0.002655632
91331,0.0015861252
91332,0.0011091261
91333,0.0012419051
91334,0.0015386996
91335,0.001680425
91336,0.0015343621
91337,0.0016407279
91338,0.0013743927
91339,0.0013175017
91340,0.0011378545
91341,0.0015534392
91342,0.0021190222
91343,0.0015018284
91344,0.0012381264
91345,0.001235114
91346,0.0016764369
91347,0.002316448
91348,0.0025719434
91349,0.0016327796
91350,0.0011406902
91351,0.0014549157
91352,0.0020809653
91353,0.0028626297
91354,0.003371286
91355,0.0036100582
91356,0.003350373
91357,0.0028356009
91358,0.0021419586
91359,0.0015556109
91360,0.0013977834
91361,0.0013885708
91362,0.00096625614
91363,0.0008149893
91364,0.0011517354
91365,0.0012789879
91366,0.0013552863
91367,0.001475928
91368,0.0013717643
91369,0.0010665337
91370,0.0011421435
91371,0.0010641023
91372,0.0019337769
91373,0.0018346116
91374,0.0012022532
91375,0.0015602811
91376,0.001270151
91377,0.0010241877
91378,0.0007953255
91379,0.0005807368
91380,0.0010417965
91381,0.0009772179
91382,0.0011057622
91383,0.0009264297
91384,0.001265629
91385,0.0013747737
91386,0.0020337023
91387,0.002335492
91388,0.002048489
91389,0.001687373
91390,0.0013507046
91391,0.0011616489
91392,0.0018990451
91393,0.0019679107
91394,0.0014247167
91395,0.0010496727
91396,0.00089195423
91397,0.0008069144
91398,0.00041843596
91399,0.0006673867
91400,0.0008840227
91401,0.0009849013
91402,0.0010454219
91403,0.0013653632
91404,0.0015701175
91405,0.0013240902
91406,0.0011194431
91407,0.0009929651
91408,0.00084169203
91409,0.0006120658
91410,0.000953308
91411,0.0016565276
91412,0.0014791191
91413,0.0014663927
91414,0.002040788
91415,0.0022023327
91416,0.0018301643
91417,0.0014054868
91418,0.0008890455
91419,0.0012728062
91420,0.0014145481
91421,0.00097823
91422,0.00097459357
91423,0.0014554358
91424,0.0015988634
91425,0.001887593
91426,0.0020109932
91427,0.0016255445
91428,0.0012675362
91429,0.0010725203
91430,0.0007256754
91431,0.0008073471
91432,0.0011938723
91433,0.0019163302
91434,0.0025219505
91435,0.0026574945
91436,0.0023714658
91437,0.0012021805
91438,0.0008722904
91439,0.0011796484
91440,0.0024604532
91441,0.0027514414
91442,0.0017190704
91443,0.0009529416
91444,0.00059908966
91445,0.00088822667
91446,0.0010045917
91447,0.0012200354
91448,0.0017849848
91449,0.0020089082
91450,0.0017239224
91451,0.002092875
91452,0.002722903
91453,0.0038198666
91454,0.003944729
91455,0.0027982201
91456,0.0011953827
91457,0.0012825781
91458,0.0016110131
91459,0.001273492
91460,0.0009247632
91461,0.0010114632
91462,0.0010298269
91463,0.00082988734
91464,0.0010245569
91465,0.0011608971
91466,0.0015825615
91467,0.0015887286
91468,0.00095242227
91469,0.00077358447
91470,0.0009921733
91471,0.0008840227
91472,0.0008407233
91473,0.0011637266
91474,0.001341277
91475,0.0009482266
91476,0.0014256969
91477,0.0017594317
91478,0.00090655056
91479,0.0011597683
91480,0.0012668931
91481,0.0014589309
91482,0.0018048638
91483,0.0018506433
91484,0.0016339733
91485,0.0011050514
91486,0.0008561255
91487,0.0006985793
91488,0.0007075621
91489,0.0012758665
91490,0.001691215
91491,0.0013495836
91492,0.00094166637
91493,0.00068566995
91494,0.0013098139
91495,0.001401007
91496,0.0012197968
91497,0.0009460449
91498,0.00077565096
91499,0.0010508642
91500,0.0014092713
91501,0.0015582279
91502,0.0015115831
91503,0.0016732569
91504,0.0014656184
91505,0.0017060186
91506,0.0017075362
91507,0.00148403
91508,0.00098126
91509,0.0005945546
91510,0.0006470608
91511,0.0009560822
91512,0.00073859474
91513,0.0011843268
91514,0.0013559947
91515,0.0011836877
91516,0.0010714886
91517,0.0010971483
91518,0.00089338876
91519,0.001316043
91520,0.002040945
91521,0.0030550652
91522,0.0030153198
91523,0.0027553842
91524,0.0022074806
91525,0.0019303574
91526,0.0011630761
91527,0.0006820952
91528,0.0007233052
91529,0.000871723
91530,0.00059597247
91531,0.0007845674
91532,0.0011405881
91533,0.0012815567
91534,0.001518077
91535,0.0013033319
91536,0.0016395034
91537,0.00280164
91538,0.002723416
91539,0.0015672232
91540,0.0014254315
91541,0.0020843612
91542,0.0027700271
91543,0.002176585
91544,0.0012417176
91545,0.0012879223
91546,0.0011425002
91547,0.0016395212
91548,0.0018560922
91549,0.0016887006
91550,0.0011216507
91551,0.0013974294
91552,0.0016339377
91553,0.0018378608
91554,0.0007990129
91555,0.0010261749
91556,0.0012757524
91557,0.0014012355
91558,0.0015431193
91559,0.0015387374
91560,0.001362098
91561,0.0016836261
91562,0.0017685061
91563,0.0015539074
91564,0.0017060868
91565,0.0017947248
91566,0.0026901811
91567,0.003065023
91568,0.002070815
91569,0.0015003937
91570,0.0013942393
91571,0.0010800108
91572,0.0007999594
91573,0.000503251
91574,0.0005166064
91575,0.0
91576,0.00054703344
91577,0.0007379246
91578,0.0008309388
91579,0.0011348836
91580,0.0010885465
91581,0.002208825
91582,0.0027434225
91583,0.0014782924
91584,0.0008802946
91585,0.0010047655
91586,0.0010481466
91587,0.0011272414
91588,0.0008432811
91589,0.0007076443
91590,0.0011031535
91591,0.00096426613
91592,0.0008051813
91593,0.00077834784
91594,0.0009411408
91595,0.0010067621
91596,0.0009169885
91597,0.00092658674
91598,0.00073638477
91599,0.0006493507
91600,0.0011919937
91601,0.002745501
91602,0.0036472736
91603,0.0044607106
91604,0.0047344435
91605,0.0037659544
91606,0.0029434734
91607,0.0036894493
91608,0.0039025452
91609,0.0034384879
91610,0.002546687
91611,0.0025879059
91612,0.0025100128
91613,0.002202531
91614,0.0020697606
91615,0.0020314686
91616,0.0012118735
91617,0.0012254384
91618,0.0021496487
91619,0.0024442894
91620,0.003125613
91621,0.0025229545
91622,0.0020968346
91623,0.0013026395
91624,0.0014984722
91625,0.0012050096
91626,0.0011799198
91627,0.0015021772
91628,0.0010512796
91629,0.00063042995
91630,0.00066786626
91631,0.0014025848
91632,0.0011589149
91633,0.0012899092
91634,0.001815347
91635,0.002260941
91636,0.002106155
91637,0.0020608546
91638,0.0017398031
91639,0.0018913359
91640,0.0019940909
91641,0.0015382267
91642,0.0011831466
91643,0.0009005918
91644,0.001070456
91645,0.0013798029
91646,0.0022326638
91647,0.0026524412
91648,0.0025410925
91649,0.0029614435
91650,0.0031122414
91651,0.0026165487
91652,0.0022577595
91653,0.002095349
91654,0.0019894587
91655,0.0014331691
91656,0.0011088111
91657,0.0008778115
91658,0.0019668604
91659,0.0035930155
91660,0.004052494
91661,0.002748171
91662,0.00257037
91663,0.0029961965
91664,0.0018519638
91665,0.0008830674
91666,0.00081234245
91667,0.0008370458
91668,0.0012447141
91669,0.0011679454
91670,0.0015541697
91671,0.0012792837
91672,0.0013915647
91673,0.0015871341
91674,0.0023138835
91675,0.0030553797
91676,0.002563488
91677,0.0022046047
91678,0.0019683393
91679,0.0013978458
91680,0.0016593188
91681,0.0034024962
91682,0.002740323
91683,0.0018794654
91684,0.0020182596
91685,0.0021797516
91686,0.0021386542
91687,0.0018985545
91688,0.0019927914
91689,0.0020589896
91690,0.0018224514
91691,0.0016201824
91692,0.0014186366
91693,0.0011969156
91694,0.0014223246
91695,0.00092872017
91696,0.00084089633
91697,0.0013258255
91698,0.0011964291
91699,0.0011236469
91700,0.0012057099
91701,0.0014603068
91702,0.0014460068
91703,0.0013328969
91704,0.0010940934
91705,0.0020640157
91706,0.002134813
91707,0.0010773396
91708,0.0015126417
91709,0.0015258407
91710,0.0014505684
91711,0.001192604
91712,0.0007601879
91713,0.000901141
91714,0.0008891764
91715,0.001079175
91716,0.00081334496
91717,0.000901819
91718,0.0008203994
91719,0.0012623824
91720,0.0015729695
91721,0.0013798873
91722,0.0009875867
91723,0.0012419285
91724,0.0020942097
91725,0.0024109974
91726,0.0021431674
91727,0.0015723773
91728,0.0013397356
91729,0.0012998885
91730,0.0011320078
91731,0.0005902805
91732,0.00062117516
91733,0.00075113703
91734,0.001022908
91735,0.0013672591
91736,0.0013265716
91737,0.0011035227
91738,0.00068630633
91739,0.00082690106
91740,0.0010845285
91741,0.0012208701
91742,0.0010027068
91743,0.0009207576
91744,0.0014965675
91745,0.0013075011
91746,0.0010176881
91747,0.0015613999
91748,0.0014083002
91749,0.0013065436
91750,0.0014059631
91751,0.0014298959
91752,0.0016050586
91753,0.0013604731
91754,0.0010111178
91755,0.0010894819
91756,0.0011095196
91757,0.0012448076
91758,0.0015755947
91759,0.0019447923
91760,0.0018160683
91761,0.0014604662
91762,0.0009832155
91763,0.0009887648
91764,0.0014148568
91765,0.0015991546
91766,0.0016642576
91767,0.0020078646
91768,0.0020312537
91769,0.0014875755
91770,0.000978587
91771,0.001297984
91772,0.0017559048
91773,0.0020907742
91774,0.0022445596
91775,0.0016833149
91776,0.0010225951
91777,0.0008414845
91778,0.0009299102
91779,0.000867439
91780,0.0009159087
91781,0.0011859476
91782,0.0014270843
91783,0.0014189648
91784,0.002087124
91785,0.0024504375
91786,0.0028468582
91787,0.0021305145
91788,0.0008916605
91789,0.00175617
91790,0.0018459982
91791,0.001959329
91792,0.0010480356
91793,0.0007536514
91794,0.00062519155
91795,0.00079202524
91796,0.00066786626
91797,0.00071235833
91798,0.0006941911
91799,0.001120924
91800,0.0012998438
91801,0.0011226104
91802,0.00083881716
91803,0.000561681
91804,0.0007449509
91805,0.0008180903
91806,0.0012892773
91807,0.0015497063
91808,0.0008393721
91809,0.0017077578
91810,0.0020195427
91811,0.0008097588
91812,0.0008806582
91813,0.0009836298
91814,0.0016230539
91815,0.001861713
91816,0.0017936056
91817,0.0013604731
91818,0.0012705633
91819,0.0011995146
91820,0.00078159414
91821,0.00083756715
91822,0.0013601523
91823,0.0019603537
91824,0.0017671068
91825,0.0015140456
91826,0.0010381024
91827,0.001289029
91828,0.0012609983
91829,0.0011622501
91830,0.0012312906
91831,0.0014635915
91832,0.0017480307
91833,0.0018949948
91834,0.0019693743
91835,0.0020621393
91836,0.0020987908
91837,0.0017658052
91838,0.0014735993
91839,0.0011162146
91840,0.000838366
91841,0.001016887
91842,0.0008192634
91843,0.0008153464
91844,0.0010269687
91845,0.0006383209
91846,0.0009287828
91847,0.0014270027
91848,0.001316463
91849,0.00092040986
91850,0.00095617346
91851,0.00087058713
91852,0.00072503334
91853,0.001672213
91854,0.0026765587
91855,0.0029861552
91856,0.00264851
91857,0.0017019707
91858,0.0013365383
91859,0.0008332822
91860,0.0004277907
91861,0.0007146833
91862,0.00089949236
91863,0.0007845303
91864,0.00078745553
91865,0.0010579305
91866,0.0011994903
91867,0.0017756831
91868,0.001561083
91869,0.0015690606
91870,0.0029421085
91871,0.0026869446
91872,0.001468158
91873,0.001429387
91874,0.0016855092
91875,0.0027095631
91876,0.002996478
91877,0.0017075362
91878,0.0010115784
91879,0.0011280157
91880,0.0017727141
91881,0.0019073944
91882,0.0015802059
91883,0.0018897812
91884,0.0030940557
91885,0.0035662665
91886,0.003547726
91887,0.0025116587
91888,0.002013452
91889,0.0015206055
91890,0.0012200354
91891,0.0013159987
91892,0.0014540753
91893,0.0015336222
91894,0.0018068784
91895,0.0017930863
91896,0.0016586346
91897,0.0019235457
91898,0.0020546173
91899,0.0022134187
91900,0.0023172018
91901,0.001732595
91902,0.0014453223
91903,0.0013700447
91904,0.0011810539
91905,0.00095726864
91906,0.0005139517
91907,0.0005504279
91908,0.0
91909,0.0007698887
91910,0.0008247866
91911,0.00090930733
91912,0.0012227756
91913,0.0011915786
91914,0.0024107196
91915,0.0028044018
91916,0.0012735148
91917,0.00076492055
91918,0.0011042873
91919,0.0012574622
91920,0.0012292799
91921,0.00095848396
91922,0.00092517224
91923,0.0012754331
91924,0.00108595
91925,0.000791106
91926,0.0010175736
91927,0.0012599825
91928,0.0011070248
91929,0.0008980352
91930,0.0010008474
91931,0.0007048008
91932,0.00089842395
91933,0.0016562992
91934,0.00267845
91935,0.0039514373
91936,0.004797385
91937,0.004281341
91938,0.0027167716
91939,0.001835579
91940,0.0016234126
91941,0.0020269796
91942,0.002431013
91943,0.0028456517
91944,0.0027549511
91945,0.002637421
91946,0.0026181387
91947,0.0026127975
91948,0.0021840334
91949,0.0014148774
91950,0.0012089161
91951,0.0018692017
91952,0.0023856838
91953,0.0024870187
91954,0.0021778012
91955,0.0013106136
91956,0.0011981308
91957,0.0013387577
91958,0.0015063563
91959,0.0016276021
91960,0.0017947897
91961,0.0013221985
91962,0.00089842395
91963,0.0006588723
91964,0.0011150929
91965,0.0012525459
91966,0.0016895104
91967,0.0020048185
91968,0.0021386677
91969,0.0017390167
91970,0.0017306454
91971,0.001914978
91972,0.0023725454
91973,0.0026977544
91974,0.0022675223
91975,0.0016779465
91976,0.0011399755
91977,0.0011744313
91978,0.0013617988
91979,0.0019171956
91980,0.0022520288
91981,0.0024963631
91982,0.0032092102
91983,0.0032965166
91984,0.0030277837
91985,0.002647477
91986,0.0021486736
91987,0.002320954
91988,0.0017261326
91989,0.0011380592
91990,0.0007540374
91991,0.0018289076
91992,0.0040310286
91993,0.004544789
91994,0.0027077042
91995,0.0025859934
91996,0.002779886
91997,0.0016393969
91998,0.0005745902
91999,0.00048318828
92000,0.00075969007
92001,0.00096974376
92002,0.0008010138
92003,0.00093078613
92004,0.00068030076
92005,0.0011550409
92006,0.0015826719
92007,0.0024794124
92008,0.0034086492
92009,0.003593299
92010,0.0037140737
92011,0.0036543128
92012,0.003221177
92013,0.0032738282
92014,0.0041686525
92015,0.0032697185
92016,0.002362724
92017,0.002333934
92018,0.0019557457
92019,0.0016012097
92020,0.0013988657
92021,0.0017777799
92022,0.0018000036
92023,0.0016381893
92024,0.0013859064
92025,0.0010540445
92026,0.00095129095
92027,0.0012559337
92028,0.0011870024
92029,0.0012385495
92030,0.0013550716
92031,0.0010888405
92032,0.0012462564
92033,0.0010321699
92034,0.0015997369
92035,0.0019186069
92036,0.0015222124
92037,0.0011191571
92038,0.001898294
92039,0.002202161
92040,0.0013052733
92041,0.0016154511
92042,0.0015240468
92043,0.0012079285
92044,0.0009422534
92045,0.000602867
92046,0.0009958625
92047,0.00096209056
92048,0.001103048
92049,0.0008566013
92050,0.0006029153
92051,0.0005080283
92052,0.00062714366
92053,0.0009913223
92054,0.0009033667
92055,0.0009645377
92056,0.0024230385
92057,0.0029338866
92058,0.0023571865
92059,0.0016191222
92060,0.0011779696
92061,0.0009743546
92062,0.0013851922
92063,0.001296391
92064,0.0009000099
92065,0.0007447946
92066,0.00095906074
92067,0.0013021255
92068,0.0012611138
92069,0.0008825399
92070,0.00089514616
92071,0.000937081
92072,0.0009134587
92073,0.0011364213
92074,0.001278009
92075,0.00135505
92076,0.0010949975
92077,0.0014226519
92078,0.0016485319
92079,0.0011418887
92080,0.0013241341
92081,0.0011722733
92082,0.0010845285
92083,0.001787608
92084,0.0018588813
92085,0.0013140953
92086,0.0008197606
92087,0.00094877894
92088,0.0011320335
92089,0.00079128996
92090,0.00073468336
92091,0.001013102
92092,0.0013566171
92093,0.0013342719
92094,0.0014293055
92095,0.0013106358
92096,0.0014575339
92097,0.0015238557
92098,0.0014391878
92099,0.0010540445
92100,0.001452934
92101,0.0016697223
92102,0.0013427084
92103,0.0014921465
92104,0.0018675505
92105,0.0020147525
92106,0.0022736108
92107,0.0022519254
92108,0.0017345592
92109,0.0011378801
92110,0.0010981824
92111,0.0010037222
92112,0.00053775054
92113,0.00047369878
92114,0.00094166637
92115,0.0012810569
92116,0.0015651233
92117,0.0019109616
92118,0.0018495893
92119,0.0017179527
92120,0.0010131882
92121,0.0007984299
92122,0.0013822475
92123,0.0014410672
92124,0.0013658107
92125,0.0010219117
92126,0.0007185821
92127,0.0007895594
92128,0.0010390272
92129,0.0008511136
92130,0.0008894055
92131,0.0007301932
92132,0.0007820409
92133,0.0011128722
92134,0.0015970785
92135,0.0013911464
92136,0.00061774545
92137,0.00080050493
92138,0.00083742815
92139,0.0013470798
92140,0.0017351129
92141,0.0009953656
92142,0.0016161175
92143,0.0018258657
92144,0.0007307112
92145,0.00079128996
92146,0.0014372045
92147,0.0019339424
92148,0.002038962
92149,0.001606128
92150,0.0011973532
92151,0.0014973646
92152,0.0015173291
92153,0.0013688334
92154,0.0016520943
92155,0.0019570997
92156,0.0025280826
92157,0.0024199497
92158,0.0019305986
92159,0.0015462282
92160,0.0018117523
92161,0.0018886565
92162,0.0018675037
92163,0.0015923334
92164,0.0015629276
92165,0.0015861436
92166,0.0018295123
92167,0.0018534247
92168,0.0019666678
92169,0.0018414363
92170,0.0014739942
92171,0.0010999036
92172,0.0007885635
92173,0.00057600666
92174,0.00093677035
92175,0.0007957645
92176,0.0008333171
92177,0.00084362616
92178,0.00034853895
92179,0.00066860666
92180,0.0012154466
92181,0.0012770977
92182,0.001213961
92183,0.0013309303
92184,0.0009132038
92185,0.0005268703
92186,0.00083506154
92187,0.0016674198
92188,0.0024350442
92189,0.0026841485
92190,0.0021998999
92191,0.0015082292
92192,0.00118231
92193,0.00080655364
92194,0.00055026927
92195,0.00064661086
92196,0.0007905908
92197,0.0009352157
92198,0.0007997047
92199,0.0009230306
92200,0.0015645282
92201,0.001592772
92202,0.0015718034
92203,0.00245039
92204,0.0023761736
92205,0.0013065212
92206,0.0012931768
92207,0.0013591248
92208,0.0019110834
92209,0.0025142531
92210,0.0020894515
92211,0.0012597976
92212,0.0012541712
92213,0.0018421157
92214,0.0017084393
92215,0.0011113805
92216,0.0019124534
92217,0.0033765393
92218,0.0039760857
92219,0.004111748
92220,0.0032000558
92221,0.0024542233
92222,0.00155692
92223,0.0010091298
92224,0.0011868553
92225,0.00087508856
92226,0.001071543
92227,0.0011588897
92228,0.0013408647
92229,0.0018965607
92230,0.0020799302
92231,0.0021716855
92232,0.0019346045
92233,0.0019656022
92234,0.0015107935
92235,0.0014878493
92236,0.0013971378
92237,0.001285502
92238,0.0010692318
92239,0.0005662738
92240,0.0007074387
92241,0.0
92242,0.0007547704
92243,0.00092598976
92244,0.0013034659
92245,0.0018230103
92246,0.0022219883
92247,0.0028212569
92248,0.0023786342
92249,0.0008405848
92250,0.00061736844
92251,0.0008480648
92252,0.0011097819
92253,0.0006599757
92254,0.0006967438
92255,0.00092981633
92256,0.0015099264
92257,0.0015330717
92258,0.0014287352
92259,0.0014878102
92260,0.0013769736
92261,0.0009334401
92262,0.0009946928
92263,0.000918479
92264,0.001271548
92265,0.0017818189
92266,0.0019809117
92267,0.002066186
92268,0.0033445652
92269,0.005037342
92270,0.00514018
92271,0.0031795634
92272,0.0017369738
92273,0.0011883257
92274,0.0012671457
92275,0.001560766
92276,0.0020620124
92277,0.002526528
92278,0.002709692
92279,0.0027861604
92280,0.0030389708
92281,0.0026121067
92282,0.0019404477
92283,0.0016978275
92284,0.0018316745
92285,0.0018558571
92286,0.00123688
92287,0.0012739719
92288,0.0011009352
92289,0.0013232547
92290,0.0014686534
92291,0.0017910724
92292,0.0019727554
92293,0.0018647433
92294,0.0012678575
92295,0.0007431124
92296,0.00063461706
92297,0.0011733652
92298,0.0014623184
92299,0.0020150703
92300,0.0020096903
92301,0.0022322335
92302,0.0021560162
92303,0.0022793766
92304,0.002092903
92305,0.0019569509
92306,0.0019672746
92307,0.0019365441
92308,0.0020307952
92309,0.0015517708
92310,0.0008203994
92311,0.001017974
92312,0.0015260315
92313,0.00172105
92314,0.0021152145
92315,0.0027537253
92316,0.002597806
92317,0.0029389611
92318,0.0027684192
92319,0.0024764056
92320,0.0023841704
92321,0.0020008804
92322,0.0015028164
92323,0.00094033644
92324,0.0020332874
92325,0.0037475785
92326,0.00426769
92327,0.0033889974
92328,0.0031594262
92329,0.0025365872
92330,0.0014202974
92331,0.0011076557
92332,0.00125143
92333,0.0014946411
92334,0.0013909371
92335,0.000779954
92336,0.0009008826
92337,0.0009558995
92338,0.0012305577
92339,0.0014740733
92340,0.0019967307
92341,0.0030806602
92342,0.003411551
92343,0.0033611704
92344,0.0033524483
92345,0.0033814488
92346,0.0035301433
92347,0.004330708
92348,0.0034959114
92349,0.0027993121
92350,0.0027204328
92351,0.0021839933
92352,0.0015452867
92353,0.001400051
92354,0.0019838626
92355,0.0019875707
92356,0.0017963295
92357,0.0014133132
92358,0.0012247495
92359,0.0012278111
92360,0.0012017447
92361,0.0014678804
92362,0.0016069976
92363,0.0012972888
92364,0.0010890008
92365,0.0010881721
92366,0.00096881296
92367,0.0018788304
92368,0.00223648
92369,0.0017720244
92370,0.0013791278
92371,0.0015908523
92372,0.0019865015
92373,0.0014474954
92374,0.0015148335
92375,0.0013335082
92376,0.0014037671
92377,0.001439855
92378,0.0013610721
92379,0.0011117994
92380,0.00082057674
92381,0.0012210608
92382,0.0012138413
92383,0.0009806963
92384,0.0008496419
92385,0.0008662303
92386,0.00084009994
92387,0.0011125059
92388,0.0017940761
92389,0.002804049
92390,0.0026699393
92391,0.0018521838
92392,0.0013023267
92393,0.00086256035
92394,0.0006825217
92395,0.0014443352
92396,0.0013228807
92397,0.0012707236
92398,0.0012563971
92399,0.0012976701
92400,0.0014716428
92401,0.0010718417
92402,0.0010012835
92403,0.001096193
92404,0.0009805182
92405,0.00088230905
92406,0.0010082354
92407,0.001337692
92408,0.0014539952
92409,0.0015765734
92410,0.0017416923
92411,0.0017609859
92412,0.0013309303
92413,0.0011092835
92414,0.0010309003
92415,0.0010929491
92416,0.0020312537
92417,0.0021672584
92418,0.0012364563
92419,0.0007687159
92420,0.0010144513
92421,0.0011911876
92422,0.0008996865
92423,0.00076381635
92424,0.00081438205
92425,0.0009879109
92426,0.00096743007
92427,0.0012963687
92428,0.0014059631
92429,0.0013744773
92430,0.00092787365
92431,0.00054830883
92432,0.00042710983
92433,0.001178513
92434,0.0014036427
92435,0.0011520891
92436,0.0016311032
92437,0.0020499092
92438,0.0021319345
92439,0.0022804872
92440,0.0019299655
92441,0.001706752
92442,0.0015928816
92443,0.0014546156
92444,0.0009837482
92445,0.0005210938
92446,0.00023638815
92447,0.00073800347
92448,0.0012291379
92449,0.0017428449
92450,0.0018084884
92451,0.0015057379
92452,0.0010389711
92453,0.0007083021
92454,0.00094542943
92455,0.0014761054
92456,0.0011486483
92457,0.0008336663
92458,0.00083030807
92459,0.0008343642
92460,0.0007024431
92461,0.0007715502
92462,0.0005903791
92463,0.0005248779
92464,0.00082545675
92465,0.0009799838
92466,0.0012690965
92467,0.0017344082
92468,0.0017167494
92469,0.0015554051
92470,0.0014207072
92471,0.00081366696
92472,0.0013532232
92473,0.0017813452
92474,0.0012168107
92475,0.0012704717
92476,0.0011932626
92477,0.0007700777
92478,0.0013222866
92479,0.0018167574
92480,0.0022201538
92481,0.0019259802
92482,0.0013331807
92483,0.0009915865
92484,0.0014023981
92485,0.0014458055
92486,0.0018281278
92487,0.0018248932
92488,0.0019826447
92489,0.002442896
92490,0.0022875592
92491,0.0018718622
92492,0.0015557793
92493,0.0017912512
92494,0.0018080699
92495,0.0015883439
92496,0.0012362209
92497,0.0009787356
92498,0.0011802157
92499,0.0017851642
92500,0.0017956814
92501,0.0014417537
92502,0.0012676279
92503,0.0006599316
92504,0.00077688816
92505,0.0007151311
92506,0.00039237642
92507,0.0008462096
92508,0.0008713557
92509,0.0008124499
92510,0.00075949845
92511,0.0005017451
92512,0.00074475555
92513,0.0008319189
92514,0.0010516671
92515,0.0012929292
92516,0.001207543
92517,0.0009862597
92518,0.00060416904
92519,0.00096511084
92520,0.0018320717
92521,0.0020442079
92522,0.002165942
92523,0.0020799863
92524,0.0013885498
92525,0.00129841
92526,0.0011456038
92527,0.001016887
92528,0.0006597552
92529,0.0007490807
92530,0.00068757735
92531,0.0009944002
92532,0.0010669429
92533,0.0010966707
92534,0.0013017455
92535,0.0016081381
92536,0.0018665997
92537,0.0016548401
92538,0.0012913976
92539,0.0016717603
92540,0.0016032624
92541,0.0012296113
92542,0.0019243777
92543,0.00200611
92544,0.0013235186
92545,0.00170878
92546,0.0020968486
92547,0.0013311708
92548,0.0007445992
92549,0.001460805
92550,0.0019437296
92551,0.001957947
92552,0.0021294896
92553,0.0023348066
92554,0.0022483037
92555,0.0020085748
92556,0.0017486133
92557,0.0012504528
92558,0.0008892091
92559,0.0011275512
92560,0.0012769838
92561,0.0015770532
92562,0.002027525
92563,0.0019135337
92564,0.001663103
92565,0.0016786228
92566,0.001870618
92567,0.0017619441
92568,0.001656598
92569,0.0014814194
92570,0.0011082861
92571,0.0010653869
92572,0.0010279317
92573,0.0010831322
92574,0.0
92575,0.000896186
92576,0.0012963687
92577,0.0018185987
92578,0.0039404402
92579,0.003917291
92580,0.0034323542
92581,0.001971073
92582,0.0011054201
92583,0.0010828367
92584,0.0013647876
92585,0.0015216961
92586,0.001280557
92587,0.0015601133
92588,0.0020392758
92589,0.0022108664
92590,0.0020158067
92591,0.0016934335
92592,0.0012438019
92593,0.0009090192
92594,0.00078741857
92595,0.0010243581
92596,0.0012953804
92597,0.0017729767
92598,0.0019221836
92599,0.0014620197
92600,0.0013144276
92601,0.0023346446
92602,0.0049758335
92603,0.0058826245
92604,0.003756739
92605,0.0019708516
92606,0.0010697489
92607,0.0010152257
92608,0.0007202811
92609,0.00095355225
92610,0.0021074675
92611,0.002687865
92612,0.002666547
92613,0.0029895352
92614,0.0032583768
92615,0.0025154797
92616,0.0019823657
92617,0.001797771
92618,0.0012078803
92619,0.0011125321
92620,0.0013996352
92621,0.0012639492
92622,0.0017766171
92623,0.002070562
92624,0.002242393
92625,0.0018721888
92626,0.001331608
92627,0.0008953412
92628,0.00046732766
92629,0.0007816686
92630,0.0012765735
92631,0.001382416
92632,0.0019550612
92633,0.0022201275
92634,0.003773312
92635,0.0043747844
92636,0.0044765696
92637,0.0036612907
92638,0.00283998
92639,0.0019731685
92640,0.0021982456
92641,0.0025170527
92642,0.0018748451
92643,0.00077041774
92644,0.0010032872
92645,0.0015868957
92646,0.0014903315
92647,0.0017486799
92648,0.002319838
92649,0.0023287907
92650,0.0029686973
92651,0.0030194577
92652,0.0030343416
92653,0.002860555
92654,0.0024800813
92655,0.0021105034
92656,0.0013818264
92657,0.002377802
92658,0.003193428
92659,0.0036298763
92660,0.0037571883
92661,0.00339903
92662,0.0020553821
92663,0.0011688671
92664,0.0013390838
92665,0.0014928291
92666,0.0019307344
92667,0.001674248
92668,0.0011476091
92669,0.0011136564
92670,0.0010172876
92671,0.001371064
92672,0.0013852553
92673,0.0016241653
92674,0.001946079
92675,0.0021242488
92676,0.00203959
92677,0.0020345037
92678,0.002123906
92679,0.0021921867
92680,0.002879538
92681,0.0026866412
92682,0.0026235469
92683,0.0022704725
92684,0.0015722847
92685,0.0013806253
92686,0.0017689505
92687,0.0019469162
92688,0.0018722198
92689,0.002111372
92690,0.0013965752
92691,0.0011039446
92692,0.0013349697
92693,0.0013340318
92694,0.0018604463
92695,0.0021050633
92696,0.0018619318
92697,0.0011183505
92698,0.0007677688
92699,0.00084034237
92700,0.0019557755
92701,0.002416074
92702,0.0020582122
92703,0.0017173935
92704,0.0013447877
92705,0.0014449195
92706,0.0015420439
92707,0.0017691643
92708,0.0015574433
92709,0.0019509483
92710,0.0017507923
92711,0.0018337072
92712,0.0016460761
92713,0.0016670009
92714,0.0018774823
92715,0.0018585211
92716,0.001667926
92717,0.0017521549
92718,0.0014363335
92719,0.0009340635
92720,0.001513488
92721,0.0022186195
92722,0.002725499
92723,0.002338705
92724,0.0016065629
92725,0.0012118976
92726,0.00082227745
92727,0.0012589195
92728,0.0022047893
92729,0.0017950815
92730,0.0014387023
92731,0.0011253551
92732,0.0010410141
92733,0.001019174
92734,0.0007962764
92735,0.0012494517
92736,0.0012895708
92737,0.001013102
92738,0.00090690365
92739,0.0008896018
92740,0.0011175175
92741,0.0013532232
92742,0.0016077762
92743,0.0018389848
92744,0.0017354987
92745,0.0017010984
92746,0.0014331285
92747,0.0017071442
92748,0.0015584894
92749,0.0025254218
92750,0.0022782527
92751,0.0011442312
92752,0.0011026785
92753,0.001280557
92754,0.0012321885
92755,0.0011498639
92756,0.0011594923
92757,0.0014876146
92758,0.0016354867
92759,0.0014036634
92760,0.0010826215
92761,0.00086784153
92762,0.00041311604
92763,0.00040023428
92764,0.00037886685
92765,0.00043340065
92766,0.0009112257
92767,0.0011040238
92768,0.0011404095
92769,0.0015027777
92770,0.0018474953
92771,0.0018799918
92772,0.001970231
92773,0.0017252219
92774,0.0014543956
92775,0.0014379739
92776,0.0010654962
92777,0.0008022119
92778,0.00056219887
92779,0.000634938
92780,0.0011282737
92781,0.0014606057
92782,0.0016819658
92783,0.0013524056
92784,0.0009939318
92785,0.0008840227
92786,0.0008009774
92787,0.0009441973
92788,0.0013666416
92789,0.0010432482
92790,0.0008760193
92791,0.00082347996
92792,0.00069053395
92793,0.00061802805
92794,0.0010718417
92795,0.0011475583
92796,0.0012958297
92797,0.0012594048
92798,0.0010252668
92799,0.00079583767
92800,0.0011773518
92801,0.0013840571
92802,0.0017044996
92803,0.0015389833
92804,0.000731746
92805,0.0012832361
92806,0.0014642873
92807,0.00069280615
92808,0.0005819883
92809,0.00060609286
92810,0.00083586277
92811,0.0015712108
92812,0.0020351186
92813,0.0022623695
92814,0.001426105
92815,0.0010653597
92816,0.000898845
92817,0.0009533691
92818,0.0012182689
92819,0.0018639939
92820,0.001553027
92821,0.0016294072
92822,0.002125988
92823,0.0022203766
92824,0.0019101694
92825,0.0014405622
92826,0.0015340586
92827,0.0012502434
92828,0.00087791093
92829,0.00071647286
92830,0.0009278109
92831,0.0014049484
92832,0.0020138856
92833,0.0018829927
92834,0.0013596172
92835,0.0009962132
92836,0.00076552905
92837,0.0009613945
92838,0.0009344373
92839,0.00066559634
92840,0.0011541335
92841,0.0011662747
92842,0.0011640516
92843,0.0009085068
92844,0.0007541532
92845,0.000821144
92846,0.0006538173
92847,0.000691208
92848,0.0011280157
92849,0.0014265132
92850,0.0011107518
92851,0.00047889267
92852,0.0009341258
92853,0.0019447923
92854,0.0015926807
92855,0.0009572078
92856,0.0010345076
92857,0.0012134815
92858,0.0014634125
92859,0.0015771639
92860,0.0017036286
92861,0.0012712275
92862,0.0012934243
92863,0.0011874926
92864,0.0011434424
92865,0.0010672702
92866,0.0007370169
92867,0.0010310132
92868,0.0017743551
92869,0.0021127362
92870,0.0023072707
92871,0.0021615706
92872,0.0020126135
92873,0.0016742654
92874,0.00090481533
92875,0.0008249983
92876,0.0014420766
92877,0.0014492436
92878,0.0024202864
92879,0.002476723
92880,0.0019580065
92881,0.002045489
92882,0.0026440779
92883,0.003823286
92884,0.0042729448
92885,0.0037227224
92886,0.0038282003
92887,0.0032718275
92888,0.0029879967
92889,0.0026232472
92890,0.0013814683
92891,0.00095443695
92892,0.0012224185
92893,0.0013303836
92894,0.0017211853
92895,0.0021963515
92896,0.002100842
92897,0.0016585819
92898,0.0016381893
92899,0.001677669
92900,0.0013547493
92901,0.00094422814
92902,0.0009558995
92903,0.0010638287
92904,0.0014447382
92905,0.0016061823
92906,0.0014838731
92907,0.0
92908,0.0013735665
92909,0.0019500231
92910,0.0038524666
92911,0.005178853
92912,0.0048103863
92913,0.0037069437
92914,0.0025629883
92915,0.0019900585
92916,0.0013110577
92917,0.0015211222
92918,0.0015222315
92919,0.0016081019
92920,0.0019405826
92921,0.0021338041
92922,0.001993682
92923,0.0014668689
92924,0.00094182085
92925,0.00090529764
92926,0.0008332822
92927,0.0008799639
92928,0.0011828268
92929,0.0016044963
92930,0.0016717778
92931,0.0013792756
92932,0.00069640955
92933,0.0008334568
92934,0.0016179174
92935,0.0051669874
92936,0.006437541
92937,0.004079679
92938,0.0022473326
92939,0.00094905496
92940,0.0011615487
92941,0.00097277027
92942,0.00081370276
92943,0.0014917174
92944,0.0025737986
92945,0.0021942302
92946,0.002374164
92947,0.0036891496
92948,0.0030070462
92949,0.002255967
92950,0.0021288334
92951,0.0014672459
92952,0.0015515458
92953,0.0023006136
92954,0.002060897
92955,0.0021123092
92956,0.0021139344
92957,0.0020640015
92958,0.0016462529
92959,0.0013315643
92960,0.0011582617
92961,0.0012184599
92962,0.0014357864
92963,0.001794141
92964,0.0021464783
92965,0.004013228
92966,0.0047588344
92967,0.0049901837
92968,0.0046502394
92969,0.0036572583
92970,0.0031764405
92971,0.002986272
92972,0.0025185323
92973,0.002331813
92974,0.0025094214
92975,0.0020486452
92976,0.000931005
92977,0.00077748735
92978,0.0014151242
92979,0.0016187087
92980,0.0017047898
92981,0.0017510416
92982,0.0020815667
92983,0.0022427824
92984,0.0025289343
92985,0.003054789
92986,0.0032503817
92987,0.0030803864
92988,0.002315782
92989,0.0010719503
92990,0.002029003
92991,0.0026334675
92992,0.0031063163
92993,0.00426565
92994,0.0034190244
92995,0.0012315034
92996,0.00092356646
92997,0.0011277834
92998,0.0012375622
92999,0.0019100627
93000,0.0019322261
93001,0.0014099939
93002,0.0010906298
93003,0.0009499439
93004,0.0010945456
93005,0.0009076094
93006,0.0007129709
93007,0.0010385789
93008,0.0013680889
93009,0.0013340974
93010,0.0012129297
93011,0.0009854627
93012,0.0015561347
93013,0.0022565732
93014,0.0023182314
93015,0.0015632442
93016,0.00084724074
93017,0.0006819672
93018,0.0008192634
93019,0.0020568683
93020,0.0021613147
93021,0.0018192707
93022,0.0020380626
93023,0.0010728459
93024,0.00068213785
93025,0.0010104557
93026,0.0009273403
93027,0.0016670009
93028,0.0021360398
93029,0.002427994
93030,0.0015879774
93031,0.0014676623
93032,0.0010357166
93033,0.0017345928
93034,0.0022964731
93035,0.0022422115
93036,0.0018928588
93037,0.0012995078
93038,0.0015658485
93039,0.0021613282
93040,0.0023290156
93041,0.0017898859
93042,0.0020743958
93043,0.0017330317
93044,0.0021933415
93045,0.0020587777
93046,0.00180023
93047,0.0018024273
93048,0.002010747
93049,0.002217583
93050,0.0027549404
93051,0.0026396601
93052,0.002274174
93053,0.0020924301
93054,0.0024448133
93055,0.002348689
93056,0.0022472162
93057,0.0017570315
93058,0.0012877189
93059,0.0008877023
93060,0.0018913359
93061,0.0024691436
93062,0.0016987871
93063,0.0009908231
93064,0.00075596484
93065,0.0008296769
93066,0.0011473047
93067,0.0012650539
93068,0.0019191378
93069,0.0018722042
93070,0.0017619277
93071,0.0015125263
93072,0.0014730463
93073,0.0014316859
93074,0.0017701839
93075,0.0017771249
93076,0.0017903736
93077,0.0014699212
93078,0.0015389645
93079,0.0018235211
93080,0.0018071199
93081,0.0018140159
93082,0.00311948
93083,0.002688244
93084,0.0013621621
93085,0.0016595467
93086,0.0016714644
93087,0.0015007234
93088,0.0017932486
93089,0.0018946108
93090,0.001969596
93091,0.0019356272
93092,0.0015402499
93093,0.001553308
93094,0.0012166433
93095,0.0005391019
93096,0.00048004597
93097,0.00040392583
93098,0.00047627225
93099,0.0006498883
93100,0.0006071963
93101,0.0006912501
93102,0.0012131457
93103,0.0019165428
93104,0.0020697888
93105,0.0017809693
93106,0.0016164777
93107,0.0013855913
93108,0.0010587554
93109,0.0005831373
93110,0.0007232248
93111,0.0007706066
93112,0.0013196206
93113,0.0015759271
93114,0.0015626855
93115,0.0012895482
93116,0.00079400704
93117,0.0008253157
93118,0.0010312955
93119,0.0010661789
93120,0.001189623
93121,0.0016801999
93122,0.0011570046
93123,0.001015111
93124,0.0009929357
93125,0.0010817341
93126,0.0009689331
93127,0.0013363207
93128,0.001231007
93129,0.0010489515
93130,0.00086512085
93131,0.00070003595
93132,0.0006015138
93133,0.0006174627
93134,0.0008907134
93135,0.0015903949
93136,0.0015785842
93137,0.0012673065
93138,0.0012607444
93139,0.0015729695
93140,0.0011418887
93141,0.0011121659
93142,0.0011231547
93143,0.0013555869
93144,0.0020015931
93145,0.0024639755
93146,0.0025316258
93147,0.0015664431
93148,0.0012005089
93149,0.0009344373
93150,0.0013115903
93151,0.0016866485
93152,0.0018101452
93153,0.0014054248
93154,0.0016754296
93155,0.0021082407
93156,0.0021172636
93157,0.0019037747
93158,0.0013229247
93159,0.0010726831
93160,0.0009892357
93161,0.0009991885
93162,0.0008496419
93163,0.00069456827
93164,0.00108375
93165,0.0017522379
93166,0.0019141115
93167,0.0016817235
93168,0.0010753387
93169,0.0007180148
93170,0.0008433156
93171,0.0010316905
93172,0.00087485573
93173,0.0012348547
93174,0.0012004605
93175,0.0012173129
93176,0.00085439
93177,0.0008457968
93178,0.00085049786
93179,0.0009419445
93180,0.00077587605
93181,0.00094209897
93182,0.0013181422
93183,0.0011240095
93184,0.0010018357
93185,0.0013238264
93186,0.0014639494
93187,0.0014384394
93188,0.0013399094
93189,0.0012785099
93190,0.001235114
93191,0.0011232324
93192,0.0016128006
93193,0.0019754681
93194,0.0014128189
93195,0.0011673223
93196,0.0013648302
93197,0.0011755707
93198,0.0009718723
93199,0.0011596178
93200,0.0014849907
93201,0.0017806098
93202,0.0018462504
93203,0.0020103853
93204,0.0019070129
93205,0.0013681315
93206,0.0009731591
93207,0.00046645498
93208,0.00077527564
93209,0.0011573819
93210,0.0013058751
93211,0.0025313154
93212,0.0025807547
93213,0.0028770505
93214,0.0032757567
93215,0.0042437613
93216,0.0058927033
93217,0.0052186954
93218,0.003114952
93219,0.003421254
93220,0.003432049
93221,0.0038841637
93222,0.0036106708
93223,0.001758621
93224,0.0010810612
93225,0.0013259571
93226,0.0016550336
93227,0.0018459194
93228,0.0018588343
93229,0.00192235
93230,0.0018763968
93231,0.0019653356
93232,0.0018152669
93233,0.0012587577
93234,0.0010715158
93235,0.0014035805
93236,0.0016779639
93237,0.0016278704
93238,0.0015014214
93239,0.0012232516
93240,0.0
93241,0.0019991635
93242,0.0034018715
93243,0.0048921616
93244,0.004880809
93245,0.003604774
93246,0.0023335847
93247,0.0023321626
93248,0.0019158897
93249,0.0014569147
93250,0.0014935307
93251,0.0013891156
93252,0.0014906244
93253,0.0017289798
93254,0.0015751512
93255,0.001341212
93256,0.0008465878
93257,0.0008703531
93258,0.00089338876
93259,0.001037766
93260,0.0014552157
93261,0.0016039883
93262,0.0017214221
93263,0.0014183493
93264,0.0011415064
93265,0.0009614853
93266,0.00070418115
93267,0.0016556841
93268,0.005193214
93269,0.00655122
93270,0.0042894706
93271,0.0021224807
93272,0.00089800276
93273,0.0012124738
93274,0.0010780958
93275,0.0012922311
93276,0.0019979256
93277,0.002540428
93278,0.002329303
93279,0.003020672
93280,0.004006173
93281,0.0034469585
93282,0.002977302
93283,0.0028165695
93284,0.0019976196
93285,0.0021817267
93286,0.0026778413
93287,0.0023309018
93288,0.002265622
93289,0.0021798317
93290,0.0017972528
93291,0.0015339637
93292,0.0014055283
93293,0.0010384949
93294,0.0011913099
93295,0.0015306398
93296,0.0020208391
93297,0.0030201226
93298,0.0048213126
93299,0.0048254034
93300,0.0038457068
93301,0.0027242815
93302,0.0007853831
93303,0.0015058152
93304,0.0024307854
93305,0.0029257808
93306,0.0027582978
93307,0.002526067
93308,0.0021320165
93309,0.0009727403
93310,0.00064109615
93311,0.001119573
93312,0.0014137044
93313,0.0015847669
93314,0.0016135043
93315,0.0015928816
93316,0.0015024485
93317,0.0017954869
93318,0.002711764
93319,0.003137203
93320,0.0027436453
93321,0.0022021479
93322,0.00091914413
93323,0.0015922238
93324,0.0026234803
93325,0.0033250332
93326,0.0038627798
93327,0.002995701
93328,0.0013077236
93329,0.00084231416
93330,0.0011494842
93331,0.0009938147
93332,0.0017024665
93333,0.0019946017
93334,0.0015915473
93335,0.0012299663
93336,0.0012217041
93337,0.0011811032
93338,0.00086797564
93339,0.0010604858
93340,0.0014515512
93341,0.0016044963
93342,0.0014393495
93343,0.0010962992
93344,0.00068994367
93345,0.0012854567
93346,0.001684231
93347,0.0019019853
93348,0.0017525037
93349,0.0012437083
93350,0.0008038428
93351,0.0006881697
93352,0.0020914006
93353,0.0024255835
93354,0.0020237032
93355,0.0018870533
93356,0.001239536
93357,0.00093627314
93358,0.0012989254
93359,0.0016455456
93360,0.0023458372
93361,0.0030301185
93362,0.0034047621
93363,0.0022796958
93364,0.0016794202
93365,0.0014749615
93366,0.0015980987
93367,0.0020012297
93368,0.002213616
93369,0.0018028955
93370,0.0014048448
93371,0.0017645191
93372,0.0027180782
93373,0.0030210284
93374,0.0026614123
93375,0.0019700835
93376,0.001667542
93377,0.001933551
93378,0.0016678037
93379,0.0016327796
93380,0.0019415573
93381,0.002155719
93382,0.002245739
93383,0.002865983
93384,0.0032935045
93385,0.0033908002
93386,0.0028618977
93387,0.00296387
93388,0.0028586823
93389,0.0025024996
93390,0.0017785492
93391,0.0012639492
93392,0.0009389736
93393,0.002086636
93394,0.0026028985
93395,0.0016177915
93396,0.0006853303
93397,0.0008039876
93398,0.0011139177
93399,0.0012886
93400,0.0017722708
93401,0.002053753
93402,0.0023889875
93403,0.0021943497
93404,0.0020303938
93405,0.0018605088
93406,0.0017686872
93407,0.0017695591
93408,0.0016488673
93409,0.0014363335
93410,0.0012278348
93411,0.0010440848
93412,0.0012659968
93413,0.00085001864
93414,0.0012902702
93415,0.0031055573
93416,0.0032637226
93417,0.002329228
93418,0.0019299655
93419,0.0017565511
93420,0.0017423439
93421,0.0019997747
93422,0.0020420854
93423,0.0018080217
93424,0.0015375833
93425,0.00095058704
93426,0.0014139514
93427,0.0012029308
93428,0.00063567096
93429,0.00056673615
93430,0.0005916102
93431,0.0005073404
93432,0.00042996224
93433,0.0006247724
93434,0.00092059956
93435,0.0021992119
93436,0.0028357136
93437,0.0021601832
93438,0.0013950948
93439,0.001037822
93440,0.00075761846
93441,0.0007697753
93442,0.00077688816
93443,0.0006881274
93444,0.00083167397
93445,0.001427064
93446,0.0011894272
93447,0.00081652345
93448,0.0005272016
93449,0.00065679295
93450,0.000733851
93451,0.0011075769
93452,0.00144034
93453,0.001836657
93454,0.0029792762
93455,0.0030589115
93456,0.002769323
93457,0.0016615097
93458,0.0016535558
93459,0.0013990945
93460,0.0012106722
93461,0.00077853474
93462,0.00088953634
93463,0.0009839553
93464,0.0009931702
93465,0.0007710597
93466,0.00091384095
93467,0.0011899165
93468,0.0013885498
93469,0.0013486344
93470,0.001466472
93471,0.0014027094
93472,0.0012606521
93473,0.00085135293
93474,0.0008646498
93475,0.0009781705
93476,0.0011918228
93477,0.0019488885
93478,0.0025020575
93479,0.0022933788
93480,0.0011407667
93481,0.0011523165
93482,0.001631121
93483,0.0020149837
93484,0.0020165574
93485,0.0014856373
93486,0.001134499
93487,0.0013701721
93488,0.0016339021
93489,0.0021559622
93490,0.00218178
93491,0.001842637
93492,0.001081465
93493,0.0008900924
93494,0.00096655724
93495,0.0008831004
93496,0.0008593489
93497,0.0011327788
93498,0.0011470764
93499,0.0013757049
93500,0.0016007189
93501,0.00086400995
93502,0.00035995868
93503,0.00054012664
93504,0.0008247866
93505,0.0008030096
93506,0.0010404827
93507,0.0007968244
93508,0.00069799577
93509,0.00055996847
93510,0.0008778115
93511,0.000893519
93512,0.0008268307
93513,0.00048613074
93514,0.00080756337
93515,0.0013452637
93516,0.0011039183
93517,0.0013750701
93518,0.0013359939
93519,0.0011020184
93520,0.00090426835
93521,0.0013702571
93522,0.0013344681
93523,0.0011111972
93524,0.0013251009
93525,0.0018575343
93526,0.0020326718
93527,0.0015733395
93528,0.0010193168
93529,0.0009008826
93530,0.00092120003
93531,0.0011115638
93532,0.0012785099
93533,0.0013732486
93534,0.0012602365
93535,0.0013240682
93536,0.0015286992
93537,0.00108595
93538,0.0012419051
93539,0.0014819694
93540,0.001396867
93541,0.001388466
93542,0.0010182598
93543,0.0013383881
93544,0.002818656
93545,0.0037038962
93546,0.0037795238
93547,0.003985174
93548,0.005087708
93549,0.008264656
93550,0.006447493
93551,0.0019020159
93552,0.0023899619
93553,0.002777372
93554,0.0037060329
93555,0.004218048
93556,0.0035543153
93557,0.0027646846
93558,0.0022314382
93559,0.0020984164
93560,0.0019353565
93561,0.0015585081
93562,0.0015263938
93563,0.0016488497
93564,0.0017703976
93565,0.0017655415
93566,0.0014149597
93567,0.0014960812
93568,0.0017334683
93569,0.0017750602
93570,0.0017327461
93571,0.001544439
93572,0.0013279312
93573,0.0
93574,0.0020839563
93575,0.0038786524
93576,0.004584187
93577,0.0030596156
93578,0.0008858972
93579,0.00073918555
93580,0.0010944924
93581,0.0010156268
93582,0.0012864299
93583,0.0014649829
93584,0.0014048655
93585,0.0016073959
93586,0.0015944705
93587,0.0011231547
93588,0.0008589086
93589,0.00071748765
93590,0.0010183741
93591,0.0009945466
93592,0.0016679957
93593,0.0019712206
93594,0.0018188067
93595,0.0016433334
93596,0.0011757935
93597,0.00116022
93598,0.0011220139
93599,0.0012325428
93600,0.0025645662
93601,0.0049546384
93602,0.0060753794
93603,0.00410282
93604,0.0018240317
93605,0.000974026
93606,0.0012481232
93607,0.0011771045
93608,0.0012371858
93609,0.0018570329
93610,0.0024151101
93611,0.0023191602
93612,0.0033353197
93613,0.004372888
93614,0.004200756
93615,0.0036494273
93616,0.0032837077
93617,0.0024857547
93618,0.0023391903
93619,0.002291322
93620,0.0019825713
93621,0.0015022353
93622,0.0016163697
93623,0.0014451813
93624,0.001495264
93625,0.0012453453
93626,0.00094586035
93627,0.0013213177
93628,0.0015727475
93629,0.0020185336
93630,0.0034212454
93631,0.004952676
93632,0.0038593577
93633,0.0014843046
93634,0.00096926343
93635,0.0010334098
93636,0.0014391271
93637,0.002161665
93638,0.0031473357
93639,0.0031176978
93640,0.002428126
93641,0.0019174082
93642,0.0010211141
93643,0.0007758385
93644,0.0010618846
93645,0.0013135859
93646,0.0012475635
93647,0.0016228567
93648,0.0013946358
93649,0.0009878519
93650,0.001115145
93651,0.0022405623
93652,0.0036106708
93653,0.0031431625
93654,0.0018405983
93655,0.00080003217
93656,0.0012791471
93657,0.002836668
93658,0.0038191732
93659,0.0034312773
93660,0.0024684716
93661,0.001583885
93662,0.00077211583
93663,0.0013411469
93664,0.00088789896
93665,0.001355458
93666,0.0023019162
93667,0.0020073429
93668,0.0014447987
93669,0.0019351459
93670,0.0018968215
93671,0.0013883611
93672,0.0012707924
93673,0.001391502
93674,0.0018118327
93675,0.00180683
93676,0.001591218
93677,0.0014218129
93678,0.0017482304
93679,0.0018611188
93680,0.0017143064
93681,0.0016368385
93682,0.0015495374
93683,0.000932317
93684,0.0008066619
93685,0.0018461716
93686,0.0022886784
93687,0.0018956397
93688,0.0015948173
93689,0.0014108606
93690,0.0011467465
93691,0.0013802669
93692,0.0019129557
93693,0.0022262281
93694,0.0027194698
93695,0.0030069882
93696,0.0022900514
93697,0.0016474547
93698,0.0011229992
93699,0.0011720498
93700,0.0016377274
93701,0.0018593352
93702,0.0013386055
93703,0.0014332706
93704,0.001744731
93705,0.0025502613
93706,0.003360495
93707,0.003376186
93708,0.0026621777
93709,0.0017802502
93710,0.0019399377
93711,0.0016894415
93712,0.0020243216
93713,0.0022175962
93714,0.0039548166
93715,0.0038547323
93716,0.0038174505
93717,0.0037947246
93718,0.004430741
93719,0.0041360185
93720,0.003866741
93721,0.0035985922
93722,0.0027916392
93723,0.002168829
93724,0.0021949995
93725,0.001772829
93726,0.0020692965
93727,0.002051825
93728,0.0013556513
93729,0.0007984663
93730,0.0007332559
93731,0.0008707877
93732,0.0011515332
93733,0.0016950654
93734,0.0021309105
93735,0.0021974642
93736,0.0020422565
93737,0.0020391904
93738,0.0019267809
93739,0.0017086779
93740,0.0015534204
93741,0.0013558016
93742,0.0012424908
93743,0.0009795382
93744,0.0008751218
93745,0.0009067111
93746,0.0006176983
93747,0.0014334737
93748,0.0028525162
93749,0.0031792703
93750,0.0026420297
93751,0.0018671141
93752,0.0014997922
93753,0.0018041865
93754,0.0016799574
93755,0.0018377183
93756,0.0014234291
93757,0.001026118
93758,0.0010054025
93759,0.0012715022
93760,0.0008845492
93761,0.0008369415
93762,0.00079378707
93763,0.00058268796
93764,0.00073246163
93765,0.00081420335
93766,0.0009735478
93767,0.0011402308
93768,0.0030543602
93769,0.0036570593
93770,0.0021168648
93771,0.0010535473
93772,0.00065896066
93773,0.00063886784
93774,0.0008160956
93775,0.0007199578
93776,0.00063024525
93777,0.0009721118
93778,0.0015224991
93779,0.0012679952
93780,0.00085244613
93781,0.0007552715
93782,0.0008511478
93783,0.0013258694
93784,0.0017433125
93785,0.0020337882
93786,0.0020259598
93787,0.0031193309
93788,0.0034433089
93789,0.0033136876
93790,0.0022728299
93791,0.0017843326
93792,0.0013448526
93793,0.0012097342
93794,0.00092356646
93795,0.00097208185
93796,0.00080889574
93797,0.0010313801
93798,0.0013251887
93799,0.0015384348
93800,0.0018659758
93801,0.001686752
93802,0.001261183
93803,0.0014515312
93804,0.0014084242
93805,0.0010899359
93806,0.00088924187
93807,0.00088979804
93808,0.0007819292
93809,0.00080148596
93810,0.0018603994
93811,0.002840892
93812,0.0023362522
93813,0.001067052
93814,0.0011790809
93815,0.0016458109
93816,0.0015227859
93817,0.0012757981
93818,0.0005455951
93819,0.0009261469
93820,0.00089709484
93821,0.0010842333
93822,0.0015765365
93823,0.0020218184
93824,0.002065411
93825,0.0014477969
93826,0.0011816944
93827,0.0012870632
93828,0.0012022774
93829,0.00084051554
93830,0.00076404493
93831,0.000901819
93832,0.0014183493
93833,0.0015738019
93834,0.0013631232
93835,0.0012352081
93836,0.0009658946
93837,0.0008573824
93838,0.0010508642
93839,0.0011419142
93840,0.0007235466
93841,0.00050226686
93842,0.0005467141
93843,0.0005987495
93844,0.00085968757
93845,0.0009739961
93846,0.0009748026
93847,0.0009983727
93848,0.0010734154
93849,0.001151887
93850,0.0012663417
93851,0.000811769
93852,0.00081416755
93853,0.000680258
93854,0.0012267914
93855,0.0012355616
93856,0.0013261986
93857,0.0013822054
93858,0.0021500008
93859,0.0021273976
93860,0.0022799256
93861,0.0021670167
93862,0.0020257586
93863,0.0021938987
93864,0.00233614
93865,0.0023427585
93866,0.0020667494
93867,0.0015934297
93868,0.0017462983
93869,0.002105395
93870,0.002296511
93871,0.0028224636
93872,0.0028658102
93873,0.0026950452
93874,0.0025644982
93875,0.00091173657
93876,0.0014635319
93877,0.0033674508
93878,0.0044556446
93879,0.0036340593
93880,0.0032389003
93881,0.005170929
93882,0.010350963
93883,0.008400185
93884,0.0013144497
93885,0.0013769736
93886,0.0015457198
93887,0.0023763452
93888,0.0032824401
93889,0.0037872472
93890,0.003383531
93891,0.0027588464
93892,0.0018944725
93893,0.0017373256
93894,0.0012877189
93895,0.0010381024
93896,0.0011498386
93897,0.0016042424
93898,0.0016116995
93899,0.0010133031
93900,0.0012471435
93901,0.0015135073
93902,0.0016199488
93903,0.0015208543
93904,0.0013656403
93905,0.0011537804
93906,0.0
93907,0.002727602
93908,0.0041021886
93909,0.0037044776
93910,0.0011605961
93911,0.00062248565
93912,0.0008581288
93913,0.00069887086
93914,0.00064155
93915,0.0007325013
93916,0.0010028229
93917,0.0012187943
93918,0.001394114
93919,0.0011541839
93920,0.00079773704
93921,0.0007422503
93922,0.00080366177
93923,0.0009950147
93924,0.0008900924
93925,0.001712251
93926,0.0017271776
93927,0.0012873798
93928,0.00092498347
93929,0.0006941491
93930,0.0010675702
93931,0.0012153987
93932,0.0018163407
93933,0.0026665253
93934,0.004269606
93935,0.0053407997
93936,0.0038221667
93937,0.0014946021
93938,0.00088825944
93939,0.0011306186
93940,0.001577865
93941,0.0013623758
93942,0.002224227
93943,0.002485345
93944,0.0026270722
93945,0.0041401964
93946,0.0047306553
93947,0.003961963
93948,0.0036850923
93949,0.0028814375
93950,0.002340832
93951,0.002018649
93952,0.001805412
93953,0.0014004044
93954,0.0009771286
93955,0.000742015
93956,0.0012347132
93957,0.0018564059
93958,0.0019466621
93959,0.0016752385
93960,0.0017747487
93961,0.0015666846
93962,0.0015303546
93963,0.0031088823
93964,0.0048063854
93965,0.0046173977
93966,0.0030451512
93967,0.0022750695
93968,0.0015659228
93969,0.0014092299
93970,0.0024387226
93971,0.0035615792
93972,0.003252897
93973,0.0021208755
93974,0.0016193199
93975,0.0010144226
93976,0.0007433865
93977,0.001029205
93978,0.0009862302
93979,0.0010180883
93980,0.0017931188
93981,0.0014628954
93982,0.0011003005
93983,0.0016845419
93984,0.0037344152
93985,0.0044852016
93986,0.0031655736
93987,0.0014735203
93988,0.00081841036
93989,0.0010500054
93990,0.002499672
93991,0.004074711
93992,0.0031950134
93993,0.0022595248
93994,0.0019935945
93995,0.00077905797
93996,0.0014995012
93997,0.0011819407
93998,0.0013540618
93999,0.0023875495
94000,0.0022915124
94001,0.0015841423
94002,0.0020988325
94003,0.002069831
94004,0.0016323696
94005,0.0012740633
94006,0.0010281865
94007,0.0017481139
94008,0.0019384219
94009,0.001265675
94010,0.0013513077
94011,0.0015132381
94012,0.001743062
94013,0.0016646597
94014,0.0017842837
94015,0.0019033466
94016,0.0015214091
94017,0.0016715166
94018,0.0021335175
94019,0.0022289455
94020,0.0017879173
94021,0.0011544864
94022,0.0010766911
94023,0.0007227014
94024,0.0005811876
94025,0.0008246101
94026,0.00078263605
94027,0.001456735
94028,0.0022660457
94029,0.0020565146
94030,0.001750892
94031,0.0009885293
94032,0.000786346
94033,0.000871055
94034,0.0013837627
94035,0.0012378677
94036,0.001632209
94037,0.0019896636
94038,0.0019031019
94039,0.0027707205
94040,0.0032642754
94041,0.003185407
94042,0.0026119507
94043,0.002178937
94044,0.0018585995
94045,0.0017046191
94046,0.0025942521
94047,0.0044829366
94048,0.004558032
94049,0.004165817
94050,0.004038026
94051,0.0044487417
94052,0.004363847
94053,0.00443979
94054,0.0042972867
94055,0.0031990916
94056,0.0028353338
94057,0.0029116012
94058,0.0022246195
94059,0.0016422527
94060,0.0015396073
94061,0.001633724
94062,0.0018414363
94063,0.0017979651
94064,0.0015670932
94065,0.0014207687
94066,0.0019673782
94067,0.0024412393
94068,0.0022568826
94069,0.0019249524
94070,0.0015876292
94071,0.001401817
94072,0.0015526521
94073,0.0017096654
94074,0.0017984507
94075,0.0016137387
94076,0.0012741545
94077,0.0009607586
94078,0.00078586466
94079,0.0007796928
94080,0.002111179
94081,0.0026320526
94082,0.0026009858
94083,0.0026284896
94084,0.0019115554
94085,0.0016008826
94086,0.0019750702
94087,0.0016013188
94088,0.0015965317
94089,0.0012311016
94090,0.0009154638
94091,0.0011269574
94092,0.0011527204
94093,0.00076533895
94094,0.00083544484
94095,0.00079711655
94096,0.0009261155
94097,0.0010641844
94098,0.0008233739
94099,0.0011740347
94100,0.0014583124
94101,0.003097337
94102,0.0038996954
94103,0.0017743387
94104,0.00084404
94105,0.00062187755
94106,0.0004861906
94107,0.00040421393
94108,0.00043827534
94109,0.0005335669
94110,0.0009429944
94111,0.0014731055
94112,0.0013915439
94113,0.0011265441
94114,0.0009459526
94115,0.0013359939
94116,0.0018729193
94117,0.002301132
94118,0.0034633335
94119,0.0030763682
94120,0.003005807
94121,0.00297382
94122,0.0035500056
94123,0.003290985
94124,0.0023705205
94125,0.0013647663
94126,0.0016718474
94127,0.0011615487
94128,0.0008339455
94129,0.00081194827
94130,0.0007844561
94131,0.0011597683
94132,0.0015140456
94133,0.0018527337
94134,0.0013247054
94135,0.0011054464
94136,0.0011098868
94137,0.0013163083
94138,0.0007228222
94139,0.00072743784
94140,0.0010027068
94141,0.0009680616
94142,0.0009891768
94143,0.0018761796
94144,0.0027154
94145,0.0024073368
94146,0.0014964509
94147,0.0014867535
94148,0.0014622387
94149,0.0011377011
94150,0.0009997418
94151,0.0006999112
94152,0.00091885915
94153,0.0007093696
94154,0.00074056233
94155,0.00090227067
94156,0.0016475254
94157,0.0021195991
94158,0.0017406727
94159,0.0015427609
94160,0.0014338188
94161,0.00091250235
94162,0.0005992354
94163,0.00059381983
94164,0.00075804093
94165,0.0012705404
94166,0.0014770515
94167,0.0016779292
94168,0.0016068888
94169,0.001446188
94170,0.0013597242
94171,0.00144135
94172,0.00079737214
94173,0.0005308326
94174,0.00045200542
94175,0.0007298743
94176,0.001110909
94177,0.0012883741
94178,0.0011386472
94179,0.0010647585
94180,0.0009938147
94181,0.0011098868
94182,0.0012503598
94183,0.0010201159
94184,0.00094632176
94185,0.0009481345
94186,0.0006273293
94187,0.00048637015
94188,0.000860026
94189,0.0011883257
94190,0.001752022
94191,0.002399866
94192,0.0021214245
94193,0.0021672987
94194,0.0020954462
94195,0.0018704002
94196,0.0021842332
94197,0.0027433375
94198,0.003159122
94199,0.0031238901
94200,0.0027187848
94201,0.0024510669
94202,0.0024968528
94203,0.002657626
94204,0.0026121847
94205,0.002098555
94206,0.0026368913
94207,0.0028555552
94208,0.0011386472
94209,0.0014314216
94210,0.0035915573
94211,0.004685287
94212,0.003118239
94213,0.001183909
94214,0.004197013
94215,0.009909094
94216,0.007957122
94217,0.0021756487
94218,0.0010599643
94219,0.0011376244
94220,0.0011097032
94221,0.0012302739
94222,0.002246996
94223,0.0021119234
94224,0.0018593979
94225,0.001568634
94226,0.0018674725
94227,0.00170221
94228,0.0014322957
94229,0.0010469798
94230,0.001166624
94231,0.0013350568
94232,0.00089816476
94233,0.00088359456
94234,0.0011967454
94235,0.001056003
94236,0.000805362
94237,0.00090783386
94238,0.0009341258
94239,0.0
94240,0.0037535147
94241,0.0044168
94242,0.0028929694
94243,0.0008207541
94244,0.0007885635
94245,0.0008371153
94246,0.00064155
94247,0.0007212502
94248,0.00075565674
94249,0.00077636354
94250,0.0009159087
94251,0.0007497797
94252,0.000746473
94253,0.000775163
94254,0.00048409094
94255,0.0004353437
94256,0.0009063901
94257,0.0010553965
94258,0.0019187131
94259,0.0019555376
94260,0.0015816417
94261,0.0007441691
94262,0.00055710255
94263,0.00087319076
94264,0.0014498058
94265,0.0018739756
94266,0.0020852964
94267,0.0029118413
94268,0.0038823425
94269,0.0036220828
94270,0.0021166725
94271,0.001359981
94272,0.0016621228
94273,0.002018375
94274,0.0024536066
94275,0.0034323458
94276,0.0037967796
94277,0.0037650424
94278,0.004170593
94279,0.0046437886
94280,0.0039851884
94281,0.0029203445
94282,0.002238834
94283,0.0017177663
94284,0.0011623502
94285,0.0009886766
94286,0.0011157973
94287,0.0010237328
94288,0.00072266115
94289,0.0015030295
94290,0.0027394309
94291,0.0029013976
94292,0.002113108
94293,0.001571822
94294,0.0009446904
94295,0.0010512519
94296,0.0024919405
94297,0.004241127
94298,0.0044094203
94299,0.0032088112
94300,0.0026994045
94301,0.0019449121
94302,0.0020084588
94303,0.0030277644
94304,0.0033659553
94305,0.0026615653
94306,0.0016224441
94307,0.0012373269
94308,0.0010135041
94309,0.000722218
94310,0.00095009705
94311,0.0010114345
94312,0.001339931
94313,0.0018814465
94314,0.0020989988
94315,0.0020799723
94316,0.0023597411
94317,0.004418658
94318,0.00461222
94319,0.003061099
94320,0.0008400653
94321,0.0009359311
94322,0.0012328262
94323,0.0024045669
94324,0.003923994
94325,0.0029359097
94326,0.002030738
94327,0.002147373
94328,0.0015509829
94329,0.0018003593
94330,0.0015314382
94331,0.0010297988
94332,0.0021160948
94333,0.0022773582
94334,0.0014489825
94335,0.0014749812
94336,0.0016217444
94337,0.0014121801
94338,0.001155847
94339,0.0008096869
94340,0.0015725069
94341,0.0018893653
94342,0.0011552677
94343,0.0011479387
94344,0.0011605961
94345,0.0014631341
94346,0.0016145861
94347,0.0021320437
94348,0.0027228922
94349,0.0026675728
94350,0.00231847
94351,0.002167782
94352,0.0018445787
94353,0.001391502
94354,0.0008045666
94355,0.00086175016
94356,0.00073214364
94357,0.00064345245
94358,0.0006780725
94359,0.00058003474
94360,0.0010278185
94361,0.0012264355
94362,0.0016209725
94363,0.0017220306
94364,0.0015748556
94365,0.0013726975
94366,0.0010457281
94367,0.0008784743
94368,0.0010482855
94369,0.0015370721
94370,0.0018090194
94371,0.001791771
94372,0.001863791
94373,0.002362453
94374,0.0024650856
94375,0.0023001833
94376,0.0020031484
94377,0.001566313
94378,0.0017759454
94379,0.0026486968
94380,0.0040721605
94381,0.003444847
94382,0.0023031423
94383,0.002905868
94384,0.003631239
94385,0.0039774836
94386,0.0042006453
94387,0.004157075
94388,0.0031304606
94389,0.0021165074
94390,0.0023066525
94391,0.0017288114
94392,0.0010268836
94393,0.0011228437
94394,0.0015866939
94395,0.002480985
94396,0.002838258
94397,0.0028939955
94398,0.002468731
94399,0.002620861
94400,0.002756208
94401,0.002231751
94402,0.0014170972
94403,0.00097477273
94404,0.0006380473
94405,0.0011887664
94406,0.001381089
94407,0.0015928268
94408,0.001550814
94409,0.0015587695
94410,0.0012505227
94411,0.0008698514
94412,0.0021139206
94413,0.0030393251
94414,0.0028427045
94415,0.0018531892
94416,0.0018993515
94417,0.001561027
94418,0.0016334568
94419,0.0023474619
94420,0.0020003424
94421,0.0017458982
94422,0.0012874024
94423,0.0011970858
94424,0.0012449012
94425,0.0010184884
94426,0.0006022874
94427,0.0006516325
94428,0.0007968244
94429,0.0011369078
94430,0.0010509474
94431,0.00088793173
94432,0.0014437911
94433,0.0017896745
94434,0.002385513
94435,0.0031600248
94436,0.001708286
94437,0.00078211527
94438,0.00069502904
94439,0.00060561247
94440,0.00036827143
94441,0.00037126237
94442,0.00028156498
94443,0.0010054315
94444,0.001356853
94445,0.0011637765
94446,0.0011238541
94447,0.0015072061
94448,0.0019130926
94449,0.004034558
94450,0.0045620273
94451,0.0050891093
94452,0.0048271464
94453,0.004352969
94454,0.0039148163
94455,0.0034312094
94456,0.0030524444
94457,0.0023996963
94458,0.0017946925
94459,0.0021239198
94460,0.0013790012
94461,0.0005050406
94462,0.0005194716
94463,0.0003176065
94464,0.0004760889
94465,0.0010560306
94466,0.0013194663
94467,0.001182753
94468,0.00095647783
94469,0.0010245285
94470,0.0010350139
94471,0.0013310397
94472,0.0015911267
94473,0.0017752734
94474,0.0014127571
94475,0.0014322957
94476,0.001787836
94477,0.0024806212
94478,0.0023057566
94479,0.0017313011
94480,0.0016332073
94481,0.0014676623
94482,0.0012404748
94483,0.0011669982
94484,0.0010570773
94485,0.0011121919
94486,0.00095666037
94487,0.0008469659
94488,0.0008249983
94489,0.0013903722
94490,0.0018288759
94491,0.0015765365
94492,0.0013858014
94493,0.0013507692
94494,0.00081277225
94495,0.0006003514
94496,0.00048726692
94497,0.00061225594
94498,0.0009616669
94499,0.0011331642
94500,0.0015426854
94501,0.0014718208
94502,0.0012289484
94503,0.0015416852
94504,0.0016947563
94505,0.0008303782
94506,0.0007146426
94507,0.00076232885
94508,0.001219033
94509,0.0014012562
94510,0.0012282614
94511,0.001027507
94512,0.0011031799
94513,0.0011805363
94514,0.0014897065
94515,0.001369981
94516,0.0011409452
94517,0.0015199737
94518,0.0011250447
94519,0.0008239393
94520,0.00095471134
94521,0.0011707827
94522,0.0013458261
94523,0.0014657177
94524,0.0020166873
94525,0.0020505479
94526,0.0018914898
94527,0.0017785656
94528,0.000924165
94529,0.0008415191
94530,0.0015509079
94531,0.002057604
94532,0.002088727
94533,0.0020626897
94534,0.0018091802
94535,0.0015023709
94536,0.001359553
94537,0.001024841
94538,0.001119183
94539,0.0027195127
94540,0.0026484441
94541,0.0011494842
94542,0.0009868498
94543,0.0032107153
94544,0.005021069
94545,0.0042086327
94546,0.0028461015
94547,0.0045796325
94548,0.008461484
94549,0.0071299784
94550,0.0030330273
94551,0.0019665346
94552,0.0020809653
94553,0.001998581
94554,0.0017512244
94555,0.0019200777
94556,0.0015625178
94557,0.0012198684
94558,0.0011536794
94559,0.0014754744
94560,0.0013773328
94561,0.0013300772
94562,0.001133498
94563,0.0010338604
94564,0.0011090211
94565,0.00074475555
94566,0.0007933837
94567,0.0010555895
94568,0.0007250735
94569,0.0009052655
94570,0.0012485196
94571,0.0013902674
94572,0.0
94573,0.0041699717
94574,0.0044869985
94575,0.0022815717
94576,0.001151432
94577,0.0009483801
94578,0.0012860226
94579,0.0013043587
94580,0.0012989254
94581,0.0008811868
94582,0.0006869845
94583,0.00069657667
94584,0.0006412777
94585,0.0008660623
94586,0.0007128076
94587,0.0007538058
94588,0.00075949845
94589,0.0009180353
94590,0.0008713557
94591,0.001420953
94592,0.0017432958
94593,0.001764651
94594,0.0009319423
94595,0.0007904804
94596,0.0013188485
94597,0.0017641727
94598,0.0018156195
94599,0.0016994551
94600,0.0021172636
94601,0.0031416342
94602,0.0032012835
94603,0.0020666225
94604,0.0015774408
94605,0.0017845934
94606,0.0025268965
94607,0.0034677675
94608,0.0039278935
94609,0.0044028284
94610,0.0042886087
94611,0.0043179407
94612,0.004048082
94613,0.0034382592
94614,0.002174993
94615,0.001676732
94616,0.00088734156
94617,0.00067077955
94618,0.0006336073
94619,0.0011407923
94620,0.0009963592
94621,0.000916417
94622,0.0014766377
94623,0.0027700271
94624,0.0032104978
94625,0.002088281
94626,0.0008684785
94627,0.000926995
94628,0.0009394384
94629,0.001049118
94630,0.0028637783
94631,0.003423414
94632,0.0030863895
94633,0.0030134562
94634,0.002616493
94635,0.0027553102
94636,0.0032487158
94637,0.002986194
94638,0.0015825063
94639,0.0011607467
94640,0.0010344232
94641,0.0009698038
94642,0.0010290353
94643,0.0009429327
94644,0.000861919
94645,0.0013666203
94646,0.0018835954
94647,0.002439677
94648,0.002600471
94649,0.0024584415
94650,0.0042140097
94651,0.0035117432
94652,0.0007392643
94653,0.0006043617
94654,0.0011125059
94655,0.0015616608
94656,0.0020481052
94657,0.003331347
94658,0.0028161148
94659,0.0019441937
94660,0.0020210985
94661,0.0017410907
94662,0.0018666309
94663,0.001351846
94664,0.0009080582
94665,0.0017126589
94666,0.002036148
94667,0.0017102271
94668,0.0016268688
94669,0.0016245057
94670,0.0012425611
94671,0.0010912701
94672,0.0007458879
94673,0.0011968426
94674,0.0015393804
94675,0.0012724174
94676,0.0014621591
94677,0.0012412722
94678,0.0009975561
94679,0.001277485
94680,0.00210123
94681,0.0029544183
94682,0.002961866
94683,0.002453927
94684,0.0019273246
94685,0.0017080645
94686,0.0011978393
94687,0.0007699265
94688,0.000572408
94689,0.0006412777
94690,0.0005025565
94691,0.00038230803
94692,0.00033247008
94693,0.00060973136
94694,0.000931005
94695,0.0012921186
94696,0.0013132092
94697,0.0012071091
94698,0.0013241561
94699,0.0010967769
94700,0.0011169444
94701,0.0014936476
94702,0.002069156
94703,0.0020400037
94704,0.0020472382
94705,0.0019592843
94706,0.002034103
94707,0.0022337325
94708,0.0019546147
94709,0.001887408
94710,0.0015108899
94711,0.0016196434
94712,0.0022085218
94713,0.0031323938
94714,0.00224719
94715,0.0012540785
94716,0.0022933153
94717,0.0030364129
94718,0.0036055893
94719,0.003819897
94720,0.0037409326
94721,0.0027975752
94722,0.0016265826
94723,0.0019767347
94724,0.0015735985
94725,0.0012659738
94726,0.0013011193
94727,0.0013945315
94728,0.0019058832
94729,0.0024700628
94730,0.0029442543
94731,0.003020142
94732,0.002714982
94733,0.0022173468
94734,0.0012267678
94735,0.0006249587
94736,0.00039760786
94737,0.00057332247
94738,0.0007953255
94739,0.0011001154
94740,0.0008751551
94741,0.0010088126
94742,0.0012217279
94743,0.0011023881
94744,0.0008706874
94745,0.0032666372
94746,0.0040108343
94747,0.0029196567
94748,0.001829035
94749,0.0013394314
94750,0.0010503656
94751,0.0012074225
94752,0.0021560027
94753,0.002057788
94754,0.0016654114
94755,0.0011090998
94756,0.00082658423
94757,0.0007806627
94758,0.0006295522
94759,0.00040900955
94760,0.00067721354
94761,0.0009988098
94762,0.00114804
94763,0.00096592476
94764,0.001451431
94765,0.001974481
94766,0.0021093863
94767,0.0017671068
94768,0.0022639
94769,0.0016828825
94770,0.0014007369
94771,0.0012501037
94772,0.0011900633
94773,0.0009177499
94774,0.0006717334
94775,0.0012196775
94776,0.0016585469
94777,0.0015715442
94778,0.0012373974
94779,0.0012992166
94780,0.0027836
94781,0.004671439
94782,0.006950684
94783,0.0077072103
94784,0.007101913
94785,0.0063362983
94786,0.0049112802
94787,0.0038115373
94788,0.0023044813
94789,0.0028555652
94790,0.0028874916
94791,0.0020845009
94792,0.00230318
94793,0.0018849237
94794,0.0010683604
94795,0.00097220164
94796,0.00075191155
94797,0.0010317751
94798,0.0013254083
94799,0.0014440733
94800,0.0013856963
94801,0.0011652012
94802,0.0014098287
94803,0.0016393614
94804,0.0023645463
94805,0.0023199006
94806,0.0018976652
94807,0.0013095029
94808,0.0017766827
94809,0.0023508442
94810,0.0025929841
94811,0.0019533783
94812,0.0017107035
94813,0.0016756555
94814,0.001112035
94815,0.00077636354
94816,0.0009476433
94817,0.0010618571
94818,0.001093375
94819,0.0008737239
94820,0.0008179124
94821,0.00073079084
94822,0.0011137871
94823,0.0015691719
94824,0.0013378225
94825,0.00152095
94826,0.0015470561
94827,0.001451431
94828,0.0006443113
94829,0.0007305917
94830,0.0009864663
94831,0.0011049197
94832,0.0011085749
94833,0.0011427804
94834,0.0010480356
94835,0.0008010138
94836,0.0013536748
94837,0.0015764626
94838,0.0009993342
94839,0.0011295112
94840,0.001184941
94841,0.0014555157
94842,0.0011352426
94843,0.000967791
94844,0.0009024319
94845,0.00090346334
94846,0.0010073401
94847,0.0011891336
94848,0.00090574764
94849,0.0012790334
94850,0.0019131078
94851,0.0014761449
94852,0.0012096381
94853,0.0015945617
94854,0.0016142617
94855,0.0014452216
94856,0.0011098344
94857,0.0015438359
94858,0.001957159
94859,0.0019679107
94860,0.0014463891
94861,0.0010730086
94862,0.0008061205
94863,0.0013235186
94864,0.0016030082
94865,0.0016732742
94866,0.0017537156
94867,0.0011896964
94868,0.0006535947
94869,0.0009286575
94870,0.0010021551
94871,0.0016619652
94872,0.002586916
94873,0.0021576085
94874,0.0011752734
94875,0.00094877894
94876,0.0026736646
94877,0.004659574
94878,0.004564827
94879,0.0035650912
94880,0.0044751717
94881,0.0051937746
94882,0.003812301
94883,0.0034129752
94884,0.0036649455
94885,0.0036240185
94886,0.0032600288
94887,0.0027673466
94888,0.0026414348
94889,0.002061024
94890,0.0017356663
94891,0.0018181505
94892,0.0017961676
94893,0.0006896061
94894,0.00051991956
94895,0.0007539988
94896,0.0009089552
94897,0.00096154585
94898,0.00078256166
94899,0.0009001716
94900,0.0009731591
94901,0.000980993
94902,0.0016301572
94903,0.0016757597
94904,0.0015175209
94905,0.0
94906,0.0043527083
94907,0.004289423
94908,0.0019579916
94909,0.0013658107
94910,0.0011382126
94911,0.0013270761
94912,0.0014931214
94913,0.0017248507
94914,0.0014474954
94915,0.0013213177
94916,0.00087415683
94917,0.00082231284
94918,0.00092164223
94919,0.0009226522
94920,0.0010227374
94921,0.0009581499
94922,0.000800214
94923,0.00086841144
94924,0.001539267
94925,0.0017939139
94926,0.0018296873
94927,0.0013024161
94928,0.0012154466
94929,0.0014208095
94930,0.0014120977
94931,0.0011716028
94932,0.0011089686
94933,0.0014752377
94934,0.0020853383
94935,0.002481102
94936,0.0017984669
94937,0.0014334331
94938,0.0019586307
94939,0.0030905828
94940,0.0034469585
94941,0.003901598
94942,0.0039998116
94943,0.003931404
94944,0.003550637
94945,0.0031549092
94946,0.00295498
94947,0.001712319
94948,0.0011029688
94949,0.00093779503
94950,0.00095781573
94951,0.0011396947
94952,0.0014218129
94953,0.0010367559
94954,0.0015283945
94955,0.0017691478
94956,0.0027422872
94957,0.0031551858
94958,0.001952022
94959,0.00090430054
94960,0.0012391368
94961,0.0011244754
94962,0.0011897208
94963,0.0025066133
94964,0.0029403968
94965,0.0028126298
94966,0.0030435738
94967,0.002940565
94968,0.0026907437
94969,0.0025813412
94970,0.0021680237
94971,0.0013247713
94972,0.0010634457
94973,0.0007424855
94974,0.0006420941
94975,0.0009845763
94976,0.00093103625
94977,0.0009117685
94978,0.001362098
94979,0.0013610721
94980,0.0021758894
94981,0.0029720971
94982,0.0027808174
94983,0.003875154
94984,0.00329634
94985,0.0010033161
94986,0.00085873913
94987,0.00156276
94988,0.0019031173
94989,0.002279019
94990,0.0026796449
94991,0.0021308558
94992,0.001151786
94993,0.0010790672
94994,0.0011106732
94995,0.0013152908
94996,0.00075345824
94997,0.0005457551
94998,0.00087572023
94999,0.001489726
95000,0.0019383468
95001,0.0020654253
95002,0.001992733
95003,0.0014634125
95004,0.0017284915
95005,0.0014080936
95006,0.001026997
95007,0.0007458879
95008,0.00073043234
95009,0.0009710634
95010,0.0008378451
95011,0.0009455526
95012,0.0011731667
95013,0.0014820872
95014,0.0017392342
95015,0.002042057
95016,0.0016949795
95017,0.0014873798
95018,0.0012026163
95019,0.00095808913
95020,0.0007947764
95021,0.00049024425
95022,0.00054591504
95023,0.0005090585
95024,0.0005115678
95025,0.00048463172
95026,0.0005945546
95027,0.00079912215
95028,0.0009996254
95029,0.0010366716
95030,0.000851558
95031,0.0010694223
95032,0.0011800185
95033,0.0013144055
95034,0.0016890452
95035,0.0020592583
95036,0.0020532429
95037,0.0020611794
95038,0.0019565194
95039,0.0021988412
95040,0.002544526
95041,0.0023746789
95042,0.0017075362
95043,0.0013850661
95044,0.0011568035
95045,0.0014489423
95046,0.002499346
95047,0.0023936003
95048,0.0016349527
95049,0.00204954
95050,0.0026932086
95051,0.0035367736
95052,0.0032874458
95053,0.0033269147
95054,0.0029457468
95055,0.0018856338
95056,0.002284822
95057,0.00199944
95058,0.0013483323
95059,0.0015466986
95060,0.0015540947
95061,0.0016050222
95062,0.0017568492
95063,0.0017774033
95064,0.0020410162
95065,0.0016819139
95066,0.0014945242
95067,0.0009701938
95068,0.0008157389
95069,0.0005110555
95070,0.0004307062
95071,0.00062281283
95072,0.0010233348
95073,0.0008886853
95074,0.000674069
95075,0.00095735985
95076,0.0013078349
95077,0.001570655
95078,0.0032969138
95079,0.004023289
95080,0.0026187056
95081,0.0015217726
95082,0.0009568733
95083,0.0008836275
95084,0.0009727104
95085,0.002030222
95086,0.0021600216
95087,0.0018375916
95088,0.0011415319
95089,0.000842556
95090,0.0007117861
95091,0.00066186924
95092,0.00065042544
95093,0.0009786761
95094,0.0010786626
95095,0.0007829707
95096,0.0004737602
95097,0.0011301037
95098,0.0016970902
95099,0.001729451
95100,0.0012448544
95101,0.0012430529
95102,0.0015663874
95103,0.0018608999
95104,0.0016915075
95105,0.0013675357
95106,0.0010579029
95107,0.0011935798
95108,0.0018657731
95109,0.0017761912
95110,0.0014180621
95111,0.0010672975
95112,0.0011991262
95113,0.0033179973
95114,0.0057712826
95115,0.007402137
95116,0.0065815854
95117,0.004558051
95118,0.004056923
95119,0.003604362
95120,0.0033961604
95121,0.0031802314
95122,0.0035748254
95123,0.0033354855
95124,0.0024795884
95125,0.0023773492
95126,0.0023938068
95127,0.0020196002
95128,0.0016951169
95129,0.0011181944
95130,0.001618421
95131,0.0015459835
95132,0.001415412
95133,0.0014803188
95134,0.0011451464
95135,0.0015804084
95136,0.0025908619
95137,0.0028407383
95138,0.0023627854
95139,0.0011869778
95140,0.0009643567
95141,0.0014492436
95142,0.0024122284
95143,0.0032462603
95144,0.0024203104
95145,0.0018072488
95146,0.0016854402
95147,0.0009472747
95148,0.0007307112
95149,0.00067229645
95150,0.0006290897
95151,0.0004780411
95152,0.00032655234
95153,0.00068630633
95154,0.00066480885
95155,0.00075136946
95156,0.001215255
95157,0.0012314089
95158,0.0015523708
95159,0.0017482138
95160,0.002039818
95161,0.0014339812
95162,0.00119983
95163,0.0012410143
95164,0.0010057498
95165,0.00089842395
95166,0.0007786469
95167,0.00075249193
95168,0.0008489223
95169,0.0011534272
95170,0.0016194637
95171,0.001396075
95172,0.0013219564
95173,0.0013602378
95174,0.0012624976
95175,0.0009384155
95176,0.0009718124
95177,0.0008779441
95178,0.00060901494
95179,0.00073918555
95180,0.0008847137
95181,0.0011308503
95182,0.0015544505
95183,0.0019072265
95184,0.0014958867
95185,0.0011374964
95186,0.0012546353
95187,0.0010548448
95188,0.0009033667
95189,0.0009334401
95190,0.0011747286
95191,0.0017640572
95192,0.0020154892
95193,0.0015971514
95194,0.0012182689
95195,0.0012480533
95196,0.0016197152
95197,0.0019408076
95198,0.001888071
95199,0.0017863865
95200,0.0011046563
95201,0.0008144892
95202,0.000703685
95203,0.0008749555
95204,0.001732511
95205,0.003152676
95206,0.003229136
95207,0.0021328763
95208,0.0019292112
95209,0.0021761702
95210,0.0040550646
95211,0.0037140031
95212,0.002117456
95213,0.0023317507
95214,0.0026996848
95215,0.002951777
95216,0.003187745
95217,0.0034621062
95218,0.0030246966
95219,0.0024800932
95220,0.0017411743
95221,0.0015140264
95222,0.0014425004
95223,0.0016012097
95224,0.0021217675
95225,0.0023200635
95226,0.0016875282
95227,0.0010718417
95228,0.0006425472
95229,0.00076909445
95230,0.00063695165
95231,0.0008274992
95232,0.0009226522
95233,0.0011396181
95234,0.0013948027
95235,0.0016953744
95236,0.0012688442
95237,0.0009018512
95238,0.0
95239,0.0039078365
95240,0.003958303
95241,0.0026272826
95242,0.0022319076
95243,0.0016840755
95244,0.0011070248
95245,0.00085271924
95246,0.0009680316
95247,0.001252174
95248,0.0012991271
95249,0.00089146465
95250,0.0010200018
95251,0.0009595158
95252,0.0010435551
95253,0.0008618177
95254,0.00085162633
95255,0.0012434743
95256,0.001780953
95257,0.0023240368
95258,0.0022570633
95259,0.0020074588
95260,0.0014383584
95261,0.0009950731
95262,0.0009704038
95263,0.00086147996
95264,0.0009080262
95265,0.0013036892
95266,0.0016516009
95267,0.0020873053
95268,0.002446955
95269,0.0022403155
95270,0.002291106
95271,0.0028461528
95272,0.0034602226
95273,0.003677574
95274,0.004258241
95275,0.004074911
95276,0.0036522334
95277,0.0024291805
95278,0.0016746651
95279,0.0015733211
95280,0.0016040428
95281,0.0015101962
95282,0.00093053596
95283,0.0007772627
95284,0.0012375386
95285,0.0013995104
95286,0.0009778432
95287,0.001578031
95288,0.0015357462
95289,0.0021111653
95290,0.0025147393
95291,0.0016349705
95292,0.0007477585
95293,0.001321582
95294,0.0013547493
95295,0.0010530499
95296,0.0019727703
95297,0.0023874275
95298,0.0022509687
95299,0.0018842596
95300,0.0017109077
95301,0.001333028
95302,0.001365214
95303,0.0015376211
95304,0.001043806
95305,0.00069878757
95306,0.0008118407
95307,0.0010358009
95308,0.0013350786
95309,0.00095404044
95310,0.0011491043
95311,0.0014511702
95312,0.0011518112
95313,0.0015795795
95314,0.002747366
95315,0.0032253214
95316,0.0037128273
95317,0.0032776399
95318,0.0025495195
95319,0.0022806276
95320,0.0022182523
95321,0.0022426527
95322,0.0021263303
95323,0.0023233478
95324,0.0018684386
95325,0.000974026
95326,0.00053985714
95327,0.00061774545
95328,0.00079044356
95329,0.0005848318
95330,0.000456809
95331,0.0007169602
95332,0.0012876963
95333,0.0017464482
95334,0.00231911
95335,0.0023889265
95336,0.0020746342
95337,0.0022115377
95338,0.0019162846
95339,0.0012095899
95340,0.000809615
95341,0.00072250003
95342,0.0006287195
95343,0.0004272461
95344,0.0009177816
95345,0.0010314648
95346,0.00089117076
95347,0.00076545303
95348,0.000996622
95349,0.00063001434
95350,0.00057499524
95351,0.0007947764
95352,0.0008561255
95353,0.00093785714
95354,0.000775801
95355,0.000868914
95356,0.0009635415
95357,0.00085534324
95358,0.0005999635
95359,0.0007632827
95360,0.0010767452
95361,0.0012571613
95362,0.0011147013
95363,0.00084638153
95364,0.0010130733
95365,0.001372337
95366,0.0013944688
95367,0.001506646
95368,0.002028142
95369,0.0017003625
95370,0.0014580529
95371,0.0012963462
95372,0.0013957205
95373,0.0024272748
95374,0.0021798983
95375,0.0012098064
95376,0.0012281192
95377,0.0011362421
95378,0.0012643635
95379,0.0022758371
95380,0.0026423712
95381,0.0023588159
95382,0.0026368692
95383,0.0028140987
95384,0.0031204503
95385,0.0029559548
95386,0.0027837465
95387,0.002756704
95388,0.0025363693
95389,0.002960333
95390,0.0031180617
95391,0.0023543204
95392,0.0017193413
95393,0.001814032
95394,0.0014591304
95395,0.0014942515
95396,0.0012548208
95397,0.0012738119
95398,0.0014348739
95399,0.0015580972
95400,0.0011904789
95401,0.0010391392
95402,0.0009090192
95403,0.0010363347
95404,0.0010654143
95405,0.0015249249
95406,0.0011566273
95407,0.001337148
95408,0.0016547873
95409,0.001823138
95410,0.0019979547
95411,0.0028802657
95412,0.0041562486
95413,0.0032433004
95414,0.0017678149
95415,0.0020754759
95416,0.0022909662
95417,0.0019950685
95418,0.0015006847
95419,0.0016923847
95420,0.0015246768
95421,0.0008332822
95422,0.00076666876
95423,0.00088734156
95424,0.0007796928
95425,0.0008881939
95426,0.0011016751
95427,0.0009781705
95428,0.00051615544
95429,0.00062714366
95430,0.0012233229
95431,0.0017844631
95432,0.0018190467
95433,0.0015140264
95434,0.0015156786
95435,0.0017905362
95436,0.0017588692
95437,0.0015311531
95438,0.001272669
95439,0.0014149802
95440,0.0017404386
95441,0.0021018533
95442,0.0014452417
95443,0.0010818955
95444,0.0012867466
95445,0.001203342
95446,0.0034610722
95447,0.0061923056
95448,0.00724721
95449,0.0048034596
95450,0.001053934
95451,0.0011564008
95452,0.0026307476
95453,0.002951718
95454,0.0031357831
95455,0.0034660466
95456,0.0035740354
95457,0.0032072235
95458,0.0029706475
95459,0.0027694912
95460,0.0022993227
95461,0.0018291305
95462,0.0012841882
95463,0.0021107793
95464,0.0019630834
95465,0.001462577
95466,0.0016894587
95467,0.0014328442
95468,0.001747781
95469,0.0024950802
95470,0.0023823387
95471,0.0018971898
95472,0.0015400798
95473,0.0014280629
95474,0.0013851081
95475,0.002344559
95476,0.0036987774
95477,0.0027903044
95478,0.0018566567
95479,0.0018066529
95480,0.00086505356
95481,0.00069536397
95482,0.00073353364
95483,0.0007600348
95484,0.0005903791
95485,0.00041690297
95486,0.0006076275
95487,0.0007638544
95488,0.000853538
95489,0.0007557338
95490,0.00090072106
95491,0.0009812303
95492,0.0013578179
95493,0.0018667711
95494,0.0016480729
95495,0.0013741385
95496,0.0010773126
95497,0.0005937218
95498,0.0006766116
95499,0.0008592812
95500,0.0010493122
95501,0.0014522929
95502,0.0015360493
95503,0.001849007
95504,0.0016326192
95505,0.0016571248
95506,0.001830864
95507,0.0018594761
95508,0.0015131419
95509,0.0013496483
95510,0.0009260526
95511,0.0008187659
95512,0.0008368371
95513,0.00094527553
95514,0.0009879109
95515,0.0015368449
95516,0.0015085766
95517,0.0016112298
95518,0.0014623184
95519,0.0012298006
95520,0.0010435272
95521,0.000888456
95522,0.0010095335
95523,0.0009479197
95524,0.0011793524
95525,0.0016885282
95526,0.0014924975
95527,0.0010532434
95528,0.00075692666
95529,0.001076583
95530,0.0016730829
95531,0.0017993891
95532,0.0013126994
95533,0.0006733778
95534,0.0008298172
95535,0.00090439705
95536,0.0011820638
95537,0.0017344921
95538,0.0030476924
95539,0.0038592296
95540,0.0025593292
95541,0.0017404386
95542,0.0026620247
95543,0.0035661033
95544,0.0025926137
95545,0.0014894329
95546,0.0012587807
95547,0.0021110135
95548,0.0019657353
95549,0.0016202003
95550,0.0014544555
95551,0.0013221324
95552,0.001119573
95553,0.000742015
95554,0.00016610368
95555,0.0007585399
95556,0.0011808567
95557,0.002467033
95558,0.0030199876
95559,0.0031291866
95560,0.0023232477
95561,0.0008253157
95562,0.0006143913
95563,0.00044845007
95564,0.0008353403
95565,0.00084627833
95566,0.0011658005
95567,0.0012274081
95568,0.0010374293
95569,0.0008736573
95570,0.0008239746
95571,0.0
95572,0.0037623437
95573,0.0038848754
95574,0.0028785374
95575,0.0022814057
95576,0.0016930037
95577,0.0014642675
95578,0.0014659758
95579,0.0011090473
95580,0.0012065062
95581,0.0012345483
95582,0.0009996254
95583,0.0010394192
95584,0.000884944
95585,0.000652971
95586,0.00034221896
95587,0.0004727763
95588,0.0012108645
95589,0.0023790747
95590,0.0026329593
95591,0.0018519638
95592,0.0011045509
95593,0.00088230905
95594,0.0010602663
95595,0.0013200616
95596,0.0013965544
95597,0.0012133856
95598,0.0013175459
95599,0.0015060278
95600,0.002085771
95601,0.0025744657
95602,0.0027881132
95603,0.0030437172
95604,0.0031026506
95605,0.0034920964
95606,0.003458237
95607,0.003993731
95608,0.0034535127
95609,0.0022493908
95610,0.0013529651
95611,0.0008178768
95612,0.0011023881
95613,0.0017429786
95614,0.0018539743
95615,0.001284075
95616,0.0011731419
95617,0.0012863395
95618,0.0011955288
95619,0.000858061
95620,0.0017643047
95621,0.0018843214
95622,0.0018807966
95623,0.0017454315
95624,0.00081280805
95625,0.0003230578
95626,0.0009490243
95627,0.001234171
95628,0.0008256683
95629,0.001621888
95630,0.0021976498
95631,0.0021926248
95632,0.0016144238
95633,0.0010184599
95634,0.0005446875
95635,0.0007431124
95636,0.0013414724
95637,0.0011593918
95638,0.0012104799
95639,0.0011634514
95640,0.0011822608
95641,0.0011316478
95642,0.0006225792
95643,0.0009083787
95644,0.0011646015
95645,0.00066353806
95646,0.0007900753
95647,0.0021664123
95648,0.0031951591
95649,0.00345923
95650,0.0031557854
95651,0.003271952
95652,0.0033009103
95653,0.0029167347
95654,0.0024733245
95655,0.0019011282
95656,0.0018586777
95657,0.0014560556
95658,0.00081570324
95659,0.000641686
95660,0.00081823254
95661,0.0009317862
95662,0.0007963495
95663,0.0008183748
95664,0.0012940316
95665,0.0017275314
95666,0.0018026049
95667,0.0024381855
95668,0.0025188327
95669,0.0020959044
95670,0.002260555
95671,0.0021239885
95672,0.0011824823
95673,0.00094865623
95674,0.0010177166
95675,0.000992144
95676,0.00096541236
95677,0.0014209325
95678,0.0014483597
95679,0.0013977626
95680,0.001228143
95681,0.001298903
95682,0.0012980961
95683,0.0014434888
95684,0.0014914637
95685,0.0014145277
95686,0.0010769614
95687,0.0010547069
95688,0.0008639089
95689,0.0010273936
95690,0.0010503656
95691,0.0006735939
95692,0.00061774545
95693,0.0006997864
95694,0.0007720781
95695,0.00061505416
95696,0.00087777834
95697,0.0009384155
95698,0.0015265463
95699,0.0017043801
95700,0.0021070116
95701,0.0026097326
95702,0.0018936736
95703,0.0014455036
95704,0.001403705
95705,0.0014932189
95706,0.002215561
95707,0.0019656613
95708,0.0009287828
95709,0.0012608599
95710,0.0013268129
95711,0.0009503727
95712,0.0018893345
95713,0.0023795029
95714,0.0024564161
95715,0.0023599383
95716,0.0025637604
95717,0.0024311806
95718,0.0020813849
95719,0.0022514472
95720,0.002854811
95721,0.0029215303
95722,0.003250337
95723,0.00334527
95724,0.0026844954
95725,0.0023298652
95726,0.0025857796
95727,0.0019287586
95728,0.0024792245
95729,0.0020240482
95730,0.0013085469
95731,0.0013100139
95732,0.0011403329
95733,0.0013039793
95734,0.0015984811
95735,0.0013816579
95736,0.001271113
95737,0.0013106136
95738,0.0015134304
95739,0.0011576334
95740,0.0014142189
95741,0.0016074321
95742,0.0014477166
95743,0.0016881317
95744,0.002115008
95745,0.0040864507
95746,0.0039318483
95747,0.0020396041
95748,0.0025385828
95749,0.0033195934
95750,0.0033365586
95751,0.002770962
95752,0.002028874
95753,0.0016020639
95754,0.00085785746
95755,0.0008035531
95756,0.0008751551
95757,0.0006527927
95758,0.000943704
95759,0.001063473
95760,0.0011551921
95761,0.0007698509
95762,0.0005833868
95763,0.0008785406
95764,0.0013702571
95765,0.0016822598
95766,0.0016505962
95767,0.0018036702
95768,0.0016180433
95769,0.0014060459
95770,0.0013279968
95771,0.0013402351
95772,0.001624237
95773,0.0018945494
95774,0.0020113983
95775,0.0012479833
95776,0.0006144387
95777,0.0007536514
95778,0.0006420941
95779,0.002526689
95780,0.0054454054
95781,0.00736851
95782,0.0055263313
95783,0.0022111165
95784,0.0007596517
95785,0.0011147013
95786,0.0016537845
95787,0.0029265764
95788,0.0034251648
95789,0.0036019792
95790,0.0034701168
95791,0.003276503
95792,0.0030048485
95793,0.0027809537
95794,0.0024718768
95795,0.0019334157
95796,0.0023413168
95797,0.0022136816
95798,0.0015735615
95799,0.0016345611
95800,0.0018094376
95801,0.0017644697
95802,0.0023506708
95803,0.0020587917
95804,0.0013432069
95805,0.0014482392
95806,0.0015167728
95807,0.0014438919
95808,0.0022490933
95809,0.0036584677
95810,0.002799468
95811,0.0016908192
95812,0.0016565452
95813,0.00085707684
95814,0.00097193214
95815,0.0010363347
95816,0.00085148966
95817,0.0005378047
95818,0.0004208633
95819,0.0006423207
95820,0.0007340096
95821,0.0007806627
95822,0.0006561723
95823,0.0010233348
95824,0.0011114852
95825,0.0010647858
95826,0.0014025018
95827,0.0017079964
95828,0.0013967003
95829,0.00091396837
95830,0.00071866304
95831,0.001017259
95832,0.0014731648
95833,0.0017342404
95834,0.0019380164
95835,0.0019696255
95836,0.0021618532
95837,0.0018585995
95838,0.0019008219
95839,0.002016211
95840,0.0024186024
95841,0.0022993986
95842,0.0021521114
95843,0.0015727105
95844,0.0011788834
95845,0.0007947764
95846,0.0006970779
95847,0.0006244929
95848,0.0012154226
95849,0.0011509012
95850,0.0017703648
95851,0.0017981594
95852,0.001386767
95853,0.0012203455
95854,0.0012688442
95855,0.0011684437
95856,0.0011308503
95857,0.0008083919
95858,0.0011767831
95859,0.0011891336
95860,0.0013257377
95861,0.0012392307
95862,0.001450749
95863,0.0022334198
95864,0.0027251467
95865,0.0024838923
95866,0.0014369211
95867,0.0010049972
95868,0.0009365528
95869,0.0014151242
95870,0.0019919442
95871,0.0036772653
95872,0.0042702807
95873,0.0024367408
95874,0.0006257499
95875,0.0025045224
95876,0.0033512327
95877,0.0027992704
95878,0.0016977589
95879,0.00079206197
95880,0.0014184314
95881,0.0010946253
95882,0.00072671735
95883,0.00083860895
95884,0.001053934
95885,0.0013316736
95886,0.0010176881
95887,0.0009071924
95888,0.00096462824
95889,0.0013705544
95890,0.002053002
95891,0.0026332466
95892,0.0036658267
95893,0.0032537468
95894,0.0012880578
95895,0.0010625969
95896,0.0013873546
95897,0.001382858
95898,0.0011150929
95899,0.0012639952
95900,0.0012702656
95901,0.0012382439
95902,0.0011392349
95903,0.0010539616
95904,0.0
95905,0.0028258436
95906,0.0029895254
95907,0.00277366
95908,0.0025043946
95909,0.002217898
95910,0.0021107516
95911,0.0020193986
95912,0.0013286761
95913,0.00096923346
95914,0.00093187985
95915,0.00091870077
95916,0.00085162633
95917,0.00079206197
95918,0.000617227
95919,0.00045508554
95920,0.00058408483
95921,0.001329749
95922,0.0025293026
95923,0.0023296278
95924,0.0009089872
95925,0.0010719232
95926,0.0013735453
95927,0.0016599676
95928,0.00173689
95929,0.0016678212
95930,0.0013269883
95931,0.001350058
95932,0.0014389451
95933,0.0017341733
95934,0.0019259651
95935,0.0022370005
95936,0.0024206592
95937,0.002362687
95938,0.0025448347
95939,0.0029633986
95940,0.0033221787
95941,0.0023478833
95942,0.0014983944
95943,0.00079422694
95944,0.00074627803
95945,0.00049514713
95946,0.0011052357
95947,0.001461502
95948,0.0013394097
95949,0.001547846
95950,0.0014137662
95951,0.0011755953
95952,0.0010726831
95953,0.0020908578
95954,0.0022002438
95955,0.0016651492
95956,0.0013716794
95957,0.0009718124
95958,0.0007111725
95959,0.00097136304
95960,0.0013054962
95961,0.0012601903
95962,0.0009967097
95963,0.0014971314
95964,0.002091637
95965,0.0019503812
95966,0.0015248677
95967,0.0010731443
95968,0.0012127858
95969,0.0009979645
95970,0.00095492473
95971,0.001025494
95972,0.001001487
95973,0.0012467001
95974,0.0014306488
95975,0.0009723812
95976,0.0011158495
95977,0.0013356671
95978,0.0008779441
95979,0.0004512966
95980,0.0013920666
95981,0.0029261787
95982,0.003411346
95983,0.0032389543
95984,0.003036269
95985,0.0028693015
95986,0.0027712667
95987,0.002610357
95988,0.0020511013
95989,0.0020029594
95990,0.0016847147
95991,0.0010895886
95992,0.00092834403
95993,0.0010073401
95994,0.0013188485
95995,0.0017764698
95996,0.0018367044
95997,0.0016984958
95998,0.0018945647
95999,0.001802282
96000,0.002153639
96001,0.0023537145
96002,0.001846676
96003,0.0021866967
96004,0.002429468
96005,0.0014875362
96006,0.0012412254
96007,0.0013860953
96008,0.0013562738
96009,0.0011881787
96010,0.0014390057
96011,0.0013909163
96012,0.0016171797
96013,0.0014629749
96014,0.0015707106
96015,0.0015504387
96016,0.0016797495
96017,0.0016748563
96018,0.0016042787
96019,0.001326023
96020,0.0009774859
96021,0.0004780411
96022,0.0006308914
96023,0.00083540997
96024,0.0009499439
96025,0.00132712
96026,0.0016462529
96027,0.001644307
96028,0.0013104359
96029,0.0010131595
96030,0.000695866
96031,0.0013416458
96032,0.0014650425
96033,0.0021904337
96034,0.0027208393
96035,0.0019187435
96036,0.0014910928
96037,0.0017684404
96038,0.0019287586
96039,0.0018737271
96040,0.0013498855
96041,0.00096649706
96042,0.0017703812
96043,0.0016693039
96044,0.0010160566
96045,0.00096896314
96046,0.0010548448
96047,0.0014643867
96048,0.0017521216
96049,0.0020058344
96050,0.0013182304
96051,0.0016699663
96052,0.0019791774
96053,0.002546641
96054,0.0026087733
96055,0.002931356
96056,0.003321802
96057,0.0029915886
96058,0.0029796376
96059,0.003278998
96060,0.0029412578
96061,0.0032021196
96062,0.0023097417
96063,0.0011541587
96064,0.0010279034
96065,0.0010705375
96066,0.0018450993
96067,0.0021702375
96068,0.0016281207
96069,0.0011224807
96070,0.0012268152
96071,0.001565867
96072,0.0011652012
96073,0.00096339046
96074,0.0011422455
96075,0.0012059754
96076,0.0018668179
96077,0.0023799308
96078,0.003549276
96079,0.0041990723
96080,0.002688991
96081,0.001885927
96082,0.0025386172
96083,0.00301559
96084,0.0029967015
96085,0.0021817267
96086,0.0016145321
96087,0.0009594855
96088,0.00069515465
96089,0.00078267325
96090,0.00084820203
96091,0.0011516343
96092,0.0011939454
96093,0.0012409205
96094,0.0007441691
96095,0.00065935805
96096,0.000745029
96097,0.0008251747
96098,0.0011020184
96099,0.0010954227
96100,0.0011707827
96101,0.00078708585
96102,0.0008978407
96103,0.0010868876
96104,0.0011818914
96105,0.001519495
96106,0.0018631818
96107,0.0018457775
96108,0.0012312906
96109,0.00065243593
96110,0.0007531105
96111,0.0007667067
96112,0.0019367546
96113,0.0045004245
96114,0.006926335
96115,0.006409563
96116,0.0037712445
96117,0.0022438592
96118,0.0010842333
96119,0.0012110808
96120,0.0023566557
96121,0.002778577
96122,0.0029202846
96123,0.0029015883
96124,0.0031310092
96125,0.003196589
96126,0.0033832989
96127,0.0030414981
96128,0.0022751975
96129,0.0023401356
96130,0.0025791079
96131,0.0020322565
96132,0.0016156132
96133,0.0021819668
96134,0.0018102255
96135,0.0019785597
96136,0.0015774777
96137,0.0008398574
96138,0.0012741775
96139,0.0014899995
96140,0.0014340421
96141,0.0022171629
96142,0.0032037825
96143,0.00279289
96144,0.0019808677
96145,0.0017229937
96146,0.0013416676
96147,0.0010918301
96148,0.0007605324
96149,0.0007954719
96150,0.0007444819
96151,0.000670085
96152,0.0007631683
96153,0.0007958742
96154,0.0007185821
96155,0.00063690596
96156,0.0009120238
96157,0.0008467253
96158,0.00070891815
96159,0.001067979
96160,0.0015913644
96161,0.0011558218
96162,0.0008480648
96163,0.0013959915
96164,0.0019382417
96165,0.002099207
96166,0.0019074708
96167,0.0018045091
96168,0.0019913157
96169,0.0019632762
96170,0.001577699
96171,0.001393028
96172,0.0015074764
96173,0.0015591242
96174,0.0017308303
96175,0.0014875362
96176,0.0012282614
96177,0.0010489793
96178,0.0009712432
96179,0.0012193673
96180,0.00087572023
96181,0.0012707924
96182,0.0013786635
96183,0.0018625257
96184,0.0020144202
96185,0.0014151242
96186,0.0010868608
96187,0.0011634264
96188,0.0012523367
96189,0.001339931
96190,0.001044475
96191,0.00088062516
96192,0.0012171455
96193,0.0016445018
96194,0.0017659205
96195,0.0016041698
96196,0.0022053833
96197,0.003033795
96198,0.0028695145
96199,0.0020734135
96200,0.0014092505
96201,0.001632637
96202,0.0018603837
96203,0.0018464868
96204,0.0036237054
96205,0.0037277304
96206,0.0021514893
96207,0.00052565365
96208,0.0020247384
96209,0.0034576228
96210,0.0033514064
96211,0.0016695653
96212,0.0011672475
96213,0.0015573686
96214,0.0011897698
96215,0.00100682
96216,0.00119492
96217,0.0013377573
96218,0.0013885498
96219,0.0010981824
96220,0.0010381865
96221,0.0009879698
96222,0.0011504459
96223,0.0011325732
96224,0.0014328442
96225,0.003493513
96226,0.0035591351
96227,0.0020316835
96228,0.001881895
96229,0.0019068145
96230,0.0017717287
96231,0.0016197152
96232,0.0017703155
96233,0.001734039
96234,0.0016924535
96235,0.0015885271
96236,0.0015069358
96237,0.0
96238,0.0021288334
96239,0.0020799583
96240,0.0024453609
96241,0.0025044177
96242,0.0017776162
96243,0.0013753029
96244,0.0013105692
96245,0.0011517607
96246,0.0010059524
96247,0.0008694163
96248,0.0010782848
96249,0.0009622115
96250,0.0009637529
96251,0.00084669096
96252,0.00063622015
96253,0.0008609392
96254,0.0011206903
96255,0.00231017
96256,0.0022197606
96257,0.0012094696
96258,0.0012008968
96259,0.0012857963
96260,0.0011827284
96261,0.0011341397
96262,0.001324266
96263,0.0012915328
96264,0.0013012536
96265,0.0011844005
96266,0.00088638987
96267,0.0007155786
96268,0.0009946343
96269,0.0012784643
96270,0.0012588039
96271,0.0014647841
96272,0.0025405083
96273,0.0025490741
96274,0.0020149837
96275,0.0014682373
96276,0.0006599316
96277,0.0007157006
96278,0.00061163766
96279,0.0006888038
96280,0.0008132376
96281,0.0014112318
96282,0.001982395
96283,0.0016314243
96284,0.0011033381
96285,0.00093322183
96286,0.002113535
96287,0.0022441447
96288,0.0014808299
96289,0.0012657669
96290,0.0010627887
96291,0.0007578873
96292,0.00082443363
96293,0.0013269664
96294,0.0017418761
96295,0.0016650618
96296,0.0010145947
96297,0.001508152
96298,0.0018709447
96299,0.0017409904
96300,0.0015999916
96301,0.0014465099
96302,0.0010808189
96303,0.001112035
96304,0.0010740659
96305,0.0011121659
96306,0.0016250969
96307,0.0016843692
96308,0.0012005331
96309,0.0011309789
96310,0.0013801404
96311,0.0008346432
96312,0.0008368719
96313,0.0012101432
96314,0.0024546504
96315,0.0030702793
96316,0.003790074
96317,0.004162609
96318,0.0043688393
96319,0.003998982
96320,0.0034869504
96321,0.0026060385
96322,0.002151381
96323,0.0014478975
96324,0.0011037074
96325,0.0009629372
96326,0.0009460757
96327,0.0011551165
96328,0.002868571
96329,0.002961994
96330,0.0020482757
96331,0.0019894734
96332,0.0020532429
96333,0.0025533522
96334,0.0029359194
96335,0.0022540567
96336,0.0024349603
96337,0.0030352336
96338,0.0020397326
96339,0.0013894298
96340,0.0014892375
96341,0.0013675145
96342,0.0010382145
96343,0.0011094934
96344,0.0013407562
96345,0.001349864
96346,0.0012606753
96347,0.0011786366
96348,0.0012585495
96349,0.0014048241
96350,0.0012972214
96351,0.0012220852
96352,0.0011711804
96353,0.0011537551
96354,0.001110909
96355,0.0008870791
96356,0.0010078601
96357,0.0013266593
96358,0.0019071045
96359,0.0021895298
96360,0.002381459
96361,0.0019009138
96362,0.0014412085
96363,0.0010800378
96364,0.0008924109
96365,0.0010424947
96366,0.0021648803
96367,0.0030404741
96368,0.0022675479
96369,0.0011772282
96370,0.0015873725
96371,0.0016956147
96372,0.0012838256
96373,0.0009806963
96374,0.0007738478
96375,0.0016441832
96376,0.0017151551
96377,0.0011951879
96378,0.0006983293
96379,0.0003627775
96380,0.0009102031
96381,0.0012486827
96382,0.0012281666
96383,0.0011591408
96384,0.0013228147
96385,0.0016381893
96386,0.0020510305
96387,0.0025848676
96388,0.0032327212
96389,0.0032463588
96390,0.0021735474
96391,0.0025915809
96392,0.0031059508
96393,0.003741516
96394,0.004246976
96395,0.002466266
96396,0.0011966481
96397,0.0007327
96398,0.00077309523
96399,0.00178505
96400,0.0022251166
96401,0.0019165428
96402,0.0012982531
96403,0.001058618
96404,0.0012587113
96405,0.00096541236
96406,0.0007524533
96407,0.0010689051
96408,0.0013111909
96409,0.0021446336
96410,0.0030663807
96411,0.003474894
96412,0.004494167
96413,0.0034827245
96414,0.0018887644
96415,0.0014622984
96416,0.0017827987
96417,0.0015722477
96418,0.0014355837
96419,0.0009929064
96420,0.0007477196
96421,0.000537534
96422,0.00063818414
96423,0.00063480047
96424,0.0010622682
96425,0.001244457
96426,0.0012403575
96427,0.0008192634
96428,0.0008573824
96429,0.0009594855
96430,0.0008496419
96431,0.0007130117
96432,0.0005833369
96433,0.00048180093
96434,0.00041276365
96435,0.0007269576
96436,0.001076583
96437,0.0013276243
96438,0.0019119665
96439,0.0018324052
96440,0.0014497255
96441,0.0012657209
96442,0.00092227355
96443,0.0011385194
96444,0.0011085224
96445,0.001711775
96446,0.0035825025
96447,0.0062041613
96448,0.006943365
96449,0.0053726323
96450,0.004330997
96451,0.0034006138
96452,0.0014786074
96453,0.0014533546
96454,0.0017427615
96455,0.0021834734
96456,0.0025538993
96457,0.0028590385
96458,0.002771109
96459,0.0031249425
96460,0.0032466906
96461,0.0028543419
96462,0.0025826148
96463,0.0027535984
96464,0.0023078509
96465,0.0019698027
96466,0.0022942289
96467,0.0020138568
96468,0.0020961962
96469,0.0015215048
96470,0.001340018
96471,0.001820646
96472,0.0018790627
96473,0.0015756132
96474,0.001966431
96475,0.0024722416
96476,0.0026084608
96477,0.0028590385
96478,0.002423507
96479,0.0013714673
96480,0.0008826718
96481,0.0006550625
96482,0.000811769
96483,0.00063434185
96484,0.0006049393
96485,0.0009193658
96486,0.000831394
96487,0.0008660959
96488,0.0008246101
96489,0.0007541532
96490,0.00085452624
96491,0.000807239
96492,0.001137087
96493,0.0014881622
96494,0.0012408736
96495,0.0011975477
96496,0.0014766377
96497,0.00164832
96498,0.001549913
96499,0.0014170972
96500,0.0017090695
96501,0.0019957249
96502,0.0017572634
96503,0.0013447443
96504,0.0011874682
96505,0.0011429586
96506,0.0009935803
96507,0.0007956548
96508,0.00056899124
96509,0.00082047033
96510,0.0012520113
96511,0.0016625255
96512,0.0021135213
96513,0.0020008078
96514,0.0017295519
96515,0.0013045372
96516,0.0016504199
96517,0.0021011885
96518,0.001984244
96519,0.0012411316
96520,0.0007700777
96521,0.0007085896
96522,0.0006231399
96523,0.00053974934
96524,0.00049172615
96525,0.0012573001
96526,0.001670036
96527,0.0016769056
96528,0.001092656
96529,0.0011299748
96530,0.0017773706
96531,0.0018999184
96532,0.0016192839
96533,0.0014360296
96534,0.0018631194
96535,0.003065023
96536,0.0033733572
96537,0.0036720142
96538,0.0028980856
96539,0.00049643853
96540,0.00073289854
96541,0.0013538683
96542,0.003395655
96543,0.0035339666
96544,0.0018452728
96545,0.0012400055
96546,0.0012510114
96547,0.0008738238
96548,0.0010317187
96549,0.0010771236
96550,0.0012815567
96551,0.0011505724
96552,0.0005520119
96553,0.00086512085
96554,0.0010025036
96555,0.001072276
96556,0.0006825644
96557,0.001041601
96558,0.0027939214
96559,0.0030381663
96560,0.0021034726
96561,0.0016184569
96562,0.0017504764
96563,0.0018421157
96564,0.0018827918
96565,0.0018902431
96566,0.0016381005
96567,0.0017574787
96568,0.0016623504
96569,0.0015147951
96570,0.0
96571,0.0019539741
96572,0.001553027
96573,0.001711826
96574,0.0018830082
96575,0.0010287525
96576,0.00049296755
96577,0.00080406
96578,0.0012521507
96579,0.0013562524
96580,0.0011761151
96581,0.0012526852
96582,0.00094070775
96583,0.00089654315
96584,0.00086867955
96585,0.0012176953
96586,0.0015968233
96587,0.0015380942
96588,0.0016590907
96589,0.0012084104
96590,0.0007633971
96591,0.0009880876
96592,0.0010714886
96593,0.00097061374
96594,0.000937112
96595,0.0013119231
96596,0.0010742286
96597,0.0010886267
96598,0.0013766777
96599,0.0014386417
96600,0.0011768573
96601,0.0012031969
96602,0.0007562343
96603,0.000480894
96604,0.0007579641
96605,0.0021510157
96606,0.0025281515
96607,0.0020962516
96608,0.0017034919
96609,0.0012679952
96610,0.00075183413
96611,0.0007400119
96612,0.00052675983
96613,0.0011220399
96614,0.0019574563
96615,0.002052392
96616,0.001572914
96617,0.0010416848
96618,0.001440542
96619,0.0021327536
96620,0.0018614942
96621,0.0010945988
96622,0.0011053147
96623,0.0010271387
96624,0.0009869972
96625,0.0014354418
96626,0.0013948235
96627,0.0016970388
96628,0.0018089712
96629,0.0011659253
96630,0.0011900633
96631,0.0013790645
96632,0.0013963042
96633,0.0014438112
96634,0.0012233229
96635,0.0010132169
96636,0.0012357029
96637,0.0013203041
96638,0.0016146041
96639,0.0019481118
96640,0.0020685792
96641,0.0014238788
96642,0.0012404514
96643,0.0016603358
96644,0.0013185174
96645,0.0011312877
96646,0.001265307
96647,0.0018845376
96648,0.0021430452
96649,0.0031002483
96650,0.0034701
96651,0.0036761016
96652,0.0038639326
96653,0.0035152554
96654,0.0031713422
96655,0.0017461482
96656,0.0007995227
96657,0.00072499324
96658,0.00094515237
96659,0.0006160943
96660,0.00086448144
96661,0.0037892908
96662,0.004126487
96663,0.0036099777
96664,0.0036591757
96665,0.0032649976
96666,0.0027681773
96667,0.0030055263
96668,0.0029833566
96669,0.0030379363
96670,0.0034505113
96671,0.0027761771
96672,0.0016014461
96673,0.0013238264
96674,0.001095157
96675,0.0007473692
96676,0.0007496244
96677,0.0010149962
96678,0.0006599316
96679,0.0007954719
96680,0.0008765175
96681,0.0011661749
96682,0.0013757683
96683,0.0012700135
96684,0.0011923355
96685,0.0013130762
96686,0.0012597746
96687,0.0013523196
96688,0.0012941216
96689,0.0012193195
96690,0.0010834009
96691,0.0012750907
96692,0.0014681778
96693,0.0018849546
96694,0.0017808713
96695,0.0013976792
96696,0.0011508
96697,0.00077362213
96698,0.00092658674
96699,0.0019352362
96700,0.0030013013
96701,0.0024906788
96702,0.001543817
96703,0.0017796452
96704,0.0015346466
96705,0.0016086809
96706,0.0016992838
96707,0.0015001609
96708,0.0016527283
96709,0.0016636105
96710,0.0011394648
96711,0.0006941491
96712,0.00055569026
96713,0.0010037222
96714,0.0011176998
96715,0.001009937
96716,0.0014395113
96717,0.0014053626
96718,0.0015352344
96719,0.00185802
96720,0.0018949027
96721,0.0027334855
96722,0.0030019511
96723,0.0019350105
96724,0.0022314512
96725,0.0029394366
96726,0.0036950852
96727,0.0038580378
96728,0.0026533736
96729,0.0023390285
96730,0.002094043
96731,0.0015137573
96732,0.0017243107
96733,0.0019141876
96734,0.0017085245
96735,0.0012838483
96736,0.0013796764
96737,0.001339931
96738,0.00106246
96739,0.00041297512
96740,0.00077741244
96741,0.0011928967
96742,0.0023010562
96743,0.003928012
96744,0.003790957
96745,0.0043203398
96746,0.0036595971
96747,0.0012275978
96748,0.0011435951
96749,0.0010298552
96750,0.00076932146
96751,0.0006099223
96752,0.0005975818
96753,0.00048637015
96754,0.00058048614
96755,0.0006357168
96756,0.0006342959
96757,0.0010453385
96758,0.001290586
96759,0.0011689168
96760,0.0008671706
96761,0.0010633635
96762,0.0010074846
96763,0.0007729823
96764,0.00046244453
96765,0.00046388977
96766,0.00054114946
96767,0.0006007876
96768,0.0006881274
96769,0.0009829492
96770,0.0014040159
96771,0.0021223708
96772,0.002296828
96773,0.00202652
96774,0.0013451555
96775,0.0009937561
96776,0.0011601949
96777,0.0010318033
96778,0.0014989576
96779,0.0024561912
96780,0.0046817823
96781,0.0058687455
96782,0.0053325756
96783,0.0053073503
96784,0.0046214676
96785,0.0040398994
96786,0.003061156
96787,0.0025630451
96788,0.0014603068
96789,0.0014308726
96790,0.0019438494
96791,0.0022751847
96792,0.0029845661
96793,0.0031899447
96794,0.0027852724
96795,0.002590626
96796,0.0027108733
96797,0.0021650281
96798,0.0021753141
96799,0.0024319824
96800,0.0024564755
96801,0.0022207042
96802,0.0016299787
96803,0.0017868263
96804,0.0019669195
96805,0.0018427317
96806,0.001559852
96807,0.0014097667
96808,0.001513488
96809,0.0024695208
96810,0.0035513008
96811,0.00294463
96812,0.0016768014
96813,0.0012643406
96814,0.00086797564
96815,0.0008883905
96816,0.0007175282
96817,0.00084279774
96818,0.0009247632
96819,0.00087412354
96820,0.0011627257
96821,0.001013102
96822,0.00086323486
96823,0.00091326755
96824,0.0008147393
96825,0.0011205605
96826,0.0015469621
96827,0.0011803637
96828,0.0013020585
96829,0.0013384533
96830,0.0013464098
96831,0.0011381359
96832,0.0009909993
96833,0.0017790073
96834,0.002134336
96835,0.0018441527
96836,0.001178266
96837,0.0011236469
96838,0.0013372351
96839,0.0015175209
96840,0.0012435445
96841,0.00064719573
96842,0.0007391462
96843,0.0009841032
96844,0.0016630855
96845,0.0019639875
96846,0.002206254
96847,0.0018000036
96848,0.0013378661
96849,0.0015951821
96850,0.0023781937
96851,0.0022205077
96852,0.0010437502
96853,0.00073095015
96854,0.0006766546
96855,0.00096066773
96856,0.00083676755
96857,0.0008251747
96858,0.0013272954
96859,0.0015976615
96860,0.0016934335
96861,0.001179303
96862,0.0012101432
96863,0.0015007816
96864,0.0015582093
96865,0.0014291427
96866,0.0013516953
96867,0.0020027414
96868,0.004273728
96869,0.0042620804
96870,0.0030204598
96871,0.0021095655
96872,0.00065042544
96873,0.0008413116
96874,0.0012760719
96875,0.0030885858
96876,0.0034954452
96877,0.0024958616
96878,0.00092937803
96879,0.0008712889
96880,0.00068192446
96881,0.0010894819
96882,0.0008975165
96883,0.0011073928
96884,0.0010645671
96885,0.0009629674
96886,0.0012266965
96887,0.0011541587
96888,0.0009800135
96889,0.00069456827
96890,0.0011516595
96891,0.0022673553
96892,0.0024523966
96893,0.0017355322
96894,0.0011850884
96895,0.0013974918
96896,0.0013813418
96897,0.0015579291
96898,0.0016060736
96899,0.001468376
96900,0.0014337173
96901,0.0013864313
96902,0.0014287352
96903,0.0
96904,0.0020175674
96905,0.001887115
96906,0.001927098
96907,0.0017825211
96908,0.0010318033
96909,0.00052432314
96910,0.0004857115
96911,0.00081431057
96912,0.0012629586
96913,0.0015589562
96914,0.001604333
96915,0.0014296109
96916,0.0011098081
96917,0.0011904789
96918,0.001776912
96919,0.0018467548
96920,0.0013733546
96921,0.0011114852
96922,0.000944906
96923,0.001037289
96924,0.001366237
96925,0.001463154
96926,0.001390079
96927,0.0013540618
96928,0.0014718998
96929,0.0013421664
96930,0.002163105
96931,0.0023831571
96932,0.0018919975
96933,0.0016843865
96934,0.0018445945
96935,0.001688804
96936,0.0014318485
96937,0.0014346102
96938,0.0021579862
96939,0.0027013337
96940,0.0023853788
96941,0.0017829619
96942,0.0015933566
96943,0.0006838849
96944,0.00061035156
96945,0.0010540168
96946,0.0019421567
96947,0.0024633494
96948,0.0019379263
96949,0.0012693717
96950,0.0012841655
96951,0.0018839043
96952,0.0020721075
96953,0.001548504
96954,0.00088773505
96955,0.00093053596
96956,0.0013380835
96957,0.0016169098
96958,0.0016970902
96959,0.0012776218
96960,0.001512661
96961,0.001515333
96962,0.0013671312
96963,0.0012675591
96964,0.0010397552
96965,0.0007468628
96966,0.0008978407
96967,0.001021513
96968,0.0008361413
96969,0.00071846053
96970,0.001029403
96971,0.0014144658
96972,0.0016470837
96973,0.001651178
96974,0.00092243135
96975,0.0012666862
96976,0.0017903086
96977,0.0016317632
96978,0.001022965
96979,0.0009275913
96980,0.0012627281
96981,0.0015539074
96982,0.0014536349
96983,0.0014852062
96984,0.0014734414
96985,0.0022437426
96986,0.0024387105
96987,0.0027211923
96988,0.0015829661
96989,0.00066498393
96990,0.0008890455
96991,0.00084179576
96992,0.00068605185
96993,0.0016645024
96994,0.0046518603
96995,0.0059898524
96996,0.0050072083
96997,0.0046137404
96998,0.0035568937
96999,0.0028226182
97000,0.0028343175
97001,0.0033793827
97002,0.0033844428
97003,0.003737648
97004,0.0031390393
97005,0.0018429371
97006,0.0015727845
97007,0.0010974666
97008,0.00077302
97009,0.0007563497
97010,0.0008102618
97011,0.0003973882
97012,0.00078908005
97013,0.0007911796
97014,0.00087698223
97015,0.001222728
97016,0.0009759365
97017,0.00074475555
97018,0.000884944
97019,0.0006770846
97020,0.001030985
97021,0.0013303617
97022,0.0016101638
97023,0.0015132189
97024,0.0013516092
97025,0.0012969971
97026,0.0015511706
97027,0.0017035945
97028,0.0013876483
97029,0.0010595523
97030,0.00064912654
97031,0.00076674466
97032,0.0015614372
97033,0.0029152473
97034,0.0028621315
97035,0.0026330918
97036,0.0024712172
97037,0.001853519
97038,0.0018385733
97039,0.0017346934
97040,0.0016598273
97041,0.0014953224
97042,0.0014381763
97043,0.00081173313
97044,0.00055053364
97045,0.0006463858
97046,0.0010558928
97047,0.0011541083
97048,0.001294459
97049,0.0014288167
97050,0.0012369975
97051,0.0012682936
97052,0.0016100915
97053,0.0016655512
97054,0.0023436279
97055,0.0028769292
97056,0.0021183353
97057,0.0023626622
97058,0.0031117082
97059,0.0033640093
97060,0.0033325872
97061,0.0026640573
97062,0.0028980053
97063,0.0030706204
97064,0.0022098394
97065,0.001893735
97066,0.0016068888
97067,0.0011425002
97068,0.0007424071
97069,0.0009344373
97070,0.00096078886
97071,0.0010348171
97072,0.0009908231
97073,0.0011161102
97074,0.0016712554
97075,0.0025560977
97076,0.004484222
97077,0.004216695
97078,0.003284718
97079,0.0028495356
97080,0.0017106695
97081,0.0016782414
97082,0.0014409259
97083,0.0010277053
97084,0.0010204298
97085,0.00082932605
97086,0.0007353565
97087,0.0008355493
97088,0.00094200624
97089,0.0011548646
97090,0.0011922378
97091,0.0013714673
97092,0.0012135775
97093,0.0008559895
97094,0.0010480356
97095,0.0011988593
97096,0.0010120098
97097,0.00073567306
97098,0.00078397366
97099,0.0007490807
97100,0.0006779008
97101,0.00069015456
97102,0.000686815
97103,0.0008437641
97104,0.0017382969
97105,0.0021177859
97106,0.002160493
97107,0.001452954
97108,0.0011539065
97109,0.0010405947
97110,0.0009312238
97111,0.0008858972
97112,0.0013720613
97113,0.0030673298
97114,0.0044226013
97115,0.004353758
97116,0.0049673687
97117,0.0049819187
97118,0.005012907
97119,0.004164706
97120,0.0037865785
97121,0.0031332762
97122,0.002372754
97123,0.0023429075
97124,0.0022674967
97125,0.002619039
97126,0.0030531213
97127,0.002416616
97128,0.0024098624
97129,0.002362194
97130,0.0018961463
97131,0.0023273905
97132,0.0024898257
97133,0.0023316382
97134,0.0018746433
97135,0.001340322
97136,0.0018095342
97137,0.0018430792
97138,0.0017408399
97139,0.001206289
97140,0.0010377099
97141,0.0010510305
97142,0.0018613377
97143,0.0035826324
97144,0.00371986
97145,0.0030791294
97146,0.0016863205
97147,0.0015193609
97148,0.0015988634
97149,0.0016076494
97150,0.0018013774
97151,0.0017218109
97152,0.0013281503
97153,0.0012237749
97154,0.0007959839
97155,0.00072451134
97156,0.0008876367
97157,0.00083244353
97158,0.0009903824
97159,0.0014284501
97160,0.0012264593
97161,0.0012666862
97162,0.0011103849
97163,0.0011946765
97164,0.0012757981
97165,0.0006823938
97166,0.0013986576
97167,0.0018220361
97168,0.001660178
97169,0.0012148478
97170,0.0010816803
97171,0.0012518951
97172,0.0016339911
97173,0.00128799
97174,0.0006498435
97175,0.00086175016
97176,0.0008975165
97177,0.0012015752
97178,0.0010528564
97179,0.0014895111
97180,0.0016823983
97181,0.001903576
97182,0.0022019232
97183,0.0025964165
97184,0.0020587777
97185,0.00094008876
97186,0.0007779364
97187,0.0010633909
97188,0.0012785099
97189,0.0011672475
97190,0.0013272954
97191,0.001802072
97192,0.002106625
97193,0.0018713957
97194,0.0014498058
97195,0.0014446173
97196,0.0018217486
97197,0.0019163302
97198,0.0019105655
97199,0.002026362
97200,0.002320929
97201,0.0046645496
97202,0.004516234
97203,0.0017182744
97204,0.0011696138
97205,0.000988176
97206,0.00081019
97207,0.0015324642
97208,0.002302839
97209,0.0028210816
97210,0.0028318109
97211,0.0010626791
97212,0.0009900297
97213,0.0013850031
97214,0.00157969
97215,0.0014853434
97216,0.0016154872
97217,0.0013182525
97218,0.0011964048
97219,0.001382837
97220,0.0011936284
97221,0.0011005385
97222,0.0010967238
97223,0.0012693946
97224,0.0017437632
97225,0.0023073463
97226,0.0020343892
97227,0.001449846
97228,0.0011938723
97229,0.00066546514
97230,0.0009971767
97231,0.0011992719
97232,0.0012301556
97233,0.0012382674
97234,0.0016310853
97235,0.0016721085
97236,0.0
97237,0.0023733182
97238,0.0021463835
97239,0.0018178944
97240,0.0015397207
97241,0.0008660287
97242,0.00083492213
97243,0.00067536306
97244,0.00055725925
97245,0.0009472747
97246,0.0012007756
97247,0.0013115903
97248,0.0016069976
97249,0.0019462883
97250,0.0016341871
97251,0.0016635229
97252,0.0012047198
97253,0.0006637573
97254,0.0007433474
97255,0.00093144254
97256,0.0008964782
97257,0.001157734
97258,0.0010925495
97259,0.0008721903
97260,0.0013474469
97261,0.0015450795
97262,0.0014958867
97263,0.0025879845
97264,0.002819389
97265,0.0015614372
97266,0.0011776731
97267,0.0015417985
97268,0.0015081135
97269,0.0015233018
97270,0.0017882754
97271,0.0020167162
97272,0.0025417565
97273,0.002604318
97274,0.0018952251
97275,0.0015769056
97276,0.00081538205
97277,0.0009974977
97278,0.0016473134
97279,0.0023783895
97280,0.0023027
97281,0.0011026785
97282,0.00097823
97283,0.0013780511
97284,0.0016956147
97285,0.001543289
97286,0.0009748921
97287,0.00077812345
97288,0.0011494335
97289,0.0017243951
97290,0.0020198885
97291,0.0014577735
97292,0.00074236793
97293,0.0010757988
97294,0.0011948226
97295,0.0014157615
97296,0.0014517317
97297,0.001529803
97298,0.0012936493
97299,0.0015469621
97300,0.001704602
97301,0.0012677887
97302,0.0010461456
97303,0.0012526852
97304,0.001225011
97305,0.0010522205
97306,0.00093677035
97307,0.00073011353
97308,0.0006630115
97309,0.0011562749
97310,0.0013928609
97311,0.0010232779
97312,0.0009342504
97313,0.0007468628
97314,0.00065803254
97315,0.00072511367
97316,0.001162976
97317,0.0013201277
97318,0.0011378801
97319,0.0017219629
97320,0.0024407385
97321,0.0016071424
97322,0.0009361177
97323,0.0007402872
97324,0.000742015
97325,0.0016475783
97326,0.0026671365
97327,0.0048265494
97328,0.0067420453
97329,0.005138815
97330,0.0032405173
97331,0.0025565417
97332,0.0027830459
97333,0.002999507
97334,0.0033642084
97335,0.0039382237
97336,0.0041438853
97337,0.0031501825
97338,0.00207734
97339,0.0016435812
97340,0.000853538
97341,0.00074627803
97342,0.0008359324
97343,0.00090249645
97344,0.0006433168
97345,0.00078686397
97346,0.00053373055
97347,0.0004486447
97348,0.0010359414
97349,0.001041042
97350,0.0009817937
97351,0.001112846
97352,0.00062187755
97353,0.0008423833
97354,0.0013571103
97355,0.0018772187
97356,0.002167715
97357,0.0020389904
97358,0.0015488798
97359,0.0013617774
97360,0.0016379938
97361,0.0017602751
97362,0.0012922087
97363,0.0009111299
97364,0.0010314083
97365,0.0016143157
97366,0.0021711895
97367,0.0017697564
97368,0.001987893
97369,0.002004325
97370,0.0017387656
97371,0.0014005499
97372,0.0010736323
97373,0.0010317187
97374,0.00091396837
97375,0.0010044468
97376,0.00068677263
97377,0.0005789801
97378,0.00064218475
97379,0.00066865014
97380,0.001103971
97381,0.0011384172
97382,0.0010921232
97383,0.0011409197
97384,0.0018673012
97385,0.0017828313
97386,0.0014847751
97387,0.0016434927
97388,0.0023795762
97389,0.002475806
97390,0.0030271588
97391,0.0034464772
97392,0.0025992396
97393,0.0018617755
97394,0.00130848
97395,0.0017660359
97396,0.0024228825
97397,0.0020710118
97398,0.0018812608
97399,0.0014139514
97400,0.0010673248
97401,0.0009096593
97402,0.00081773446
97403,0.0011432387
97404,0.0013497777
97405,0.0010997978
97406,0.0009903531
97407,0.0019697435
97408,0.002772747
97409,0.00429196
97410,0.0039363094
97411,0.0019363487
97412,0.002293696
97413,0.0024692263
97414,0.002515422
97415,0.001863338
97416,0.0013513939
97417,0.0011960643
97418,0.0009434264
97419,0.0015243713
97420,0.0012385729
97421,0.0012503132
97422,0.0015547688
97423,0.0016896827
97424,0.0021529363
97425,0.0023070562
97426,0.0015902484
97427,0.001547658
97428,0.0012734692
97429,0.0008905174
97430,0.00077302
97431,0.00086384156
97432,0.0004517478
97433,0.0005238234
97434,0.00069695263
97435,0.0008189436
97436,0.00057261134
97437,0.0009669787
97438,0.0018560609
97439,0.0022227478
97440,0.0017014405
97441,0.0012893225
97442,0.0009839553
97443,0.00076438766
97444,0.0010187741
97445,0.0013347734
97446,0.0020957796
97447,0.0028735586
97448,0.0038425724
97449,0.004074004
97450,0.004575856
97451,0.004402815
97452,0.004381684
97453,0.0044891126
97454,0.0045494805
97455,0.0038986653
97456,0.0030094746
97457,0.0028543319
97458,0.0028764133
97459,0.003109416
97460,0.0023572235
97461,0.001984024
97462,0.0020717985
97463,0.0014624377
97464,0.001910596
97465,0.0027518012
97466,0.002465546
97467,0.0014500266
97468,0.001230676
97469,0.0015903399
97470,0.0014895111
97471,0.0012289247
97472,0.00075850147
97473,0.0010146234
97474,0.0009507401
97475,0.0017732558
97476,0.0031792156
97477,0.0037716844
97478,0.0032029103
97479,0.0019816903
97480,0.002554093
97481,0.0025509347
97482,0.0018564216
97483,0.002127466
97484,0.002013741
97485,0.0013518245
97486,0.0010718417
97487,0.000853538
97488,0.00059942965
97489,0.00042962367
97490,0.0006401876
97491,0.0009883821
97492,0.0013929862
97493,0.0014569347
97494,0.0014914442
97495,0.0011407923
97496,0.0014030827
97497,0.0016823983
97498,0.001337518
97499,0.0015606355
97500,0.0015266988
97501,0.0014020453
97502,0.0010407345
97503,0.0011824577
97504,0.001445141
97505,0.0015262222
97506,0.0011422455
97507,0.0009786761
97508,0.0011687176
97509,0.0010649498
97510,0.0011623502
97511,0.0009353401
97512,0.0010493122
97513,0.0014371844
97514,0.0020571372
97515,0.002260774
97516,0.0021019087
97517,0.0010891613
97518,0.00069044967
97519,0.0007427207
97520,0.00081737846
97521,0.0013507692
97522,0.0012292089
97523,0.0011927015
97524,0.0017152738
97525,0.0022186458
97526,0.002468896
97527,0.002210603
97528,0.0018772497
97529,0.0015725994
97530,0.0017239731
97531,0.0018536916
97532,0.0019244684
97533,0.0023720178
97534,0.0038409587
97535,0.0035400966
97536,0.0013372133
97537,0.0012551687
97538,0.001226032
97539,0.0011609723
97540,0.0020400607
97541,0.0021870162
97542,0.0026198279
97543,0.0028441683
97544,0.0010445586
97545,0.000787862
97546,0.0012051787
97547,0.0011381614
97548,0.001233888
97549,0.0012469335
97550,0.001294459
97551,0.0016359849
97552,0.0018748606
97553,0.0015528958
97554,0.0016073778
97555,0.0016194457
97556,0.0017014577
97557,0.0016503494
97558,0.00202058
97559,0.0017439801
97560,0.0010319444
97561,0.00062936725
97562,0.00063126034
97563,0.00066472124
97564,0.00072903646
97565,0.00071476476
97566,0.000998839
97567,0.0015665732
97568,0.0015871341
97569,0.0
97570,0.003085484
97571,0.0024794359
97572,0.0013286322
97573,0.0009778432
97574,0.00084717205
97575,0.0010008183
97576,0.00095763337
97577,0.0009090192
97578,0.0011566776
97579,0.00118098
97580,0.0010314083
97581,0.0015837381
97582,0.0023093258
97583,0.002134813
97584,0.0017062916
97585,0.00074366055
97586,0.00066494016
97587,0.0006713
97588,0.00067303196
97589,0.00069108163
97590,0.00096950366
97591,0.00079261296
97592,0.000473084
97593,0.0010904698
97594,0.0013801826
97595,0.00125811
97596,0.0026698958
97597,0.003029571
97598,0.0014594694
97599,0.00078181754
97600,0.00094185176
97601,0.0011944815
97602,0.0013611362
97603,0.0021178408
97604,0.0023937947
97605,0.002479612
97606,0.0029881233
97607,0.0022552444
97608,0.0016762285
97609,0.0018044284
97610,0.0021481183
97611,0.0022427305
97612,0.0019793978
97613,0.0013402785
97614,0.0006195801
97615,0.0013118788
97616,0.0014374679
97617,0.0010802264
97618,0.0009646886
97619,0.0009888532
97620,0.0009998291
97621,0.0010815457
97622,0.0018628538
97623,0.0023848296
97624,0.0016575463
97625,0.0006273293
97626,0.00077192736
97627,0.0010594149
97628,0.0011385194
97629,0.0012625437
97630,0.0016091332
97631,0.0015486355
97632,0.0017886985
97633,0.0014811247
97634,0.0010144226
97635,0.0011119564
97636,0.0013680677
97637,0.0013188265
97638,0.0008612434
97639,0.00051564776
97640,0.0004328631
97641,0.0006191572
97642,0.0007904804
97643,0.0011807828
97644,0.0009129169
97645,0.00083982275
97646,0.00046426605
97647,0.0005311067
97648,0.0006827349
97649,0.00079944986
97650,0.00064077834
97651,0.0011651012
97652,0.0019754828
97653,0.0022355558
97654,0.0014557757
97655,0.0011279125
97656,0.0012202978
97657,0.0016193917
97658,0.00215634
97659,0.0031135129
97660,0.0049504954
97661,0.006642215
97662,0.00450945
97663,0.0013719553
97664,0.0019931565
97665,0.0026270943
97666,0.0036313513
97667,0.003858973
97668,0.0038603153
97669,0.0040680417
97670,0.0032791668
97671,0.0022338757
97672,0.0018546649
97673,0.000801377
97674,0.0006764395
97675,0.0009728899
97676,0.0009862006
97677,0.0006949034
97678,0.00082538626
97679,0.00071121345
97680,0.0005942118
97681,0.0009352157
97682,0.001245205
97683,0.0013144276
97684,0.0010906833
97685,0.00071991736
97686,0.0011637765
97687,0.0014924975
97688,0.0016274413
97689,0.002039975
97690,0.0021088617
97691,0.0020281996
97692,0.0017111629
97693,0.0014941541
97694,0.0016785709
97695,0.0012475635
97696,0.0008387478
97697,0.00066353806
97698,0.0013579036
97699,0.0014908977
97700,0.00093187985
97701,0.0009593641
97702,0.0011974261
97703,0.0009008826
97704,0.0013411469
97705,0.0013430335
97706,0.0012418348
97707,0.00035285435
97708,0.00045019892
97709,0.00066063687
97710,0.0006885925
97711,0.0008943004
97712,0.0011916518
97713,0.0013992401
97714,0.0012604212
97715,0.0011619244
97716,0.0013109023
97717,0.002000255
97718,0.0014810658
97719,0.0012384554
97720,0.0012744971
97721,0.0020156046
97722,0.0026990054
97723,0.0031112032
97724,0.0032480888
97725,0.0027929107
97726,0.0017991465
97727,0.0008334568
97728,0.0008480648
97729,0.0012935143
97730,0.0013565097
97731,0.0013628243
97732,0.0010708093
97733,0.0009991594
97734,0.00094413565
97735,0.0011246825
97736,0.0016263142
97737,0.0016298358
97738,0.0011560988
97739,0.00093810534
97740,0.0016645548
97741,0.0027404716
97742,0.003867373
97743,0.0033513196
97744,0.0013852342
97745,0.0015076696
97746,0.002144742
97747,0.0022346182
97748,0.0020580706
97749,0.0015230343
97750,0.0013225947
97751,0.0012815794
97752,0.0023305146
97753,0.0023964073
97754,0.001839855
97755,0.002194164
97756,0.0019645505
97757,0.0025253757
97758,0.0028378272
97759,0.0021314295
97760,0.0011374708
97761,0.0008186237
97762,0.00091262994
97763,0.0011573568
97764,0.0010246137
97765,0.00060064223
97766,0.00081162556
97767,0.0014847162
97768,0.0020646078
97769,0.0021349632
97770,0.001988654
97771,0.0015816233
97772,0.0020249395
97773,0.0016696525
97774,0.0011264408
97775,0.00076095323
97776,0.00076666876
97777,0.0010811689
97778,0.0013141176
97779,0.0017437965
97780,0.0021892907
97781,0.0032088566
97782,0.0033206453
97783,0.0037025523
97784,0.0038067545
97785,0.004379578
97786,0.004859954
97787,0.004878245
97788,0.0047947937
97789,0.004007626
97790,0.0041105803
97791,0.003764478
97792,0.0032716673
97793,0.0024638693
97794,0.0016088618
97795,0.0015904314
97796,0.0010271387
97797,0.0019747315
97798,0.0031202172
97799,0.0022664054
97800,0.0011663246
97801,0.0015022353
97802,0.0016382426
97803,0.0013117456
97804,0.00091256615
97805,0.0008854043
97806,0.0011067094
97807,0.0010102828
97808,0.0010988183
97809,0.0017538815
97810,0.0032078316
97811,0.003402898
97812,0.0028025333
97813,0.0032917545
97814,0.0030858896
97815,0.0012612984
97816,0.0016764889
97817,0.001815347
97818,0.0014718405
97819,0.0011827284
97820,0.0009849013
97821,0.00054093427
97822,0.00057453953
97823,0.000894333
97824,0.000896121
97825,0.0011624002
97826,0.0017257448
97827,0.001786191
97828,0.0015745783
97829,0.0020606145
97830,0.0023844757
97831,0.002107053
97832,0.001766975
97833,0.001509483
97834,0.0016344899
97835,0.0016564222
97836,0.0015993183
97837,0.0014385608
97838,0.0012621058
97839,0.0012357029
97840,0.0014509696
97841,0.0012792837
97842,0.0010209429
97843,0.00089608855
97844,0.0007709842
97845,0.0010611991
97846,0.0013115903
97847,0.0015083064
97848,0.0016139551
97849,0.0011475583
97850,0.0007546547
97851,0.0009148277
97852,0.00093453075
97853,0.0008415537
97854,0.0015174058
97855,0.0013722734
97856,0.000788379
97857,0.0013489581
97858,0.0019720914
97859,0.0022090622
97860,0.0019052876
97861,0.0015589562
97862,0.001080792
97863,0.0012920285
97864,0.0016219418
97865,0.0016953744
97866,0.0020148824
97867,0.0028024814
97868,0.0028752799
97869,0.0017678313
97870,0.0019281851
97871,0.0019530654
97872,0.002349098
97873,0.002581465
97874,0.0023874764
97875,0.0024842322
97876,0.0024527644
97877,0.0016417741
97878,0.0015289848
97879,0.0012501735
97880,0.0007802152
97881,0.0009698038
97882,0.001156904
97883,0.0017424107
97884,0.0024610208
97885,0.0027944525
97886,0.0025329934
97887,0.00231455
97888,0.0022687027
97889,0.002381911
97890,0.0019620305
97891,0.0016527812
97892,0.0014022321
97893,0.0010240739
97894,0.0009246373
97895,0.00078002864
97896,0.0006303376
97897,0.0007078088
97898,0.0011757687
97899,0.0014927901
97900,0.0016845939
97901,0.0016996434
97902,0.0
97903,0.0031897987
97904,0.0025302458
97905,0.0011083911
97906,0.0008496419
97907,0.0011633764
97908,0.0011308246
97909,0.0008730908
97910,0.00081180484
97911,0.0010945456
97912,0.0011480148
97913,0.0008754211
97914,0.0015259552
97915,0.002366687
97916,0.0022019232
97917,0.0016558247
97918,0.00088671816
97919,0.0006652027
97920,0.0004119873
97921,0.00067587994
97922,0.0008451083
97923,0.0008583323
97924,0.0006471508
97925,0.0004576365
97926,0.0008035531
97927,0.0014939203
97928,0.0014596888
97929,0.0020674814
97930,0.0026089516
97931,0.0015910169
97932,0.001305942
97933,0.0014957116
97934,0.0015352344
97935,0.0014540753
97936,0.0022375858
97937,0.0029365935
97938,0.0024882238
97939,0.003983589
97940,0.0036841682
97941,0.0023466188
97942,0.0025440343
97943,0.0026066974
97944,0.0024164473
97945,0.0018388107
97946,0.0012678806
97947,0.0008241865
97948,0.0014670475
97949,0.0016221391
97950,0.0011340628
97951,0.001126725
97952,0.0012435913
97953,0.0010184027
97954,0.0010953696
97955,0.0018930279
97956,0.0023373233
97957,0.001705063
97958,0.0010053157
97959,0.0009006887
97960,0.0009140002
97961,0.0006953221
97962,0.0006771705
97963,0.001042383
97964,0.0009591821
97965,0.001070918
97966,0.0007043877
97967,0.0008930303
97968,0.0011511793
97969,0.0012192002
97970,0.0012382674
97971,0.00083488727
97972,0.0006048912
97973,0.00064575515
97974,0.0007122766
97975,0.0007745996
97976,0.0008418649
97977,0.00043820892
97978,0.00047289938
97979,0.0005549565
97980,0.0006936039
97981,0.0006535947
97982,0.0005340576
97983,0.0005809873
97984,0.001252569
97985,0.002251628
97986,0.0023161464
97987,0.002085101
97988,0.0021332446
97989,0.0021662107
97990,0.002196484
97991,0.002305542
97992,0.0029062787
97993,0.0041590137
97994,0.0055052466
97995,0.0042912955
97996,0.0017450145
97997,0.0022126164
97998,0.0027450558
97999,0.0037932212
98000,0.004094299
98001,0.003809475
98002,0.004033865
98003,0.0035157439
98004,0.0023435657
98005,0.0015441186
98006,0.0007546933
98007,0.00053579867
98008,0.0006338829
98009,0.00072044274
98010,0.0004631363
98011,0.0006074359
98012,0.0006417768
98013,0.0006187811
98014,0.0009886766
98015,0.001468158
98016,0.0014422785
98017,0.001220727
98018,0.0011296658
98019,0.0014788435
98020,0.001561959
98021,0.001415412
98022,0.0013971378
98023,0.0014810854
98024,0.0021608702
98025,0.0024113955
98026,0.0020478922
98027,0.0015857399
98028,0.00089566625
98029,0.00055490405
98030,0.00056991115
98031,0.0012460462
98032,0.0015042681
98033,0.0013519322
98034,0.001037289
98035,0.0011548393
98036,0.0010455612
98037,0.0013550716
98038,0.0016379938
98039,0.0016048047
98040,0.0009658042
98041,0.0008969975
98042,0.0007567729
98043,0.0010202301
98044,0.0014346711
98045,0.0017689505
98046,0.0015769056
98047,0.001573025
98048,0.0014853238
98049,0.0014172819
98050,0.0019863404
98051,0.0013496483
98052,0.0007604176
98053,0.0011772035
98054,0.0016583889
98055,0.0025350263
98056,0.003595461
98057,0.0036320086
98058,0.0026806656
98059,0.001910596
98060,0.0011245272
98061,0.00080550654
98062,0.0007048008
98063,0.0006238401
98064,0.0004924359
98065,0.000713379
98066,0.000974026
98067,0.0011077607
98068,0.0016746651
98069,0.0018520424
98070,0.00157456
98071,0.001366237
98072,0.0011494589
98073,0.0013516953
98074,0.0030164488
98075,0.0037512113
98076,0.002780221
98077,0.0012432168
98078,0.0008602967
98079,0.0017200351
98080,0.0018409146
98081,0.0020905237
98082,0.0019143852
98083,0.0012519648
98084,0.0012174802
98085,0.0035633682
98086,0.0036614337
98087,0.002506323
98088,0.0026568922
98089,0.0018759625
98090,0.0016796801
98091,0.0019919442
98092,0.0018809668
98093,0.0010416848
98094,0.0010433877
98095,0.0013855703
98096,0.0015927355
98097,0.0015819729
98098,0.0015117179
98099,0.0016273697
98100,0.002121973
98101,0.0024844548
98102,0.002793588
98103,0.0026440998
98104,0.0022648124
98105,0.0023165736
98106,0.0018590848
98107,0.0013534382
98108,0.0014537951
98109,0.0014672459
98110,0.0015132189
98111,0.0014118915
98112,0.0015595536
98113,0.0021746317
98114,0.0027280606
98115,0.0033828085
98116,0.003656924
98117,0.003771692
98118,0.0040752683
98119,0.00469462
98120,0.005329475
98121,0.0055072233
98122,0.0047710747
98123,0.0042294175
98124,0.0042783017
98125,0.0034382592
98126,0.002999827
98127,0.0017237705
98128,0.0015593856
98129,0.0015852075
98130,0.0022791722
98131,0.002917014
98132,0.0018446734
98133,0.0012536142
98134,0.0017640243
98135,0.0015347793
98136,0.0011974261
98137,0.0011173352
98138,0.00095978874
98139,0.000901141
98140,0.00092344044
98141,0.0005526969
98142,0.001229848
98143,0.0024380302
98144,0.0035150484
98145,0.0035646423
98146,0.003293646
98147,0.0029564567
98148,0.0012369035
98149,0.0010704016
98150,0.0012893225
98151,0.0013590605
98152,0.0014113142
98153,0.0014294888
98154,0.0010361943
98155,0.0011266733
98156,0.0009233774
98157,0.0007377668
98158,0.0009979353
98159,0.0016350062
98160,0.0015929182
98161,0.0017506593
98162,0.0021406128
98163,0.0024445513
98164,0.002100177
98165,0.0017208471
98166,0.0017552914
98167,0.0017884544
98168,0.0016377984
98169,0.0011641516
98170,0.0011294597
98171,0.0012364563
98172,0.0015478273
98173,0.0015225756
98174,0.0012231326
98175,0.00095058704
98176,0.00082869414
98177,0.00066533394
98178,0.0011304899
98179,0.0012416708
98180,0.0009321297
98181,0.0011074718
98182,0.0007650727
98183,0.0008578914
98184,0.0010785006
98185,0.0011019392
98186,0.0005074551
98187,0.0015646026
98188,0.0015611575
98189,0.0008608378
98190,0.00080311834
98191,0.0015202992
98192,0.0015613626
98193,0.0017203565
98194,0.0015303546
98195,0.0012090363
98196,0.0014784893
98197,0.0020047314
98198,0.0019474394
98199,0.0017815739
98200,0.0020919016
98201,0.00249041
98202,0.0022466204
98203,0.002568467
98204,0.0023039507
98205,0.0024866092
98206,0.0028960363
98207,0.002987344
98208,0.0034507643
98209,0.0041411943
98210,0.0037684343
98211,0.0033492174
98212,0.002160372
98213,0.0013128988
98214,0.0010699937
98215,0.0013344245
98216,0.0022935057
98217,0.0024817588
98218,0.0024809379
98219,0.0024360598
98220,0.00238064
98221,0.0025230811
98222,0.0028978344
98223,0.0029323485
98224,0.0027510184
98225,0.0017905849
98226,0.0010268553
98227,0.0009195873
98228,0.0007999594
98229,0.0011111972
98230,0.0016574234
98231,0.0018659447
98232,0.0018791402
98233,0.0016209367
98234,0.0016685888
98235,0.0
98236,0.0026396161
98237,0.002508041
98238,0.002069817
98239,0.0019248464
98240,0.0017051996
98241,0.001299911
98242,0.0010801994
98243,0.00071264425
98244,0.00075661903
98245,0.00091851066
98246,0.0012458126
98247,0.0017232132
98248,0.00199466
98249,0.0018544295
98250,0.0013222646
98251,0.0005000601
98252,0.0005370465
98253,0.0007884528
98254,0.001069259
98255,0.0010206864
98256,0.00071064034
98257,0.0004858912
98258,0.00045232722
98259,0.000715782
98260,0.0016588803
98261,0.0018027502
98262,0.0020575617
98263,0.002320766
98264,0.00122691
98265,0.0017048069
98266,0.0018865134
98267,0.0010804688
98268,0.0010227374
98269,0.0017956814
98270,0.0029869056
98271,0.0029961187
98272,0.004756932
98273,0.0041979975
98274,0.002434578
98275,0.0023860254
98276,0.0020557079
98277,0.0015835359
98278,0.0012073502
98279,0.00085734844
98280,0.00081126695
98281,0.0012804434
98282,0.0015205863
98283,0.00097614515
98284,0.00084009994
98285,0.0011174394
98286,0.000871055
98287,0.0014178979
98288,0.0019205476
98289,0.0023054662
98290,0.0020305086
98291,0.0013185174
98292,0.00092598976
98293,0.00078782503
98294,0.0006216435
98295,0.00058860175
98296,0.00051621185
98297,0.0005435107
98298,0.0007322629
98299,0.00076476834
98300,0.00086562533
98301,0.0010263734
98302,0.0010115495
98303,0.0011157452
98304,0.0010016613
98305,0.0011046563
98306,0.00076286314
98307,0.0006974118
98308,0.00088934
98309,0.0014698816
98310,0.001107314
98311,0.0010796335
98312,0.0005323656
98313,0.0007358313
98314,0.0008142748
98315,0.000999538
98316,0.0011508506
98317,0.0013623758
98318,0.002298386
98319,0.0027503835
98320,0.0026553252
98321,0.002120258
98322,0.0019407927
98323,0.0019714274
98324,0.0022530365
98325,0.0026592135
98326,0.0035549458
98327,0.0042116744
98328,0.0039063543
98329,0.0027634841
98330,0.0024972374
98331,0.002623347
98332,0.0036092843
98333,0.004326405
98334,0.003392628
98335,0.0035133425
98336,0.0041191666
98337,0.0025638058
98338,0.0011180643
98339,0.00093281636
98340,0.001202955
98341,0.0011887664
98342,0.00093012926
98343,0.00078693795
98344,0.00071051746
98345,0.0008138458
98346,0.0011570046
98347,0.001690492
98348,0.0017903086
98349,0.0016557896
98350,0.0015640631
98351,0.0017794817
98352,0.0019388421
98353,0.0022618936
98354,0.001976293
98355,0.0010063574
98356,0.00077317056
98357,0.0018382724
98358,0.0025790965
98359,0.0025345671
98360,0.0015141802
98361,0.0006970779
98362,0.00061477016
98363,0.0007704933
98364,0.0013525347
98365,0.0015675946
98366,0.001698136
98367,0.0013289389
98368,0.0012883741
98369,0.0012012603
98370,0.0010844212
98371,0.0018799144
98372,0.0020717846
98373,0.0018080699
98374,0.0011443074
98375,0.0011137871
98376,0.0014765195
98377,0.0015584334
98378,0.00157358
98379,0.0011950175
98380,0.0015093287
98381,0.0017242094
98382,0.0019742893
98383,0.0025045224
98384,0.0020189662
98385,0.001289458
98386,0.0012412254
98387,0.0016076313
98388,0.0025880747
98389,0.0034920548
98390,0.0034356003
98391,0.00270536
98392,0.0020928334
98393,0.0010929757
98394,0.0004535481
98395,0.00051711313
98396,0.00068034354
98397,0.0006970779
98398,0.0007545776
98399,0.00094542943
98400,0.0014797879
98401,0.0020078213
98402,0.0019266752
98403,0.0016072692
98404,0.0016537845
98405,0.001609314
98406,0.00090152846
98407,0.0026594542
98408,0.003533151
98409,0.002986467
98410,0.0019935654
98411,0.0009531859
98412,0.001829035
98413,0.0016923676
98414,0.0016349527
98415,0.0020571796
98416,0.001715257
98417,0.0035002877
98418,0.0048804516
98419,0.0042146933
98420,0.0021375653
98421,0.0023720914
98422,0.0022695109
98423,0.0019777503
98424,0.0020239907
98425,0.0026011425
98426,0.0019357775
98427,0.0010803611
98428,0.0012902477
98429,0.0013614568
98430,0.0016515834
98431,0.0017014748
98432,0.0017864354
98433,0.0017536492
98434,0.0017679959
98435,0.0024844196
98436,0.0028653939
98437,0.0028819628
98438,0.0024892762
98439,0.0021726636
98440,0.0015996459
98441,0.001711673
98442,0.0018128604
98443,0.0019911842
98444,0.0017450145
98445,0.0017478142
98446,0.0018972204
98447,0.002265352
98448,0.0031214575
98449,0.0038408982
98450,0.0042007007
98451,0.0044451947
98452,0.004261384
98453,0.004755341
98454,0.0047574397
98455,0.004439587
98456,0.0041059116
98457,0.0040165917
98458,0.0033056855
98459,0.0027978665
98460,0.00226372
98461,0.0021399874
98462,0.002527714
98463,0.0028219272
98464,0.0025327292
98465,0.0014200924
98466,0.0017206611
98467,0.0021069427
98468,0.0017513573
98469,0.0017664314
98470,0.0019503663
98471,0.0013588677
98472,0.00077264337
98473,0.0008274288
98474,0.0010321982
98475,0.0015725254
98476,0.0022210975
98477,0.0034385808
98478,0.0039683855
98479,0.0032770715
98480,0.0023571001
98481,0.0012022774
98482,0.0005852795
98483,0.0007119905
98484,0.0010861375
98485,0.0013207009
98486,0.0013771005
98487,0.0013702358
98488,0.0016203979
98489,0.0013900581
98490,0.001038607
98491,0.0011472033
98492,0.0015040941
98493,0.0013461504
98494,0.0013235626
98495,0.0013803934
98496,0.0017506427
98497,0.0017520386
98498,0.0018029278
98499,0.001821477
98500,0.0014728289
98501,0.0009999456
98502,0.0007612591
98503,0.0009188908
98504,0.0012463265
98505,0.0014145277
98506,0.0011170746
98507,0.0007487309
98508,0.00035062028
98509,0.00034644507
98510,0.0006970779
98511,0.0011454006
98512,0.0010623778
98513,0.0007028987
98514,0.0010488683
98515,0.0007933837
98516,0.00088075735
98517,0.0013156448
98518,0.0013744561
98519,0.000995541
98520,0.0013058305
98521,0.0012263644
98522,0.0012871085
98523,0.0016562992
98524,0.0031637803
98525,0.0034156688
98526,0.0028117606
98527,0.002119297
98528,0.0017446809
98529,0.0015444766
98530,0.0019221836
98531,0.001841452
98532,0.001364041
98533,0.0019286077
98534,0.0020533563
98535,0.0017816393
98536,0.0017461983
98537,0.0016456518
98538,0.0017196967
98539,0.0030704213
98540,0.0035408612
98541,0.003766565
98542,0.004279723
98543,0.0034045912
98544,0.0029254924
98545,0.001962431
98546,0.0017213206
98547,0.0013905605
98548,0.0020396898
98549,0.002443027
98550,0.0019404027
98551,0.0014316859
98552,0.0012455556
98553,0.0014013186
98554,0.002076345
98555,0.002852659
98556,0.0034260484
98557,0.0033655835
98558,0.0022887548
98559,0.001597789
98560,0.0011483696
98561,0.0010406226
98562,0.0016790215
98563,0.0021140308
98564,0.0021562995
98565,0.0018869762
98566,0.0013387577
98567,0.0012029066
98568,0.0
98569,0.0014918344
98570,0.0018039929
98571,0.0019632909
98572,0.0017756012
98573,0.0016257593
98574,0.001727245
98575,0.0017351967
98576,0.0015874825
98577,0.001340778
98578,0.0010777178
98579,0.001575687
98580,0.0024933766
98581,0.002629641
98582,0.001776224
98583,0.001169763
98584,0.00068119855
98585,0.00082008005
98586,0.0013759799
98587,0.0015191693
98588,0.0013323728
98589,0.00092432246
98590,0.00066804053
98591,0.00044617284
98592,0.00051801285
98593,0.0014125098
98594,0.0017894143
98595,0.0022427696
98596,0.0025420543
98597,0.0019046459
98598,0.0024872294
98599,0.002086887
98600,0.0014217721
98601,0.0011952854
98602,0.001700003
98603,0.0027571686
98604,0.003116101
98605,0.0053872657
98606,0.0046643377
98607,0.002823948
98608,0.0030187827
98609,0.0025343949
98610,0.0017769284
98611,0.0012397238
98612,0.0008551391
98613,0.0014221199
98614,0.001537394
98615,0.00168411
98616,0.0014025018
98617,0.0013626748
98618,0.001622516
98619,0.0011687176
98620,0.0014324175
98621,0.0018371481
98622,0.0020523071
98623,0.0021498653
98624,0.0016968157
98625,0.00098499
98626,0.00089387724
98627,0.0005922986
98628,0.00059411384
98629,0.00044584656
98630,0.00063415826
98631,0.00070463563
98632,0.0004529702
98633,0.0008167729
98634,0.0010065308
98635,0.00092834403
98636,0.0008051813
98637,0.0010264867
98638,0.0014145481
98639,0.0010773666
98640,0.0013201939
98641,0.0012635116
98642,0.0012962788
98643,0.0010272803
98644,0.0010070512
98645,0.0007230638
98646,0.00125598
98647,0.0013831316
98648,0.0013535672
98649,0.0014438718
98650,0.0010264867
98651,0.002164813
98652,0.0028745409
98653,0.0031584126
98654,0.0024012602
98655,0.0014408652
98656,0.0018648213
98657,0.0021980337
98658,0.0021841133
98659,0.0024103695
98660,0.0024276346
98661,0.002595116
98662,0.0021156545
98663,0.001863135
98664,0.0022340713
98665,0.00304817
98666,0.0042335787
98667,0.0039515696
98668,0.003510102
98669,0.0038272499
98670,0.0029035134
98671,0.0018353254
98672,0.0014062943
98673,0.0012989254
98674,0.0010952367
98675,0.00091023505
98676,0.00084234873
98677,0.00079452
98678,0.0010690412
98679,0.0012876736
98680,0.001532825
98681,0.0014563153
98682,0.0011108043
98683,0.001273652
98684,0.0015172907
98685,0.0017871358
98686,0.0024057042
98687,0.0023996963
98688,0.0014198056
98689,0.0006870269
98690,0.0013588677
98691,0.002441752
98692,0.0027845304
98693,0.0019296336
98694,0.00091441406
98695,0.0006911238
98696,0.0008025746
98697,0.001040175
98698,0.0014148362
98699,0.0016635754
98700,0.0014406228
98701,0.0009752503
98702,0.0010952633
98703,0.0013194883
98704,0.0020468687
98705,0.0023840973
98706,0.002408316
98707,0.0019129557
98708,0.0021649743
98709,0.0024244075
98710,0.002084766
98711,0.0012141529
98712,0.0006957406
98713,0.0011087324
98714,0.0012904957
98715,0.002022279
98716,0.0028391292
98717,0.002318972
98718,0.0014477969
98719,0.0012741775
98720,0.0014863032
98721,0.002750299
98722,0.0037206814
98723,0.0032046908
98724,0.0021137553
98725,0.0021068598
98726,0.0015945069
98727,0.0013547709
98728,0.0013780723
98729,0.0014336971
98730,0.0013263961
98731,0.0012287826
98732,0.0011712301
98733,0.0016063636
98734,0.0020200182
98735,0.0017633807
98736,0.0014808888
98737,0.0017661018
98738,0.001802072
98739,0.0009993925
98740,0.0021836201
98741,0.0028280881
98742,0.0031860557
98743,0.0029168243
98744,0.0018668802
98745,0.0023057312
98746,0.0018375599
98747,0.0016234663
98748,0.002828294
98749,0.0045251315
98750,0.005465965
98751,0.00522379
98752,0.0034912962
98753,0.0012841882
98754,0.0015899739
98755,0.0017337033
98756,0.0017688518
98757,0.0016885282
98758,0.0026762
98759,0.0024837635
98760,0.0014206457
98761,0.0013918366
98762,0.0015416475
98763,0.0016253118
98764,0.0017055238
98765,0.0017393179
98766,0.0019084774
98767,0.0020666085
98768,0.0023637214
98769,0.002950347
98770,0.0033388867
98771,0.003252512
98772,0.0023837555
98773,0.0018956551
98774,0.0019063565
98775,0.0019785007
98776,0.0021346495
98777,0.0017673209
98778,0.0022960296
98779,0.002366564
98780,0.002681393
98781,0.0026148017
98782,0.0030026587
98783,0.0034161545
98784,0.003731281
98785,0.0034660718
98786,0.0036737733
98787,0.0038995014
98788,0.0045392844
98789,0.00471005
98790,0.004729351
98791,0.004461937
98792,0.004197769
98793,0.003850381
98794,0.003227216
98795,0.0026566293
98796,0.0025731765
98797,0.0019112205
98798,0.0015392102
98799,0.0019653356
98800,0.0022738795
98801,0.0013167283
98802,0.0019018017
98803,0.0022837264
98804,0.0015573498
98805,0.0007112953
98806,0.0006216435
98807,0.0011458832
98808,0.0018027986
98809,0.0024449918
98810,0.0030019996
98811,0.003630109
98812,0.0029884446
98813,0.0015845097
98814,0.0010760692
98815,0.0006492162
98816,0.0007255149
98817,0.00059298606
98818,0.00079055404
98819,0.00081126695
98820,0.0011397457
98821,0.0015775884
98822,0.0014727499
98823,0.0011613232
98824,0.0011703352
98825,0.0013071671
98826,0.0010547069
98827,0.00086867955
98828,0.00079323695
98829,0.001200921
98830,0.0014953224
98831,0.0016961467
98832,0.0015337929
98833,0.00092598976
98834,0.00064322626
98835,0.000729635
98836,0.0011400777
98837,0.0013065436
98838,0.00112095
98839,0.00082446897
98840,0.00075291726
98841,0.00073745113
98842,0.0007455757
98843,0.00074181886
98844,0.0008589086
98845,0.000680258
98846,0.0009143822
98847,0.0012308888
98848,0.0009107465
98849,0.0011899654
98850,0.0016024997
98851,0.0014273698
98852,0.00090552267
98853,0.0010272803
98854,0.0011352939
98855,0.0015860702
98856,0.002578205
98857,0.0040871557
98858,0.0042731487
98859,0.003167173
98860,0.0029275708
98861,0.0046622907
98862,0.004547759
98863,0.0039733914
98864,0.0026950776
98865,0.0011258206
98866,0.0013839309
98867,0.0012690277
98868,0.0013315643
98869,0.0016176476
98870,0.0015317423
98871,0.0013128546
98872,0.0025744205
98873,0.003198746
98874,0.002413748
98875,0.0022063598
98876,0.0010568295
98877,0.0011702855
98878,0.0017572468
98879,0.0015913461
98880,0.0008854372
98881,0.0018693262
98882,0.002174257
98883,0.0018851707
98884,0.0010471188
98885,0.0007676172
98886,0.0005547467
98887,0.001172596
98888,0.0018131332
98889,0.0030483513
98890,0.003467994
98891,0.0027828158
98892,0.0021080612
98893,0.0015832786
98894,0.0014906244
98895,0.0017407062
98896,0.0018421315
98897,0.0015600759
98898,0.0011265699
98899,0.0008521047
98900,0.00085445814
98901,0.0
98902,0.00077741244
98903,0.00071235833
98904,0.0013032873
98905,0.0012122337
98906,0.0017677819
98907,0.0019622233
98908,0.0019066008
98909,0.0019991489
98910,0.0018224514
98911,0.0018163087
98912,0.0020724025
98913,0.0027132663
98914,0.00332883
98915,0.0024720887
98916,0.000944413
98917,0.0006296909
98918,0.00092249445
98919,0.0013239583
98920,0.0011501675
98921,0.0007612591
98922,0.0008851742
98923,0.000767238
98924,0.0008097588
98925,0.0006198619
98926,0.0010315212
98927,0.0012933343
98928,0.00224719
98929,0.0026068648
98930,0.0022653008
98931,0.0026127975
98932,0.0023374602
98933,0.0018732767
98934,0.0017853109
98935,0.0017329141
98936,0.002878052
98937,0.0037714606
98938,0.005563686
98939,0.0051224325
98940,0.003446401
98941,0.0031478165
98942,0.002097917
98943,0.0020199749
98944,0.0020170335
98945,0.0012926365
98946,0.0017611181
98947,0.0020022038
98948,0.0018814
98949,0.0020236888
98950,0.001957947
98951,0.0024159777
98952,0.0018860197
98953,0.001827666
98954,0.0018998571
98955,0.0017079622
98956,0.0018065562
98957,0.0014811247
98958,0.0008148465
98959,0.00088966725
98960,0.0009330971
98961,0.0012527549
98962,0.0012263644
98963,0.0011131336
98964,0.001076583
98965,0.0008418649
98966,0.00097408576
98967,0.0008961535
98968,0.00073353364
98969,0.00057357625
98970,0.0009832748
98971,0.0011533262
98972,0.00074518524
98973,0.0009564474
98974,0.0008923131
98975,0.0010373732
98976,0.0009714529
98977,0.0011371381
98978,0.0012252247
98979,0.0016603533
98980,0.0016743523
98981,0.0016500319
98982,0.0018735252
98983,0.001519246
98984,0.0020147813
98985,0.002511508
98986,0.00369777
98987,0.0031297167
98988,0.0016550863
98989,0.0018980639
98990,0.002202914
98991,0.0019365291
98992,0.0019390823
98993,0.0017208132
98994,0.0013452204
98995,0.0013150916
98996,0.0008749555
98997,0.0018873771
98998,0.003046699
98999,0.0043221717
99000,0.0041456404
99001,0.0032103164
99002,0.003399758
99003,0.0028737308
99004,0.002096543
99005,0.0012278348
99006,0.0009031734
99007,0.0004529702
99008,0.0006573245
99009,0.00095202494
99010,0.00095945515
99011,0.001023676
99012,0.00091339496
99013,0.0009664067
99014,0.0008101181
99015,0.0007479142
99016,0.00096767076
99017,0.0012197014
99018,0.0012528478
99019,0.0020926248
99020,0.0024177358
99021,0.0015886005
99022,0.00080615666
99023,0.0010687418
99024,0.0020704356
99025,0.0024755476
99026,0.0017449311
99027,0.0009450908
99028,0.00086770736
99029,0.0009220211
99030,0.0007742238
99031,0.0010414333
99032,0.0012330386
99033,0.0012639492
99034,0.0009503727
99035,0.0011995388
99036,0.0014197235
99037,0.0013542981
99038,0.0020625768
99039,0.0027289246
99040,0.0028490452
99041,0.0030341786
99042,0.00325014
99043,0.0030328354
99044,0.001659424
99045,0.00067970157
99046,0.00060388
99047,0.0008457279
99048,0.0016357357
99049,0.0029730664
99050,0.0030607663
99051,0.0021060307
99052,0.0015585828
99053,0.0014314216
99054,0.0024430507
99055,0.0033813198
99056,0.0028165076
99057,0.002015518
99058,0.002296397
99059,0.0018046058
99060,0.002105478
99061,0.0020407597
99062,0.0015809055
99063,0.001350489
99064,0.0014517918
99065,0.0011579602
99066,0.001519629
99067,0.0019714863
99068,0.0015213517
99069,0.0009611523
99070,0.0013506829
99071,0.0015633744
99072,0.00097483245
99073,0.0010158274
99074,0.0015960212
99075,0.0031032134
99076,0.0033408473
99077,0.0027411939
99078,0.0023399615
99079,0.001671534
99080,0.0015232445
99081,0.0037667195
99082,0.005567561
99083,0.005210938
99084,0.0034871425
99085,0.00095793727
99086,0.000930098
99087,0.001231078
99088,0.0013588677
99089,0.0013516739
99090,0.0014182673
99091,0.0027557432
99092,0.002795494
99093,0.001848393
99094,0.0019066924
99095,0.0023964315
99096,0.0022222502
99097,0.0020476505
99098,0.001800828
99099,0.002026161
99100,0.0021211226
99101,0.0019141723
99102,0.0024555037
99103,0.0031089946
99104,0.0034078038
99105,0.0028084877
99106,0.0026014445
99107,0.0023674492
99108,0.0018452413
99109,0.0018642438
99110,0.0018724063
99111,0.0024567954
99112,0.0024986356
99113,0.002484572
99114,0.0025908395
99115,0.0026957039
99116,0.0027537465
99117,0.0026759605
99118,0.0030263127
99119,0.00356394
99120,0.0036953057
99121,0.0039624623
99122,0.003945282
99123,0.004093389
99124,0.0044969507
99125,0.0044696075
99126,0.00443531
99127,0.003781964
99128,0.0030264377
99129,0.0022243317
99130,0.0013310397
99131,0.0017342572
99132,0.0020692262
99133,0.0022045122
99134,0.0010641844
99135,0.0015405333
99136,0.0025264127
99137,0.0020294907
99138,0.00069351995
99139,0.0006923439
99140,0.0012972439
99141,0.0017821456
99142,0.0023003225
99143,0.0021088617
99144,0.0026465862
99145,0.0028884187
99146,0.002320954
99147,0.002013929
99148,0.0016011371
99149,0.00096743007
99150,0.00069146056
99151,0.0005104857
99152,0.00045200542
99153,0.00053920987
99154,0.00087272405
99155,0.0010136476
99156,0.0009493616
99157,0.00081570324
99158,0.00078478997
99159,0.00081709353
99160,0.0006612093
99161,0.00057042163
99162,0.000492495
99163,0.0007368984
99164,0.00079908577
99165,0.0007740734
99166,0.0006579883
99167,0.00063305587
99168,0.00052769826
99169,0.0010764749
99170,0.0013583322
99171,0.0009835411
99172,0.00078612386
99173,0.00078114716
99174,0.0009628767
99175,0.001001051
99176,0.0011957479
99177,0.0012510811
99178,0.001025352
99179,0.0010929757
99180,0.0010736323
99181,0.0007494691
99182,0.00112388
99183,0.0015131995
99184,0.0010741743
99185,0.0007583864
99186,0.0010802803
99187,0.001420031
99188,0.0016316206
99189,0.002545658
99190,0.003241963
99191,0.0025584649
99192,0.0011539317
99193,0.004101919
99194,0.006248614
99195,0.004874001
99196,0.0035991746
99197,0.0024888436
99198,0.0008432811
99199,0.00096724957
99200,0.0012238225
99201,0.0016796801
99202,0.001952648
99203,0.0019913597
99204,0.001543817
99205,0.0023115554
99206,0.003255714
99207,0.00204482
99208,0.0010004402
99209,0.00088671816
99210,0.001654629
99211,0.0019157226
99212,0.001432763
99213,0.0008686125
99214,0.0018699333
99215,0.0020339028
99216,0.0013597242
99217,0.00085968757
99218,0.0006851179
99219,0.0005259857
99220,0.00053980324
99221,0.0012375622
99222,0.002442717
99223,0.0029026312
99224,0.00267521
99225,0.002200429
99226,0.0023281283
99227,0.0022190262
99228,0.0028189349
99229,0.002522193
99230,0.0014165426
99231,0.00093284756
99232,0.0008299575
99233,0.00067069277
99234,0.0
99235,0.0010205439
99236,0.0010849846
99237,0.0013464746
99238,0.0015527646
99239,0.0017423105
99240,0.0019919004
99241,0.0014221199
99242,0.0016537845
99243,0.0016325656
99244,0.0020464277
99245,0.0022286975
99246,0.002942346
99247,0.0038473033
99248,0.0029801845
99249,0.0009946636
99250,0.0006483639
99251,0.0009968557
99252,0.0013164409
99253,0.0009978478
99254,0.0003090611
99255,0.0006192042
99256,0.00083338696
99257,0.0009913223
99258,0.0010443635
99259,0.001208603
99260,0.0013179876
99261,0.0021812064
99262,0.002614646
99263,0.0031594168
99264,0.003357497
99265,0.0031257342
99266,0.0028582446
99267,0.0021375108
99268,0.002529176
99269,0.003804881
99270,0.004709914
99271,0.0060746274
99272,0.0055139046
99273,0.0032866048
99274,0.0021250157
99275,0.00090487965
99276,0.0017899184
99277,0.0027611137
99278,0.0026605155
99279,0.0023549383
99280,0.0026604717
99281,0.0025908395
99282,0.0025846874
99283,0.0025538993
99284,0.003134725
99285,0.0029474555
99286,0.0024378512
99287,0.0017743387
99288,0.0014818516
99289,0.0013037116
99290,0.0011801912
99291,0.0010375977
99292,0.00097560836
99293,0.00091638527
99294,0.0013550286
99295,0.0015539074
99296,0.0017260314
99297,0.0014592302
99298,0.0011603956
99299,0.00086995173
99300,0.00068935286
99301,0.0005731194
99302,0.00070891815
99303,0.001089375
99304,0.0010204868
99305,0.00068778894
99306,0.00096923346
99307,0.0010730086
99308,0.0009216106
99309,0.00082174636
99310,0.0011480148
99311,0.0014165837
99312,0.0013404088
99313,0.0012951782
99314,0.0016784321
99315,0.002162163
99316,0.0021874288
99317,0.0023261148
99318,0.0036567252
99319,0.0046712146
99320,0.0038644597
99321,0.0020247959
99322,0.0019875853
99323,0.001979251
99324,0.0018886565
99325,0.0017821946
99326,0.001931503
99327,0.0017793999
99328,0.0016719518
99329,0.0012277875
99330,0.0018093893
99331,0.0032027832
99332,0.0045213415
99333,0.0041333367
99334,0.003218402
99335,0.0028688551
99336,0.0024202983
99337,0.0019091483
99338,0.0011905278
99339,0.0010314648
99340,0.0007103536
99341,0.00055569026
99342,0.0006574573
99343,0.000688212
99344,0.0006455297
99345,0.00088359456
99346,0.0011393371
99347,0.0012248921
99348,0.0014843633
99349,0.0015376022
99350,0.0013673229
99351,0.0012518485
99352,0.001473224
99353,0.0019364239
99354,0.0016135043
99355,0.00088125287
99356,0.00085500296
99357,0.001978177
99358,0.0021986824
99359,0.0015489174
99360,0.0010839648
99361,0.0013693222
99362,0.0012679035
99363,0.0011360883
99364,0.00074181886
99365,0.0009794193
99366,0.0012652379
99367,0.0013134086
99368,0.0011445872
99369,0.0013014548
99370,0.0012517788
99371,0.0015211222
99372,0.0019132447
99373,0.0023268152
99374,0.002499276
99375,0.0032511428
99376,0.003457707
99377,0.0020341172
99378,0.0007241899
99379,0.0005731194
99380,0.001232094
99381,0.0023492838
99382,0.0034656099
99383,0.0032025287
99384,0.0019227436
99385,0.001394761
99386,0.0012321885
99387,0.0019091788
99388,0.0031478903
99389,0.0029691483
99390,0.0018215249
99391,0.0025348887
99392,0.0022309164
99393,0.0026372555
99394,0.002309855
99395,0.0010233632
99396,0.0014261663
99397,0.0016653414
99398,0.0013341191
99399,0.0017773214
99400,0.0021347585
99401,0.0015879958
99402,0.00091565447
99403,0.0011438496
99404,0.0014127983
99405,0.0009693235
99406,0.000851558
99407,0.0010700481
99408,0.0020913172
99409,0.0025851943
99410,0.0025951494
99411,0.0021800052
99412,0.0016784321
99413,0.0015101962
99414,0.0041399854
99415,0.0065208296
99416,0.0050603766
99417,0.0019616003
99418,0.0013000228
99419,0.0014668491
99420,0.0015370343
99421,0.0013873546
99422,0.0012412254
99423,0.0014552157
99424,0.00213732
99425,0.0024721592
99426,0.0023199006
99427,0.0023062362
99428,0.0026218712
99429,0.0019833052
99430,0.0012624285
99431,0.0009407387
99432,0.001259428
99433,0.0013675145
99434,0.0007251538
99435,0.0010264867
99436,0.0021406536
99437,0.0028381655
99438,0.0022764634
99439,0.00250236
99440,0.0025668917
99441,0.0028309268
99442,0.002600818
99443,0.002118143
99444,0.0026168155
99445,0.0027075752
99446,0.0025540816
99447,0.0029539159
99448,0.0031553057
99449,0.00299436
99450,0.0025083194
99451,0.0025512541
99452,0.0026057258
99453,0.0024916485
99454,0.002879245
99455,0.0032412896
99456,0.0032017198
99457,0.0028193786
99458,0.0023573965
99459,0.0028739232
99460,0.002841353
99461,0.0026932086
99462,0.001662788
99463,0.0009710334
99464,0.001563393
99465,0.0018559669
99466,0.0020919573
99467,0.001603099
99468,0.0017498612
99469,0.002217898
99470,0.002085743
99471,0.000927905
99472,0.0011315964
99473,0.0015303165
99474,0.0020000513
99475,0.0029007958
99476,0.0021659152
99477,0.0016593714
99478,0.002121493
99479,0.002589626
99480,0.0026198167
99481,0.0021090135
99482,0.0013147596
99483,0.0010349295
99484,0.0009865842
99485,0.0007220165
99486,0.0004966144
99487,0.00042948817
99488,0.001033776
99489,0.0011396691
99490,0.00084820203
99491,0.0007600348
99492,0.0007508658
99493,0.00061197067
99494,0.00045341975
99495,0.00033150575
99496,0.0004117753
99497,0.0005352552
99498,0.000542975
99499,0.0006127311
99500,0.00055343355
99501,0.0005716448
99502,0.0012132657
99503,0.0013175679
99504,0.001127706
99505,0.0009996545
99506,0.0008022119
99507,0.0009896475
99508,0.0013046488
99509,0.0012854567
99510,0.0013812997
99511,0.0011165795
99512,0.0010253236
99513,0.0012007271
99514,0.001009937
99515,0.0012802616
99516,0.0016505962
99517,0.0015198014
99518,0.0010757988
99519,0.0011831713
99520,0.0012488925
99521,0.0016559302
99522,0.0023299777
99523,0.0024154596
99524,0.0013100139
99525,0.0018873926
99526,0.005455828
99527,0.0063255136
99528,0.003042493
99529,0.0017972852
99530,0.0018463607
99531,0.00073654286
99532,0.0008819131
99533,0.0013052509
99534,0.0016544708
99535,0.0017882916
99536,0.001982806
99537,0.0020075024
99538,0.0028831137
99539,0.0034787278
99540,0.0021515975
99541,0.0007364243
99542,0.0012101191
99543,0.0018915206
99544,0.0015835175
99545,0.0010678155
99546,0.0010879581
99547,0.0017195952
99548,0.001981749
99549,0.0013218903
99550,0.00083690666
99551,0.00088451634
99552,0.0007586166
99553,0.0006534611
99554,0.00079066446
99555,0.0017824231
99556,0.002632495
99557,0.0026643742
99558,0.0023025104
99559,0.0023370741
99560,0.0023972816
99561,0.003043067
99562,0.0030093489
99563,0.0022811508
99564,0.00163146
99565,0.001104946
99566,0.00063690596
99567,0.0
99568,0.0010898557
99569,0.0012341946
99570,0.0011224807
99571,0.0017074851
99572,0.001834453
99573,0.0019907164
99574,0.0013195544
99575,0.0013694923
99576,0.0012731949
99577,0.0019232582
99578,0.002205159
99579,0.0025582714
99580,0.0038014143
99581,0.0032341704
99582,0.0016460761
99583,0.001001051
99584,0.0009056834
99585,0.0010237612
99586,0.00086198654
99587,0.0005782759
99588,0.00078752945
99589,0.00075823284
99590,0.0007783104
99591,0.00076167955
99592,0.0007831565
99593,0.0012751364
99594,0.0018894732
99595,0.002714982
99596,0.003276876
99597,0.003678025
99598,0.003714575
99599,0.0037764886
99600,0.0032126817
99601,0.0037068103
99602,0.0038691112
99603,0.0044767256
99604,0.0053537316
99605,0.0047089066
99606,0.0023769941
99607,0.0010630076
99608,0.0008849111
99609,0.0016573531
99610,0.0039356956
99611,0.0040512085
99612,0.004445234
99613,0.0045909495
99614,0.0040530832
99615,0.0029473468
99616,0.0026058152
99617,0.0027965035
99618,0.0028311838
99619,0.0019971535
99620,0.0012424908
99621,0.0009868792
99622,0.00085677113
99623,0.0010602938
99624,0.0011414809
99625,0.0013685356
99626,0.0013416676
99627,0.0015926624
99628,0.0016387755
99629,0.0017558219
99630,0.0013977
99631,0.0012043333
99632,0.00093763985
99633,0.00069456827
99634,0.00067177677
99635,0.0009429327
99636,0.0011727945
99637,0.0011297946
99638,0.0009765923
99639,0.00092372403
99640,0.0010905231
99641,0.0010460343
99642,0.0011634514
99643,0.0012829865
99644,0.0012182449
99645,0.00082358596
99646,0.0007205639
99647,0.0011199629
99648,0.0026454534
99649,0.0041033663
99650,0.0049562594
99651,0.005269134
99652,0.0051254486
99653,0.003647441
99654,0.002162311
99655,0.0020215448
99656,0.0019020159
99657,0.0019147652
99658,0.0018620725
99659,0.0019274756
99660,0.0022294417
99661,0.0020306518
99662,0.0017478642
99663,0.002539328
99664,0.0039254627
99665,0.0047052894
99666,0.0041558775
99667,0.0036748664
99668,0.00379576
99669,0.0028617247
99670,0.0021792573
99671,0.0013781779
99672,0.0012766419
99673,0.00097533985
99674,0.0004332663
99675,0.0004307062
99676,0.0005074551
99677,0.00056524493
99678,0.00076522486
99679,0.0014647841
99680,0.0018646964
99681,0.0019209719
99682,0.0015822304
99683,0.0011689168
99684,0.001149788
99685,0.0011681697
99686,0.0015429873
99687,0.0014420969
99688,0.0007618324
99689,0.00070949266
99690,0.0018259613
99691,0.0019929959
99692,0.0013351658
99693,0.0008523096
99694,0.0010787705
99695,0.001017545
99696,0.0013469285
99697,0.0012960319
99698,0.001134935
99699,0.00082008005
99700,0.0009762942
99701,0.0008741901
99702,0.0010883325
99703,0.0017886985
99704,0.0018697465
99705,0.001456675
99706,0.0020094875
99707,0.0026585457
99708,0.0032690063
99709,0.003767353
99710,0.0026557527
99711,0.0013487423
99712,0.0012428188
99713,0.001884167
99714,0.002619939
99715,0.0032654253
99716,0.0030642159
99717,0.0016703671
99718,0.0009866727
99719,0.00093940744
99720,0.0007626342
99721,0.0024495346
99722,0.002980995
99723,0.0020492417
99724,0.0030154837
99725,0.0031026038
99726,0.0025320395
99727,0.0017813615
99728,0.0006040727
99729,0.0014297738
99730,0.0016576166
99731,0.0012511044
99732,0.0017198321
99733,0.0021058372
99734,0.0016946532
99735,0.00087352406
99736,0.00095443695
99737,0.0013525563
99738,0.001119521
99739,0.00073194486
99740,0.0009027221
99741,0.0013032873
99742,0.0016843865
99743,0.0015962947
99744,0.0014180415
99745,0.0013065658
99746,0.0016460584
99747,0.0041593355
99748,0.0065693473
99749,0.0048905667
99750,0.0013234526
99751,0.0008208959
99752,0.0010559754
99753,0.0010860839
99754,0.0012518254
99755,0.0011950175
99756,0.0015910901
99757,0.0021489582
99758,0.002164423
99759,0.0024359762
99760,0.0025720114
99761,0.0027038427
99762,0.0017278178
99763,0.0010726016
99764,0.0010731171
99765,0.0015542258
99766,0.001442682
99767,0.0007584631
99768,0.0010612814
99769,0.0013103026
99770,0.0015404766
99771,0.0013574106
99772,0.0021989604
99773,0.0025429013
99774,0.003313424
99775,0.0029237408
99776,0.0024378512
99777,0.0022172155
99778,0.0024108284
99779,0.002264748
99780,0.0026792323
99781,0.0026401675
99782,0.002705188
99783,0.0022724585
99784,0.0021217675
99785,0.0015622384
99786,0.0014258806
99787,0.0022033236
99788,0.0025233696
99789,0.0026224484
99790,0.002444206
99791,0.002305744
99792,0.0018308163
99793,0.0018288759
99794,0.002469898
99795,0.0015663874
99796,0.00051553483
99797,0.0014183493
99798,0.001989693
99799,0.0024279822
99800,0.0024137963
99801,0.0019721948
99802,0.0019602645
99803,0.0019386921
99804,0.00091282127
99805,0.0011785377
99806,0.0014366983
99807,0.0020951962
99808,0.0031308697
99809,0.0021073294
99810,0.00096196955
99811,0.0013930071
99812,0.0018237605
99813,0.002344497
99814,0.0023095275
99815,0.0016764542
99816,0.0010654962
99817,0.0012712046
99818,0.0011206903
99819,0.0011292535
99820,0.00081937
99821,0.0010781228
99822,0.0011390817
99823,0.00089878024
99824,0.0008982944
99825,0.0007884528
99826,0.0006445371
99827,0.00043454074
99828,0.0006428189
99829,0.00078096084
99830,0.0007688295
99831,0.0005475121
99832,0.00042396373
99833,0.00057479274
99834,0.0007537672
99835,0.0007424071
99836,0.0006624406
99837,0.0006469259
99838,0.0009076415
99839,0.00072044274
99840,0.00088026153
99841,0.0013055408
99842,0.001273172
99843,0.0009769498
99844,0.000729635
99845,0.0006257964
99846,0.0012494517
99847,0.0011601698
99848,0.001300918
99849,0.0018761796
99850,0.001994835
99851,0.0011077607
99852,0.0011886685
99853,0.0009754294
99854,0.0015044423
99855,0.0016995237
99856,0.0013185395
99857,0.0013492386
99858,0.0039073154
99859,0.005829971
99860,0.0049731014
99861,0.001622193
99862,0.0024146643
99863,0.0025106273
99864,0.0014633727
99865,0.0012709298
99866,0.0011938966
99867,0.001160245
99868,0.0011439513
99869,0.0018510836
99870,0.0027859202
99871,0.003804552
99872,0.004100159
99873,0.0028839414
99874,0.0022701905
99875,0.0026043851
99876,0.003017346
99877,0.0017031331
99878,0.0010273653
99879,0.0018903355
99880,0.0019921341
99881,0.0016375141
99882,0.0007924293
99883,0.00050820014
99884,0.0007077266
99885,0.0008913667
99886,0.0007747499
99887,0.00088658684
99888,0.0015267751
99889,0.0022947616
99890,0.002126385
99891,0.0019574712
99892,0.001830689
99893,0.0018696998
99894,0.002809762
99895,0.0031532943
99896,0.0025175267
99897,0.0018474953
99898,0.0013822054
99899,0.00071141805
99900,0.0
99901,0.0009582107
99902,0.0008529581
99903,0.00073638477
99904,0.0011957479
99905,0.0013153793
99906,0.001265583
99907,0.0011501675
99908,0.0011276545
99909,0.0014668491
99910,0.0018959161
99911,0.0019905996
99912,0.0027028953
99913,0.003218402
99914,0.002660231
99915,0.0019613777
99916,0.0013362117
99917,0.0008510794
99918,0.00078693795
99919,0.00055798993
99920,0.0006237934
99921,0.0007487309
99922,0.00079689745
99923,0.0011742329
99924,0.0010066176
99925,0.00091454136
99926,0.0007563882
99927,0.00066559634
99928,0.0011831466
99929,0.0019381365
99930,0.002230538
99931,0.0029788755
99932,0.0031647552
99933,0.003441356
99934,0.0036315839
99935,0.0036605275
99936,0.0037344543
99937,0.004457225
99938,0.0035581128
99939,0.0015923517
99940,0.0011814235
99941,0.0016638378
99942,0.002026161
99943,0.004535526
99944,0.0059670354
99945,0.0051798983
99946,0.004399059
99947,0.0032340805
99948,0.002001884
99949,0.0012867466
99950,0.001429224
99951,0.0020204359
99952,0.0013945106
99953,0.0008947234
99954,0.0007982841
99955,0.0007567344
99956,0.0007111725
99957,0.00076716207
99958,0.0011838352
99959,0.0013976792
99960,0.0015018091
99961,0.0016598449
99962,0.0015232445
99963,0.0015482972
99964,0.0017118941
99965,0.0014408451
99966,0.0007248728
99967,0.0008793353
99968,0.0012676279
99969,0.0012870632
99970,0.0011013051
99971,0.0007358313
99972,0.0008467597
99973,0.001339062
99974,0.0020374197
99975,0.0014471535
99976,0.0009611826
99977,0.0008924109
99978,0.0008713223
99979,0.0011247083
99980,0.0011012787
99981,0.002342423
99982,0.0040384657
99983,0.004521728
99984,0.0043391874
99985,0.0038575171
99986,0.0021373064
99987,0.0036792592
99988,0.0035762254
99989,0.0032267738
99990,0.0023150153
99991,0.004043615
99992,0.004677049
99993,0.004583736
99994,0.0034392157
99995,0.0023519085
99996,0.0032422594
99997,0.00476205
99998,0.004813664
99999,0.0040956135
100000,0.003964915
100001,0.0042441795
100002,0.0025678326
100003,0.0014363335
100004,0.0008624591
100005,0.0012923212
100006,0.0011246048
100007,0.0005667875
100008,0.0006286269
100009,0.00056745467
100010,0.0005193035
100011,0.0004954409
100012,0.0015756132
100013,0.0020102116
100014,0.0020066758
100015,0.0017896257
100016,0.001392631
100017,0.0011153799
100018,0.0012296586
100019,0.0014168096
100020,0.001270151
100021,0.0007336527
100022,0.0012495681
100023,0.0016189424
100024,0.0016332786
100025,0.0012030033
100026,0.0007661751
100027,0.0010294312
100028,0.0010170586
100029,0.0010353231
100030,0.001298903
100031,0.0011395159
100032,0.0010680608
100033,0.0012237272
100034,0.0010321136
100035,0.001067979
100036,0.0020551414
100037,0.0023686045
100038,0.0016522704
100039,0.0016642751
100040,0.002551334
100041,0.0035789667
100042,0.0038869574
100043,0.0026561252
100044,0.0020397897
100045,0.0021860711
100046,0.002326465
100047,0.0026498723
100048,0.0027013444
100049,0.0021160399
100050,0.001325013
100051,0.001259428
100052,0.0015508704
100053,0.0015649747
100054,0.0024971208
100055,0.003003647
100056,0.0023736614
100057,0.003031962
100058,0.0031665573
100059,0.0022500893
100060,0.0013531586
100061,0.00064422097
100062,0.0012130018
100063,0.0016319059
100064,0.0016237352
100065,0.0017225376
100066,0.002151868
100067,0.0017841042
100068,0.0007111725
100069,0.0010338322
100070,0.0012461396
100071,0.0009762048
100072,0.00074471644
100073,0.0008698514
100074,0.0008139888
100075,0.0010147095
100076,0.00071162253
100077,0.001170907
100078,0.0013297709
100079,0.0017138141
100080,0.0038156507
100081,0.0063112387
100082,0.0048235394
100083,0.0013577751
100084,0.00056529645
100085,0.00074806984
100086,0.0006176512
100087,0.00085683906
100088,0.0011493576
100089,0.0017326454
100090,0.0021034312
100091,0.0016945845
100092,0.0025205768
100093,0.0026432741
100094,0.0023427957
100095,0.0018812144
100096,0.0015988997
100097,0.0011913099
100098,0.0016342405
100099,0.0014766968
100100,0.0013553721
100101,0.0015584894
100102,0.0012063856
100103,0.0010680608
100104,0.0010749326
100105,0.001314339
100106,0.0012383615
100107,0.0024525626
100108,0.0024935284
100109,0.0025008824
100110,0.0020369627
100111,0.0019575753
100112,0.0016585819
100113,0.0020129895
100114,0.0019551357
100115,0.0018933046
100116,0.0019507841
100117,0.0022445596
100118,0.0016994722
100119,0.0014389047
100120,0.0017338376
100121,0.0018812144
100122,0.0018032184
100123,0.0021844197
100124,0.0023358285
100125,0.0019264184
100126,0.0022496108
100127,0.0027210747
100128,0.0015824144
100129,0.0008665326
100130,0.0015157746
100131,0.002234514
100132,0.0027538522
100133,0.0027243241
100134,0.0021744578
100135,0.0015320083
100136,0.0013247054
100137,0.0010971483
100138,0.0014066047
100139,0.0016424652
100140,0.0022813294
100141,0.0029413863
100142,0.0018675037
100143,0.0011457562
100144,0.0011754716
100145,0.0012822377
100146,0.0019262219
100147,0.0024067566
100148,0.0016776863
100149,0.0012401463
100150,0.0014181852
100151,0.0014138073
100152,0.0011525184
100153,0.000924291
100154,0.0009993342
100155,0.0011244495
100156,0.0013269664
100157,0.0013378443
100158,0.0007726057
100159,0.00059626537
100160,0.0006102085
100161,0.00078797276
100162,0.00077053107
100163,0.00078797276
100164,0.0007629013
100165,0.0009341258
100166,0.0008279563
100167,0.0010520545
100168,0.00083506154
100169,0.00080050493
100170,0.00096890307
100171,0.0012090363
100172,0.001016028
100173,0.00096163666
100174,0.0017984831
100175,0.0016140633
100176,0.001115145
100177,0.0012924338
100178,0.0010587829
100179,0.0014334534
100180,0.0016375141
100181,0.0011981551
100182,0.0019386921
100183,0.0021383683
100184,0.0017462482
100185,0.0012338408
100186,0.0010209145
100187,0.0013093917
100188,0.0013517168
100189,0.001158739
100190,0.0020571796
100191,0.004901546
100192,0.0053021987
100193,0.003023965
100194,0.0013130984
100195,0.0028040698
100196,0.0032743616
100197,0.0025277026
100198,0.0023501508
100199,0.0015513019
100200,0.00089358416
100201,0.0005248779
100202,0.0014592102
100203,0.0025203344
100204,0.0032515097
100205,0.0033507203
100206,0.0025477265
100207,0.0025288076
100208,0.0032942644
100209,0.0039130016
100210,0.0036723074
100211,0.0033106825
100212,0.0029821175
100213,0.002344075
100214,0.0016754991
100215,0.0013347734
100216,0.0012690277
100217,0.0011280415
100218,0.0013247713
100219,0.0011217286
100220,0.0011817437
100221,0.0017031843
100222,0.0021162874
100223,0.001878474
100224,0.0017889425
100225,0.0019812642
100226,0.002052293
100227,0.0023844147
100228,0.0026874535
100229,0.0025486404
100230,0.0023740784
100231,0.0025259058
100232,0.0017145441
100233,0.0
100234,0.00083230366
100235,0.0008153107
100236,0.0008296769
100237,0.00084912794
100238,0.00079235586
100239,0.00071590394
100240,0.0008854372
100241,0.0008744897
100242,0.0014500667
100243,0.0021602237
100244,0.0023151913
100245,0.002628213
100246,0.0025803826
100247,0.0020459015
100248,0.002101244
100249,0.0015362198
100250,0.001040175
100251,0.0009147959
100252,0.0009490243
100253,0.0008821771
100254,0.00071166345
100255,0.00084414345
100256,0.0011044717
100257,0.0006721665
100258,0.000822985
100259,0.0008073471
100260,0.0006367689
100261,0.0007578489
100262,0.0010366155
100263,0.0013483323
100264,0.0018646808
100265,0.0014336971
100266,0.0016142075
100267,0.0016581257
100268,0.0022990697
100269,0.0029957495
100270,0.0037000834
100271,0.003034313
100272,0.0016984273
100273,0.0017783036
100274,0.0020151858
100275,0.0023971237
100276,0.0041616512
100277,0.0054734563
100278,0.004514223
100279,0.0030328643
100280,0.0011001418
100281,0.0011382381
100282,0.0009963008
100283,0.0015178277
100284,0.0019243777
100285,0.001339301
100286,0.0007839365
100287,0.0007431516
100288,0.0010221681
100289,0.0010251533
100290,0.0010176881
100291,0.00068098493
100292,0.00067017187
100293,0.00064845366
100294,0.0010431088
100295,0.0008612434
100296,0.0011832204
100297,0.001906387
100298,0.0017263349
100299,0.0007486143
100300,0.0009850491
100301,0.0013837627
100302,0.0011327018
100303,0.000978587
100304,0.0008469659
100305,0.0011206643
100306,0.001755109
100307,0.0028779306
100308,0.0016353087
100309,0.0008804599
100310,0.0008890455
100311,0.0010049972
100312,0.00133377
100313,0.0011047089
100314,0.0019950538
100315,0.0030574363
100316,0.00273993
100317,0.0022464518
100318,0.003950973
100319,0.0048959674
100320,0.0053492994
100321,0.0052510523
100322,0.0051457933
100323,0.0053175567
100324,0.0056387833
100325,0.00543613
100326,0.004632274
100327,0.0039797076
100328,0.0032301995
100329,0.00442345
100330,0.005398604
100331,0.0047153854
100332,0.0040373052
100333,0.0041643498
100334,0.00412911
100335,0.0021287515
100336,0.0010114345
100337,0.000965985
100338,0.001600628
100339,0.0015987359
100340,0.00074631703
100341,0.0006126361
100342,0.00031364142
100343,0.0013224186
100344,0.001791771
100345,0.0022768215
100346,0.0019846547
100347,0.0014962952
100348,0.0015448158
100349,0.0016079933
100350,0.0015587695
100351,0.0014662339
100352,0.0012666633
100353,0.0010544033
100354,0.0013145825
100355,0.0017561368
100356,0.0016296394
100357,0.0012751592
100358,0.0011158495
100359,0.000825915
100360,0.0010622134
100361,0.0014030827
100362,0.0011996116
100363,0.0016593714
100364,0.0016897687
100365,0.0015060664
100366,0.0013021032
100367,0.0010066465
100368,0.00088635704
100369,0.0017540143
100370,0.002597806
100371,0.0021590244
100372,0.0012834629
100373,0.002193315
100374,0.0040343557
100375,0.0044311155
100376,0.0023668222
100377,0.0017870707
100378,0.0024891477
100379,0.0027258408
100380,0.0026076462
100381,0.002485626
100382,0.0021901678
100383,0.0015883073
100384,0.0012246782
100385,0.001307078
100386,0.0013171923
100387,0.0023995144
100388,0.0036568444
100389,0.003082398
100390,0.0028297752
100391,0.0027641687
100392,0.0019399526
100393,0.0011517354
100394,0.0005754506
100395,0.000944413
100396,0.0014713263
100397,0.0016828653
100398,0.0018181344
100399,0.0021390351
100400,0.0018590378
100401,0.0011476597
100402,0.0011386472
100403,0.0010333817
100404,0.0010239034
100405,0.0008387131
100406,0.000888849
100407,0.0009851968
100408,0.0015564712
100409,0.0017339886
100410,0.0020231134
100411,0.0019827767
100412,0.002211814
100413,0.003561375
100414,0.0055525587
100415,0.0044342866
100416,0.0016308534
100417,0.00096408505
100418,0.0006754923
100419,0.00030364605
100420,0.0006258429
100421,0.0008363849
100422,0.002033502
100423,0.00249606
100424,0.001630889
100425,0.0023219695
100426,0.002335517
100427,0.0018373699
100428,0.0014772683
100429,0.0012893451
100430,0.0011173352
100431,0.001425309
100432,0.0009989847
100433,0.0010037222
100434,0.0010437502
100435,0.0007657951
100436,0.00078114716
100437,0.00052137295
100438,0.00063001434
100439,0.0008922804
100440,0.0016544355
100441,0.0018223237
100442,0.0015800585
100443,0.0011758181
100444,0.0017991303
100445,0.0020177693
100446,0.0019203809
100447,0.0014440129
100448,0.0010838843
100449,0.0012083622
100450,0.0020615747
100451,0.0019574712
100452,0.0018125072
100453,0.0012620826
100454,0.0012720971
100455,0.0012963687
100456,0.0012889161
100457,0.0017578099
100458,0.0021253582
100459,0.002802855
100460,0.0026858286
100461,0.0013464314
100462,0.0015817153
100463,0.0020173655
100464,0.0019332651
100465,0.0021619475
100466,0.002033502
100467,0.0019963225
100468,0.001401007
100469,0.0012014055
100470,0.0013190692
100471,0.0016417918
100472,0.0019488735
100473,0.0022152981
100474,0.0020698733
100475,0.0010465072
100476,0.0009775752
100477,0.001181596
100478,0.0011874192
100479,0.0018220681
100480,0.002440691
100481,0.0016595818
100482,0.0013310397
100483,0.0011545368
100484,0.0012542873
100485,0.0009841623
100486,0.00095101557
100487,0.0010305897
100488,0.0011050251
100489,0.00158039
100490,0.0016327796
100491,0.0010567469
100492,0.000979449
100493,0.0009213264
100494,0.0008461408
100495,0.00086800917
100496,0.00087555405
100497,0.0008868494
100498,0.001263143
100499,0.0013278215
100500,0.0013626962
100501,0.0009996254
100502,0.0010524971
100503,0.0014682572
100504,0.0015300693
100505,0.0012607444
100506,0.0009820308
100507,0.0016331717
100508,0.0014879862
100509,0.0008318839
100510,0.0012078081
100511,0.0010488683
100512,0.0016570371
100513,0.0020425844
100514,0.00097160274
100515,0.0016525699
100516,0.0020396898
100517,0.002302384
100518,0.001687373
100519,0.00133954
100520,0.0010888405
100521,0.0011407667
100522,0.0017193751
100523,0.0042421287
100524,0.0055639474
100525,0.004261029
100526,0.0011732412
100527,0.0029491927
100528,0.0038022716
100529,0.0034895786
100530,0.002878497
100531,0.0033118778
100532,0.0030324133
100533,0.0024824273
100534,0.0016133419
100535,0.001478568
100536,0.0020325428
100537,0.0027591418
100538,0.0025047548
100539,0.0017550592
100540,0.0015102155
100541,0.002297094
100542,0.003270573
100543,0.0036737258
100544,0.0038645049
100545,0.0034260484
100546,0.0027536303
100547,0.0017717287
100548,0.0017777145
100549,0.0018777302
100550,0.001812186
100551,0.0018829772
100552,0.001651125
100553,0.0014828332
100554,0.002135958
100555,0.0024799171
100556,0.0015290418
100557,0.0014690894
100558,0.0016133238
100559,0.0015333375
100560,0.0020224804
100561,0.0025646344
100562,0.0023790747
100563,0.002388951
100564,0.0026777326
100565,0.0020598518
100566,0.0
100567,0.0008251747
100568,0.0007565421
100569,0.0006721665
100570,0.00049497077
100571,0.0010587005
100572,0.0012947961
100573,0.0010161139
100574,0.00079762755
100575,0.0016222827
100576,0.0023990776
100577,0.0023135818
100578,0.0023328112
100579,0.0021045792
100580,0.001734425
100581,0.0020000513
100582,0.0017451479
100583,0.0014589309
100584,0.001089829
100585,0.00095848396
100586,0.0007648825
100587,0.0006586956
100588,0.0009807853
100589,0.0011318536
100590,0.0006088716
100591,0.0007874925
100592,0.0005383996
100593,0.0006970779
100594,0.00076396874
100595,0.00082929095
100596,0.0010434992
100597,0.0011680451
100598,0.0004381425
100599,0.0007237477
100600,0.000871055
100601,0.0016137748
100602,0.0024762764
100603,0.0027438044
100604,0.0023366134
100605,0.0014695054
100606,0.0016806675
100607,0.0015973336
100608,0.0021267817
100609,0.0032668067
100610,0.004624527
100611,0.004331353
100612,0.0027469741
100613,0.0008335615
100614,0.0014730067
100615,0.0016863379
100616,0.0021464105
100617,0.0021282046
100618,0.0013906023
100619,0.0008995247
100620,0.0014756913
100621,0.0017671068
100622,0.0019699947
100623,0.0020644667
100624,0.0018091963
100625,0.0013868511
100626,0.0014391675
100627,0.0016505962
100628,0.0013774808
100629,0.0016096395
100630,0.0018647589
100631,0.0016024634
100632,0.0006507386
100633,0.0009097553
100634,0.001395074
100635,0.0012544265
100636,0.0014596689
100637,0.0016853366
100638,0.0021250842
100639,0.002100773
100640,0.00281028
100641,0.0015346846
100642,0.00091492315
100643,0.0009698038
100644,0.0013593603
100645,0.0016393969
100646,0.0012880352
100647,0.0017779273
100648,0.0026067868
100649,0.0027284233
100650,0.0031222033
100651,0.0051606805
100652,0.0053111822
100653,0.0044152183
100654,0.004270471
100655,0.0041678217
100656,0.0049232654
100657,0.004648775
100658,0.0036914998
100659,0.0018835954
100660,0.003016989
100661,0.003566242
100662,0.005402333
100663,0.006844562
100664,0.0047577457
100665,0.003652616
100666,0.0041779624
100667,0.0039633806
100668,0.002258275
100669,0.0010485075
100670,0.00096462824
100671,0.0016248103
100672,0.0014420766
100673,0.0006664703
100674,0.00075907685
100675,0.00075322646
100676,0.0017457315
100677,0.0023554699
100678,0.0023474619
100679,0.0018208538
100680,0.0012802616
100681,0.0014822639
100682,0.0014967232
100683,0.0014489624
100684,0.0009847832
100685,0.0010339448
100686,0.0011562749
100687,0.0015387186
100688,0.0015962947
100689,0.001136703
100690,0.0007651107
100691,0.0009059083
100692,0.0008969975
100693,0.0008144892
100694,0.0012203692
100695,0.0013740114
100696,0.001830864
100697,0.0015874458
100698,0.001056003
100699,0.0006909974
100700,0.00070949266
100701,0.0009557168
100702,0.001601228
100703,0.0023351556
100704,0.0023033065
100705,0.0012591043
100706,0.0014399763
100707,0.0039694193
100708,0.0041986005
100709,0.0018470227
100710,0.0014429442
100711,0.002125591
100712,0.0023250636
100713,0.002405898
100714,0.0024605596
100715,0.0023026366
100716,0.0019073181
100717,0.0015227094
100718,0.0013722946
100719,0.0014127571
100720,0.0029835226
100721,0.004084905
100722,0.0031199188
100723,0.0023191727
100724,0.0017332165
100725,0.001656633
100726,0.0014632534
100727,0.0011339088
100728,0.0009226522
100729,0.0013265716
100730,0.001409106
100731,0.0016386866
100732,0.0018777922
100733,0.0019336264
100734,0.0017590678
100735,0.0015502133
100736,0.000688212
100737,0.0007834909
100738,0.00088075735
100739,0.0014867535
100740,0.0017654755
100741,0.00207361
100742,0.0022117877
100743,0.0020112826
100744,0.00209307
100745,0.0021190909
100746,0.0028885698
100747,0.003894408
100748,0.0036644293
100749,0.0023121093
100750,0.0014902729
100751,0.0011146491
100752,0.00069995277
100753,0.0010003239
100754,0.001284007
100755,0.0021082407
100756,0.0022879536
100757,0.0014322753
100758,0.002099484
100759,0.002126823
100760,0.0012705863
100761,0.00078002864
100762,0.001030618
100763,0.0013309959
100764,0.0013138296
100765,0.0007449509
100766,0.0008206477
100767,0.00085547933
100768,0.00062009663
100769,0.00085193384
100770,0.0007837509
100771,0.0008854372
100772,0.000745966
100773,0.00078908005
100774,0.0013357106
100775,0.0014825977
100776,0.0017082008
100777,0.0021096207
100778,0.002111179
100779,0.0015577984
100780,0.0010260614
100781,0.00083237357
100782,0.0012279296
100783,0.00142686
100784,0.0013174795
100785,0.0014269007
100786,0.0011210279
100787,0.0013936964
100788,0.0012189853
100789,0.000699412
100790,0.0014225087
100791,0.0022017248
100792,0.002892718
100793,0.0025654172
100794,0.0016633305
100795,0.0019658094
100796,0.0024087632
100797,0.0019442386
100798,0.0018553238
100799,0.0013201277
100800,0.0012824647
100801,0.0013718704
100802,0.0018373699
100803,0.0017939463
100804,0.0015926259
100805,0.0017331156
100806,0.0016776863
100807,0.0010502825
100808,0.00069799577
100809,0.0010390552
100810,0.0010987653
100811,0.00096054655
100812,0.0016308534
100813,0.002060332
100814,0.0012707008
100815,0.0007890063
100816,0.00048324853
100817,0.0009743546
100818,0.00096682826
100819,0.0012541249
100820,0.0012217517
100821,0.00056121446
100822,0.001185874
100823,0.0013882563
100824,0.0010052867
100825,0.0011617742
100826,0.0011193131
100827,0.0009189225
100828,0.0011509012
100829,0.0013507692
100830,0.0009389736
100831,0.0007713616
100832,0.0011261824
100833,0.0009815269
100834,0.00091600406
100835,0.0008930955
100836,0.0013464531
100837,0.0011374196
100838,0.0008663983
100839,0.0005807368
100840,0.0015354808
100841,0.0015801138
100842,0.0010737949
100843,0.0011710562
100844,0.0014858919
100845,0.0025018365
100846,0.0027644108
100847,0.001771778
100848,0.0015491805
100849,0.0017445808
100850,0.0020103708
100851,0.0017018851
100852,0.0014554957
100853,0.0009008826
100854,0.0008961535
100855,0.0017387656
100856,0.004751514
100857,0.0052568577
100858,0.003181302
100859,0.0019001635
100860,0.0039868094
100861,0.004055086
100862,0.0027603863
100863,0.0023553092
100864,0.0027692495
100865,0.0033120273
100866,0.0033391132
100867,0.0027607973
100868,0.0017752734
100869,0.0019369799
100870,0.0031643047
100871,0.0032081218
100872,0.0023045444
100873,0.0023111273
100874,0.0020859523
100875,0.002049611
100876,0.002221949
100877,0.0023591614
100878,0.002183047
100879,0.0021620956
100880,0.0019582147
100881,0.0019531101
100882,0.0019107788
100883,0.0023125121
100884,0.0024525388
100885,0.0022453503
100886,0.0016806502
100887,0.002568943
100888,0.0029832688
100889,0.0016118077
100890,0.0014134985
100891,0.0015550121
100892,0.0013428818
100893,0.0018094858
100894,0.0020052684
100895,0.0014517317
100896,0.0015055253
100897,0.0021033343
100898,0.0019129404
100899,0.0
100900,0.0006965349
100901,0.0005224882
100902,0.0005547467
100903,0.0004479306
100904,0.0012791016
100905,0.0015632814
100906,0.00084134616
100907,0.00081502507
100908,0.001712234
100909,0.0024535
100910,0.0021199423
100911,0.001868423
100912,0.0019653947
100913,0.0021105863
100914,0.0023731587
100915,0.0021588625
100916,0.0017868426
100917,0.0010149962
100918,0.0008363501
100919,0.0007346437
100920,0.0007657951
100921,0.0010971217
100922,0.0011454514
100923,0.0005226553
100924,0.00055085076
100925,0.0008646498
100926,0.00090484746
100927,0.0008415191
100928,0.0009184473
100929,0.0010573801
100930,0.000931005
100931,0.00068098493
100932,0.0007911428
100933,0.0008661295
100934,0.0013130762
100935,0.0020487162
100936,0.0025011967
100937,0.0023061857
100938,0.0016238069
100939,0.0017943194
100940,0.0016982388
100941,0.0019413324
100942,0.002314286
100943,0.0024589386
100944,0.0036258814
100945,0.0030162558
100946,0.0016217803
100947,0.0018963459
100948,0.0020263763
100949,0.0021103655
100950,0.0016185648
100951,0.001083374
100952,0.0014582525
100953,0.0018580043
100954,0.0019716339
100955,0.0020987908
100956,0.002513408
100957,0.0022902293
100958,0.0018206299
100959,0.002617027
100960,0.0031810368
100961,0.003014499
100962,0.0023520447
100963,0.0019109311
100964,0.0018619944
100965,0.0011412003
100966,0.0013338573
100967,0.0014530141
100968,0.0015816785
100969,0.0016603358
100970,0.0016789349
100971,0.002037134
100972,0.0017924531
100973,0.0023688134
100974,0.0016641002
100975,0.0013669184
100976,0.001623269
100977,0.0018536916
100978,0.0016423059
100979,0.00097223156
100980,0.0013962834
100981,0.0021852455
100982,0.0027565986
100983,0.0043205284
100984,0.0062326365
100985,0.004735292
100986,0.0020442079
100987,0.002071349
100988,0.0020968346
100989,0.0019210324
100990,0.0018927203
100991,0.002342957
100992,0.0022246065
100993,0.0032051266
100994,0.0042631594
100995,0.0068343533
100996,0.008349245
100997,0.005294624
100998,0.0037075481
100999,0.004327501
101000,0.0035708174
101001,0.002039376
101002,0.0013922339
101003,0.0015505888
101004,0.0018653362
101005,0.0013777765
101006,0.0005987495
101007,0.0007823757
101008,0.00094558334
101009,0.001912986
101010,0.0022615977
101011,0.0014940372
101012,0.0016017186
101013,0.001528166
101014,0.001799939
101015,0.0014811443
101016,0.0011008029
101017,0.0005987981
101018,0.0010257494
101019,0.0010665337
101020,0.0008868494
101021,0.0009098513
101022,0.00074752496
101023,0.000827886
101024,0.00060815417
101025,0.0008830674
101026,0.00062309316
101027,0.00053433
101028,0.000643995
101029,0.0010860303
101030,0.0009076735
101031,0.00061477016
101032,0.0006022874
101033,0.00068375724
101034,0.0008382618
101035,0.0017125059
101036,0.0025531128
101037,0.0022951546
101038,0.0012159733
101039,0.0013727611
101040,0.0033841417
101041,0.003631688
101042,0.0019316084
101043,0.001776912
101044,0.0020108484
101045,0.0019467069
101046,0.0017980624
101047,0.0019243172
101048,0.0019496798
101049,0.0016470129
101050,0.0016584591
101051,0.0018831936
101052,0.0019464976
101053,0.0032520378
101054,0.004254282
101055,0.0026973984
101056,0.0010154262
101057,0.00080449425
101058,0.0012563044
101059,0.0014299774
101060,0.0011005121
101061,0.0009110021
101062,0.0010526353
101063,0.0013159987
101064,0.0016014642
101065,0.0011494589
101066,0.0012757753
101067,0.0015174251
101068,0.0015619404
101069,0.0008935516
101070,0.00090368884
101071,0.0014132926
101072,0.0019666678
101073,0.0021129705
101074,0.002027482
101075,0.0022117351
101076,0.0020869568
101077,0.00215249
101078,0.002005762
101079,0.0016193199
101080,0.002752499
101081,0.0034226829
101082,0.0026707023
101083,0.0018400132
101084,0.001711656
101085,0.0017449145
101086,0.0018375916
101087,0.0018193827
101088,0.0021499465
101089,0.002263887
101090,0.0012719828
101091,0.001489257
101092,0.0017492124
101093,0.0012616906
101094,0.0008821441
101095,0.0013085913
101096,0.0014002173
101097,0.0012870406
101098,0.0010393632
101099,0.0009788248
101100,0.001106157
101101,0.000811518
101102,0.0006045543
101103,0.00047030745
101104,0.0008305184
101105,0.00072044274
101106,0.0005183499
101107,0.00093053596
101108,0.0014670276
101109,0.0018623226
101110,0.0021017147
101111,0.0018070233
101112,0.0011445363
101113,0.0011873946
101114,0.0012392307
101115,0.0011508
101116,0.0010231356
101117,0.001273652
101118,0.0012842789
101119,0.0012455556
101120,0.001033804
101121,0.0009292527
101122,0.000819441
101123,0.0014883773
101124,0.0019416471
101125,0.0024583112
101126,0.0027177248
101127,0.0023742008
101128,0.0022724713
101129,0.0019651875
101130,0.0015928999
101131,0.0016647996
101132,0.00156276
101133,0.0014227338
101134,0.0016363228
101135,0.002408304
101136,0.0023856228
101137,0.0016821561
101138,0.0012281904
101139,0.0008722904
101140,0.00078107265
101141,0.000973189
101142,0.0009897945
101143,0.0006636258
101144,0.000553381
101145,0.0015759271
101146,0.0017864028
101147,0.0012465833
101148,0.00071244006
101149,0.0004448009
101150,0.0011012787
101151,0.0013238704
101152,0.0016303536
101153,0.0013840782
101154,0.00073377165
101155,0.00087125547
101156,0.0010769884
101157,0.00087950076
101158,0.0011407667
101159,0.001133421
101160,0.0013072784
101161,0.0015722662
101162,0.0018019266
101163,0.0013138296
101164,0.0010096488
101165,0.0010340855
101166,0.000951658
101167,0.0010718417
101168,0.0011130552
101169,0.0010948647
101170,0.0010489793
101171,0.0013786845
101172,0.0012456024
101173,0.001626332
101174,0.0015425157
101175,0.0013273831
101176,0.0011085224
101177,0.0015844363
101178,0.0027906902
101179,0.00281535
101180,0.0020574485
101181,0.0020646923
101182,0.0021906462
101183,0.0020825174
101184,0.0017683745
101185,0.0017933947
101186,0.0012671228
101187,0.001202592
101188,0.0020878073
101189,0.00446493
101190,0.0040531475
101191,0.0010780148
101192,0.002049128
101193,0.0049672048
101194,0.004642109
101195,0.002025615
101196,0.0016717603
101197,0.0015340776
101198,0.0020222215
101199,0.002494637
101200,0.002600997
101201,0.0018792021
101202,0.0024491544
101203,0.0044385702
101204,0.003757227
101205,0.0023418886
101206,0.002417507
101207,0.0024502832
101208,0.002668042
101209,0.0023434663
101210,0.0020677068
101211,0.0015413454
101212,0.0017756176
101213,0.0024310488
101214,0.002365703
101215,0.0022947108
101216,0.0020391904
101217,0.0019030714
101218,0.001835135
101219,0.0017060698
101220,0.0024666672
101221,0.0033848812
101222,0.0023927975
101223,0.0014432669
101224,0.0014879275
101225,0.001265491
101226,0.0016373363
101227,0.0015043069
101228,0.0011460356
101229,0.0014959062
101230,0.0014680589
101231,0.0011308503
101232,0.0
101233,0.0004840308
101234,0.0004807124
101235,0.0007152125
101236,0.0007622143
101237,0.0013635075
101238,0.0016982388
101239,0.00086161506
101240,0.00095080136
101241,0.0019543464
101242,0.002327803
101243,0.0017665632
101244,0.0014466709
101245,0.0015932653
101246,0.0018760245
101247,0.0019850945
101248,0.0019867506
101249,0.0018783811
101250,0.001408011
101251,0.0010997714
101252,0.0007899279
101253,0.00096538226
101254,0.0012712046
101255,0.0014078249
101256,0.0008759196
101257,0.00095739024
101258,0.0011327788
101259,0.0008495049
101260,0.0011808814
101261,0.0014982973
101262,0.001256976
101263,0.0010160566
101264,0.0006054683
101265,0.0007579641
101266,0.0009875278
101267,0.0014682175
101268,0.00200232
101269,0.00258355
101270,0.0023814957
101271,0.002026563
101272,0.0020015931
101273,0.001927083
101274,0.0020546457
101275,0.0021435204
101276,0.0017510416
101277,0.0025892663
101278,0.0024223418
101279,0.0013347298
101280,0.0017150023
101281,0.0017082519
101282,0.0014955365
101283,0.0011970615
101284,0.0015511706
101285,0.0020287018
101286,0.002015648
101287,0.0020309528
101288,0.0018772187
101289,0.0025082729
101290,0.0026225483
101291,0.0023287907
101292,0.0024707462
101293,0.0031131483
101294,0.0030253509
101295,0.0039514373
101296,0.0042758314
101297,0.003960942
101298,0.0031383345
101299,0.002223808
101300,0.0023255267
101301,0.0019645505
101302,0.0014628755
101303,0.0013006271
101304,0.0011399755
101305,0.0011168662
101306,0.0016438822
101307,0.0017790237
101308,0.00200537
101309,0.0018479679
101310,0.001663453
101311,0.0012351611
101312,0.0011008822
101313,0.0017266046
101314,0.0028240923
101315,0.0032442603
101316,0.005146359
101317,0.007296685
101318,0.004901071
101319,0.002142665
101320,0.001915753
101321,0.0022049346
101322,0.0021397697
101323,0.0037609122
101324,0.004269981
101325,0.00405533
101326,0.0041989265
101327,0.004544808
101328,0.00764661
101329,0.009471923
101330,0.005982214
101331,0.0038431934
101332,0.0041092774
101333,0.003105276
101334,0.001915753
101335,0.0015159858
101336,0.0017604735
101337,0.0016339199
101338,0.0009758768
101339,0.00063945976
101340,0.00088125287
101341,0.0012755472
101342,0.0016141895
101343,0.0019261313
101344,0.0016446788
101345,0.0014881035
101346,0.0013434452
101347,0.0014044096
101348,0.0014347928
101349,0.0013386055
101350,0.00093645963
101351,0.0008433156
101352,0.00077083317
101353,0.0009137136
101354,0.00116022
101355,0.0011541587
101356,0.00095778535
101357,0.0007261965
101358,0.00076423533
101359,0.000563853
101360,0.000734406
101361,0.0009264925
101362,0.0013314332
101363,0.00096881296
101364,0.0004604262
101365,0.00043340065
101366,0.00027823765
101367,0.0012579019
101368,0.0026622433
101369,0.002588794
101370,0.0017197813
101371,0.001123595
101372,0.0014302419
101373,0.0024425623
101374,0.0025020228
101375,0.001959418
101376,0.0019226982
101377,0.0019601309
101378,0.0016928662
101379,0.0017118941
101380,0.0015544505
101381,0.001254844
101382,0.0015827639
101383,0.0013465828
101384,0.0016081381
101385,0.0019693298
101386,0.0028388423
101387,0.0032964107
101388,0.0018409303
101389,0.00069171307
101390,0.00079755456
101391,0.0008845492
101392,0.0008196541
101393,0.0007661371
101394,0.0006922178
101395,0.0008014133
101396,0.0013488717
101397,0.0015122184
101398,0.0010819493
101399,0.00079433684
101400,0.0008811538
101401,0.0011947739
101402,0.0009958333
101403,0.0013203262
101404,0.001852121
101405,0.0019243021
101406,0.0018429845
101407,0.0018871767
101408,0.0021748324
101409,0.0023893407
101410,0.002071644
101411,0.0015675018
101412,0.0009109382
101413,0.0014946021
101414,0.002690376
101415,0.0026439237
101416,0.0023841704
101417,0.0020676223
101418,0.0017219968
101419,0.0016879766
101420,0.0017109417
101421,0.0015916204
101422,0.0015543381
101423,0.0011100179
101424,0.0012063374
101425,0.0015091359
101426,0.0011647515
101427,0.001079256
101428,0.0014888857
101429,0.001415926
101430,0.0014004459
101431,0.001303265
101432,0.0012113451
101433,0.0016234126
101434,0.0014931019
101435,0.00074436463
101436,0.00074475555
101437,0.0008107645
101438,0.00049166696
101439,0.0005665821
101440,0.0007820409
101441,0.0012485196
101442,0.0015243904
101443,0.0013437268
101444,0.0011464927
101445,0.0009631487
101446,0.00082711224
101447,0.0009098833
101448,0.0011562749
101449,0.0012760034
101450,0.0014656979
101451,0.001351846
101452,0.0013645956
101453,0.00091806694
101454,0.0007284774
101455,0.0010685783
101456,0.001409519
101457,0.0013228147
101458,0.0014555358
101459,0.0021260702
101460,0.0022215692
101461,0.0021533417
101462,0.0014433677
101463,0.0010885731
101464,0.0013325475
101465,0.0013974502
101466,0.0014984722
101467,0.001856202
101468,0.0026218824
101469,0.002538491
101470,0.0016875282
101471,0.0009595158
101472,0.0007720781
101473,0.0010715701
101474,0.0012773712
101475,0.0011661
101476,0.00077527564
101477,0.00070111605
101478,0.0013663222
101479,0.0017292995
101480,0.0015091166
101481,0.00091259804
101482,0.00076076196
101483,0.00094206806
101484,0.0011564008
101485,0.0014691885
101486,0.0013527714
101487,0.0008726907
101488,0.0004926132
101489,0.0006190632
101490,0.0007279178
101491,0.0010682787
101492,0.0011612731
101493,0.0012906085
101494,0.0015095794
101495,0.0019369499
101496,0.0016227132
101497,0.0012108404
101498,0.0012672147
101499,0.0011859967
101500,0.0010159994
101501,0.00097321894
101502,0.00069695263
101503,0.0013077236
101504,0.0017574787
101505,0.0015319702
101506,0.0019430856
101507,0.0017793999
101508,0.0013300991
101509,0.0009556559
101510,0.0017670903
101511,0.0027392607
101512,0.00243508
101513,0.0013941975
101514,0.001083374
101515,0.0014845006
101516,0.0015983718
101517,0.0016081562
101518,0.0019777946
101519,0.0019105045
101520,0.0018432213
101521,0.0024628178
101522,0.003885692
101523,0.0037173084
101524,0.0018276979
101525,0.0020919016
101526,0.005043445
101527,0.0049484726
101528,0.0022998163
101529,0.001266939
101530,0.0010218833
101531,0.0008130229
101532,0.0016941379
101533,0.0024942288
101534,0.0018997346
101535,0.0029016384
101536,0.0050139693
101537,0.004139184
101538,0.0023491227
101539,0.0019420668
101540,0.0020294476
101541,0.0020927778
101542,0.002062972
101543,0.002025112
101544,0.001382416
101545,0.0016547873
101546,0.0020575617
101547,0.0018637129
101548,0.0018713025
101549,0.0017495451
101550,0.0014287963
101551,0.002053158
101552,0.0026468502
101553,0.0027300443
101554,0.0033038626
101555,0.0022779333
101556,0.0008586035
101557,0.0012728748
101558,0.0011767583
101559,0.001364425
101560,0.0015317043
101561,0.0015526521
101562,0.0014991711
101563,0.0011390817
101564,0.001040986
101565,0.0
101566,0.0008278157
101567,0.0010205153
101568,0.0011342167
101569,0.0010285827
101570,0.0010796604
101571,0.0013921293
101572,0.0009261155
101573,0.0012613215
101574,0.0017133215
101575,0.0018799454
101576,0.0016151448
101577,0.0011083124
101578,0.0008552412
101579,0.0010188884
101580,0.0010244717
101581,0.0013690459
101582,0.0014875362
101583,0.0013978042
101584,0.0012864299
101585,0.0012138173
101586,0.0015354619
101587,0.0015127186
101588,0.0013631232
101589,0.00068863475
101590,0.0009476433
101591,0.0013123668
101592,0.0014122007
101593,0.001889088
101594,0.0016672977
101595,0.0013701721
101596,0.0010560306
101597,0.0007744117
101598,0.0012905183
101599,0.0016723522
101600,0.0019830703
101601,0.0024579915
101602,0.002805481
101603,0.0023404341
101604,0.0020533563
101605,0.0017599444
101606,0.0018068784
101607,0.0017618285
101608,0.001840709
101609,0.0016942238
101610,0.0019593437
101611,0.0016957864
101612,0.0006847355
101613,0.0011994903
101614,0.0010904431
101615,0.0011710065
101616,0.0010123836
101617,0.0018954708
101618,0.002155584
101619,0.0018128764
101620,0.0017581078
101621,0.0017386987
101622,0.0022561993
101623,0.0025533407
101624,0.0021232208
101625,0.0015793768
101626,0.0017699867
101627,0.003037486
101628,0.004614251
101629,0.0053364984
101630,0.0049610077
101631,0.004718631
101632,0.0038844782
101633,0.0029881818
101634,0.001875078
101635,0.001708286
101636,0.0020460722
101637,0.001692144
101638,0.0016858027
101639,0.0018945801
101640,0.0017907637
101641,0.0017968317
101642,0.0015087501
101643,0.0011904545
101644,0.001435462
101645,0.0018856493
101646,0.0020058926
101647,0.0033557804
101648,0.0042110593
101649,0.0058710855
101650,0.008179074
101651,0.0053985445
101652,0.0021170985
101653,0.0038257288
101654,0.004738585
101655,0.005119841
101656,0.0051871524
101657,0.0048037204
101658,0.0038728402
101659,0.003583063
101660,0.004378661
101661,0.00783012
101662,0.008971549
101663,0.0067046448
101664,0.005275824
101665,0.004129744
101666,0.0034441203
101667,0.002142529
101668,0.001467107
101669,0.0015194375
101670,0.0010453385
101671,0.0009596068
101672,0.0006643271
101673,0.0007989401
101674,0.0015378861
101675,0.0017370239
101676,0.0018490857
101677,0.001876831
101678,0.0014442949
101679,0.0009778729
101680,0.001194311
101681,0.0017047045
101682,0.0015528395
101683,0.0012081213
101684,0.0007683372
101685,0.00061779254
101686,0.0008698514
101687,0.00081947655
101688,0.0008633697
101689,0.0010062128
101690,0.0008376019
101691,0.0007119088
101692,0.0006551958
101693,0.00075969007
101694,0.00074806984
101695,0.0012224185
101696,0.00092777953
101697,0.00052426767
101698,0.00044013077
101699,0.00081280805
101700,0.0020570382
101701,0.0027351459
101702,0.0021570283
101703,0.0014810658
101704,0.0014842458
101705,0.0014183288
101706,0.0014158232
101707,0.0017189011
101708,0.0016553501
101709,0.0015442882
101710,0.001590962
101711,0.0017425611
101712,0.0015573686
101713,0.0012654449
101714,0.00096878293
101715,0.0013489581
101716,0.0012786464
101717,0.0010970157
101718,0.0015869325
101719,0.0020286012
101720,0.0023866228
101721,0.0017741091
101722,0.0012057099
101723,0.0010398112
101724,0.0010130733
101725,0.0009948391
101726,0.0011079183
101727,0.0010743911
101728,0.000643362
101729,0.0012951782
101730,0.0013629951
101731,0.0010380183
101732,0.00097220164
101733,0.001347555
101734,0.0017347103
101735,0.0017269249
101736,0.0018703068
101737,0.0019592694
101738,0.0018785206
101739,0.0017242769
101740,0.00206379
101741,0.0020307952
101742,0.0018955476
101743,0.0010952102
101744,0.0006209409
101745,0.00067030214
101746,0.0006276076
101747,0.0016553501
101748,0.002106625
101749,0.00243215
101750,0.002316536
101751,0.0018000683
101752,0.0011083124
101753,0.0015690235
101754,0.001645068
101755,0.001678068
101756,0.0012284036
101757,0.0010485075
101758,0.0015431005
101759,0.0015501758
101760,0.0013049387
101761,0.0014886706
101762,0.0013212516
101763,0.0014262479
101764,0.0014124068
101765,0.0009765625
101766,0.0016159555
101767,0.0017763223
101768,0.0012330858
101769,0.0010227374
101770,0.0008559555
101771,0.00096595485
101772,0.0010583431
101773,0.0013605801
101774,0.0013281722
101775,0.0012050096
101776,0.00090754527
101777,0.0010826215
101778,0.0010188884
101779,0.0008398574
101780,0.0010209145
101781,0.0011182465
101782,0.0012611138
101783,0.0014900776
101784,0.001799373
101785,0.001805412
101786,0.0015176168
101787,0.0009952486
101788,0.0010082354
101789,0.0012811705
101790,0.0010869143
101791,0.001075041
101792,0.0014118297
101793,0.0016638378
101794,0.0015341535
101795,0.0011117732
101796,0.0007152532
101797,0.001009937
101798,0.0014343059
101799,0.0020559202
101800,0.0025170527
101801,0.0024507463
101802,0.0024230385
101803,0.0018925205
101804,0.0010078601
101805,0.00074740814
101806,0.0009944002
101807,0.00093134877
101808,0.000975668
101809,0.00092164223
101810,0.00069957844
101811,0.0010652504
101812,0.0014721174
101813,0.0015391913
101814,0.0010999566
101815,0.0008304483
101816,0.0006731617
101817,0.0010074846
101818,0.001061062
101819,0.0010808189
101820,0.0010180312
101821,0.0006329179
101822,0.00062178395
101823,0.0005833369
101824,0.0005044063
101825,0.00051059976
101826,0.0011467465
101827,0.0020791744
101828,0.0023044813
101829,0.0017871195
101830,0.0012199399
101831,0.0011355246
101832,0.0010088126
101833,0.0004675767
101834,0.00081638084
101835,0.000931005
101836,0.0018856338
101837,0.0018224035
101838,0.0011324448
101839,0.0015121221
101840,0.0016692864
101841,0.0015370343
101842,0.0016073959
101843,0.0018595387
101844,0.0025337746
101845,0.002810715
101846,0.0017474311
101847,0.0005419556
101848,0.0008721236
101849,0.0010066465
101850,0.0012080972
101851,0.0016823118
101852,0.0018028955
101853,0.0019919588
101854,0.002774468
101855,0.0036400848
101856,0.0037310626
101857,0.002177975
101858,0.0012705404
101859,0.0047292523
101860,0.0057539544
101861,0.004047694
101862,0.0023232226
101863,0.0010682787
101864,0.0006686937
101865,0.0017261832
101866,0.002460666
101867,0.0021792573
101868,0.0033049283
101869,0.0050581736
101870,0.0035755252
101871,0.0014642873
101872,0.0011681448
101873,0.0009647791
101874,0.0010285827
101875,0.001826997
101876,0.0021786832
101877,0.00068579725
101878,0.0010328182
101879,0.0011329073
101880,0.00093763985
101881,0.000989118
101882,0.0011462388
101883,0.00095641694
101884,0.0021827137
101885,0.0030769832
101886,0.002577708
101887,0.002970099
101888,0.0025784646
101889,0.0013054293
101890,0.0015805741
101891,0.0017411743
101892,0.0018946875
101893,0.001960962
101894,0.0018359754
101895,0.0014986858
101896,0.0011579853
101897,0.000974026
101898,0.0
101899,0.0012484497
101900,0.0011058939
101901,0.0009326603
101902,0.000886554
101903,0.0007563497
101904,0.0010015451
101905,0.0011994903
101906,0.0016887868
101907,0.0019522903
101908,0.001614514
101909,0.0013272734
101910,0.0008552412
101911,0.000920726
101912,0.00092403905
101913,0.000800214
101914,0.0010864858
101915,0.0011060517
101916,0.001658073
101917,0.0019620156
101918,0.0016901821
101919,0.0015688195
101920,0.0009790033
101921,0.0008241512
101922,0.00073961855
101923,0.0009862597
101924,0.0010462846
101925,0.0013804145
101926,0.0016117175
101927,0.001406915
101928,0.001534912
101929,0.0011065516
101930,0.0011845726
101931,0.0015016153
101932,0.0013963042
101933,0.0012379853
101934,0.0018647433
101935,0.0020414155
101936,0.0017389498
101937,0.0016535382
101938,0.0014440934
101939,0.0017859791
101940,0.0017094611
101941,0.0019503216
101942,0.0018710225
101943,0.0020383196
101944,0.0016154511
101945,0.0009972643
101946,0.0012274556
101947,0.001089081
101948,0.0012564433
101949,0.001420031
101950,0.0017556064
101951,0.0017342237
101952,0.0014087135
101953,0.0012237986
101954,0.0011136302
101955,0.00090809027
101956,0.0011105422
101957,0.00086821034
101958,0.00065243593
101959,0.0006789304
101960,0.003033718
101961,0.004015961
101962,0.0036801924
101963,0.0028924563
101964,0.003508858
101965,0.003710585
101966,0.0030943663
101967,0.0020551698
101968,0.002080252
101969,0.0024012239
101970,0.0023522552
101971,0.003792047
101972,0.0043673334
101973,0.0037509939
101974,0.0026735014
101975,0.0015138919
101976,0.0012823739
101977,0.0021261796
101978,0.0021118682
101979,0.001545362
101980,0.003002959
101981,0.005171182
101982,0.0070390995
101983,0.009088294
101984,0.006567925
101985,0.0038653482
101986,0.0052732527
101987,0.005426484
101988,0.005003225
101989,0.0043039387
101990,0.0035983173
101991,0.002445468
101992,0.0034242044
101993,0.0054230937
101994,0.007853352
101995,0.008254144
101996,0.007537776
101997,0.005784666
101998,0.004506874
101999,0.0041820775
102000,0.0028133644
102001,0.0021200657
102002,0.0017854576
102003,0.0013448526
102004,0.0014721964
102005,0.0011831959
102006,0.00086821034
102007,0.0017601429
102008,0.002052761
102009,0.0020629577
102010,0.0020590886
102011,0.0013187381
102012,0.000731746
102013,0.0009068395
102014,0.001452954
102015,0.0014951472
102016,0.0013359068
102017,0.0008397188
102018,0.00049508834
102019,0.0010228512
102020,0.0010055472
102021,0.0009296598
102022,0.0013130762
102023,0.0012393247
102024,0.00060834555
102025,0.0008848453
102026,0.0010579029
102027,0.0010298552
102028,0.001133883
102029,0.0009793302
102030,0.0011015694
102031,0.0011296142
102032,0.0019886247
102033,0.0024879314
102034,0.0022789042
102035,0.0012501037
102036,0.0012354437
102037,0.0011364213
102038,0.00089579617
102039,0.00066397653
102040,0.0011494589
102041,0.0012448778
102042,0.00093241065
102043,0.0011279383
102044,0.0010545689
102045,0.0010045917
102046,0.00088635704
102047,0.00086286396
102048,0.0011706833
102049,0.0012066268
102050,0.0013302304
102051,0.0017565346
102052,0.0020627321
102053,0.0020356763
102054,0.0013294425
102055,0.0011113543
102056,0.001070918
102057,0.00118098
102058,0.0012938067
102059,0.0014729474
102060,0.0013922547
102061,0.0009892063
102062,0.0014410268
102063,0.0013878789
102064,0.0015700804
102065,0.0016505786
102066,0.0017655415
102067,0.0020126859
102068,0.0020751813
102069,0.002260941
102070,0.0020870403
102071,0.0018716912
102072,0.0025600456
102073,0.0025822655
102074,0.002028257
102075,0.0011357296
102076,0.0007589618
102077,0.00061981496
102078,0.0007047595
102079,0.0005594485
102080,0.00070537865
102081,0.0010104557
102082,0.0016882524
102083,0.0022022536
102084,0.001868314
102085,0.00093322183
102086,0.0011232065
102087,0.0014729474
102088,0.0014472541
102089,0.0011718263
102090,0.0011037864
102091,0.0014911905
102092,0.0015357462
102093,0.0013697472
102094,0.0012880578
102095,0.0010738763
102096,0.0012906085
102097,0.0014202974
102098,0.0008713223
102099,0.0013653846
102100,0.0014109843
102101,0.0011901122
102102,0.0012268389
102103,0.0013106581
102104,0.0015152369
102105,0.0013568959
102106,0.0013549856
102107,0.0010744452
102108,0.00090943533
102109,0.00126811
102110,0.0015143147
102111,0.0012335106
102112,0.001181251
102113,0.000976175
102114,0.0012779407
102115,0.0015864922
102116,0.0019098495
102117,0.001999571
102118,0.0019378061
102119,0.0019304329
102120,0.0015137765
102121,0.0013222646
102122,0.0013048719
102123,0.0011893539
102124,0.0014542955
102125,0.0016316026
102126,0.0015032812
102127,0.0013841622
102128,0.001017831
102129,0.0010156268
102130,0.001037822
102131,0.0013157997
102132,0.0019897367
102133,0.0027043163
102134,0.002844291
102135,0.0021070945
102136,0.0016130352
102137,0.0011416338
102138,0.000761756
102139,0.0010860303
102140,0.00056970684
102141,0.0006207065
102142,0.0009620603
102143,0.001134781
102144,0.0011871494
102145,0.0012047198
102146,0.0014639692
102147,0.0013002915
102148,0.0008355493
102149,0.00060175563
102150,0.0010006439
102151,0.0012473302
102152,0.0013368432
102153,0.0010606231
102154,0.00086562533
102155,0.0007305917
102156,0.00062075333
102157,0.0007103536
102158,0.00092520367
102159,0.001448862
102160,0.0021777612
102161,0.0019926017
102162,0.0012690277
102163,0.0008051813
102164,0.0011175956
102165,0.0013587392
102166,0.0011265441
102167,0.0011429841
102168,0.0011786612
102169,0.0020723043
102170,0.0020613347
102171,0.0015140648
102172,0.0013080797
102173,0.0017337705
102174,0.001955344
102175,0.0020154458
102176,0.0022054098
102177,0.0025295557
102178,0.002871664
102179,0.0018783656
102180,0.00036213515
102181,0.000640642
102182,0.0008654236
102183,0.0010121536
102184,0.0014388844
102185,0.0017453647
102186,0.002156772
102187,0.0025608526
102188,0.0032947327
102189,0.00446852
102190,0.0031653806
102191,0.0015186137
102192,0.003932603
102193,0.0055289743
102194,0.004523176
102195,0.003267261
102196,0.0021461393
102197,0.0008433156
102198,0.0017384643
102199,0.0020101536
102200,0.0017135423
102201,0.0027743
102202,0.0043283687
102203,0.0033927995
102204,0.0013488502
102205,0.0013496483
102206,0.0011169965
102207,0.0010374013
102208,0.0018356583
102209,0.002118198
102210,0.00093763985
102211,0.0011083124
102212,0.00135275
102213,0.0012169781
102214,0.0014250434
102215,0.0014128806
102216,0.000670085
102217,0.0020112102
102218,0.003394146
102219,0.0035618816
102220,0.0034440865
102221,0.0027082632
102222,0.0018875467
102223,0.0020020583
102224,0.0017484968
102225,0.0017656239
102226,0.0021894102
102227,0.0018855876
102228,0.0013548997
102229,0.0008578914
102230,0.0007963495
102231,0.0
102232,0.0014105304
102233,0.0010978908
102234,0.00063480047
102235,0.0006710832
102236,0.00066581497
102237,0.00082929095
102238,0.0013534382
102239,0.0016028811
102240,0.0016586697
102241,0.0013372351
102242,0.0010326492
102243,0.000729635
102244,0.0011396691
102245,0.0011619746
102246,0.0010297988
102247,0.001376001
102248,0.0016943956
102249,0.002490118
102250,0.0026309688
102251,0.0017400708
102252,0.0012394655
102253,0.000980726
102254,0.00097393634
102255,0.0009012379
102256,0.00083586277
102257,0.00082047033
102258,0.0008788387
102259,0.0008071308
102260,0.0011287379
102261,0.0014115411
102262,0.0011398734
102263,0.0016223366
102264,0.0015268133
102265,0.0010986594
102266,0.00084737816
102267,0.0013525778
102268,0.0014389451
102269,0.0012546586
102270,0.0010551207
102271,0.0009921733
102272,0.0013143611
102273,0.0018032184
102274,0.0023410062
102275,0.002224554
102276,0.0021034312
102277,0.0016434218
102278,0.0019234852
102279,0.002299171
102280,0.0025324188
102281,0.0023476356
102282,0.0025194683
102283,0.0021211226
102284,0.0016635754
102285,0.0013537607
102286,0.0012691653
102287,0.0012743829
102288,0.0009334401
102289,0.0007497797
102290,0.0008359324
102291,0.00074970204
102292,0.00089257397
102293,0.0033392962
102294,0.003553341
102295,0.002036291
102296,0.001518882
102297,0.002116631
102298,0.0033332945
102299,0.0032488503
102300,0.0022507748
102301,0.0022752231
102302,0.0032609215
102303,0.004349257
102304,0.005230366
102305,0.0052427934
102306,0.0041600633
102307,0.0032654877
102308,0.0021762103
102309,0.0018570955
102310,0.0027335386
102311,0.002940268
102312,0.0020513567
102313,0.0019541977
102314,0.005038659
102315,0.007184107
102316,0.010595647
102317,0.008827915
102318,0.004218648
102319,0.005034562
102320,0.0036849265
102321,0.0017827497
102322,0.0017131856
102323,0.0015877024
102324,0.0020238613
102325,0.0032144387
102326,0.0061686803
102327,0.0075233337
102328,0.006808353
102329,0.007703233
102330,0.006492982
102331,0.0047083194
102332,0.004398397
102333,0.0037919472
102334,0.0033334517
102335,0.0028305259
102336,0.0022556058
102337,0.0023624406
102338,0.0020860361
102339,0.0015211222
102340,0.0017678807
102341,0.0021308013
102342,0.0028198536
102343,0.0023242873
102344,0.0011911876
102345,0.0008646161
102346,0.001306254
102347,0.0017006192
102348,0.0016135763
102349,0.0014872819
102350,0.0010217408
102351,0.00062467926
102352,0.0011220918
102353,0.0010433877
102354,0.0007911428
102355,0.0014559355
102356,0.00144034
102357,0.001043806
102358,0.0015123339
102359,0.001507322
102360,0.0011228696
102361,0.0009445671
102362,0.0008961535
102363,0.0012402402
102364,0.0014113142
102365,0.0020653547
102366,0.0020589472
102367,0.0011227659
102368,0.0003685874
102369,0.00058968854
102370,0.0006307069
102371,0.00061826344
102372,0.0004601733
102373,0.00064322626
102374,0.0007117861
102375,0.000380706
102376,0.00078047626
102377,0.00079422694
102378,0.00062299974
102379,0.0010197735
102380,0.0010473133
102381,0.0008094712
102382,0.0010915902
102383,0.0014690696
102384,0.0017717123
102385,0.0023001453
102386,0.0025193295
102387,0.0020138423
102388,0.0014365362
102389,0.00079762755
102390,0.0010381865
102391,0.001056003
102392,0.0013717643
102393,0.0012909243
102394,0.0009841328
102395,0.0014947578
102396,0.0018715046
102397,0.0023123862
102398,0.0039748484
102399,0.0044297096
102400,0.0048687914
102401,0.0048020296
102402,0.0049521
102403,0.005014637
102404,0.005019585
102405,0.004960286
102406,0.003943076
102407,0.0028211228
102408,0.0011443838
102409,0.00077015324
102410,0.0007890063
102411,0.0010429692
102412,0.0012135775
102413,0.0012094696
102414,0.0010603211
102415,0.000688677
102416,0.0016900788
102417,0.0014816747
102418,0.00071760936
102419,0.0009723812
102420,0.0016306749
102421,0.0015276136
102422,0.0010601016
102423,0.0011067094
102424,0.0015954922
102425,0.0016537845
102426,0.0013622903
102427,0.0011810539
102428,0.0008773472
102429,0.0010717602
102430,0.0012739719
102431,0.0013258255
102432,0.0012650309
102433,0.0011202747
102434,0.0010250114
102435,0.0014236744
102436,0.0016224979
102437,0.0015302214
102438,0.0012247971
102439,0.00087279076
102440,0.0007590385
102441,0.0010219117
102442,0.0014909367
102443,0.0012811932
102444,0.001224084
102445,0.0015769056
102446,0.0011429841
102447,0.0011342167
102448,0.0013062094
102449,0.0014086103
102450,0.0011370614
102451,0.0013368868
102452,0.0018774978
102453,0.0018628226
102454,0.0016286211
102455,0.0014453223
102456,0.00108375
102457,0.0010753928
102458,0.00085340155
102459,0.0011795745
102460,0.0013889899
102461,0.000899104
102462,0.0008417612
102463,0.0012215611
102464,0.0016801825
102465,0.002113535
102466,0.0025173766
102467,0.0026849182
102468,0.0020743397
102469,0.0017316036
102470,0.0014754744
102471,0.0011609471
102472,0.0013632727
102473,0.00092296756
102474,0.0009039142
102475,0.001347123
102476,0.0014086516
102477,0.0011372662
102478,0.0011536794
102479,0.0016504375
102480,0.0017879987
102481,0.0012643635
102482,0.0009202201
102483,0.0010461456
102484,0.0012860906
102485,0.0012904281
102486,0.0007660991
102487,0.00052036723
102488,0.000735119
102489,0.00095343014
102490,0.0010297422
102491,0.0010773396
102492,0.001250895
102493,0.0018796822
102494,0.0016698268
102495,0.0010393353
102496,0.0010264585
102497,0.0011038919
102498,0.0013593817
102499,0.0011626757
102500,0.0010304768
102501,0.0011974261
102502,0.0019230917
102503,0.0021649608
102504,0.0017111117
102505,0.0011291247
102506,0.0012385729
102507,0.0017743551
102508,0.0020400607
102509,0.0023708765
102510,0.0029501203
102511,0.0035294753
102512,0.0027474083
102513,0.0020483895
102514,0.0020636066
102515,0.0019073944
102516,0.0015137573
102517,0.0013587178
102518,0.0017466982
102519,0.0021213696
102520,0.0023908264
102521,0.003381578
102522,0.005086455
102523,0.0037330978
102524,0.00085445814
102525,0.002612274
102526,0.004841529
102527,0.0044078887
102528,0.0033974114
102529,0.0025782725
102530,0.0011951393
102531,0.0013631232
102532,0.0012257947
102533,0.0011171268
102534,0.0022656734
102535,0.003111783
102536,0.0026185722
102537,0.0016535909
102538,0.0012851397
102539,0.00094862556
102540,0.001048452
102541,0.0017790891
102542,0.001842637
102543,0.0011578847
102544,0.0010149676
102545,0.0007891907
102546,0.0007076855
102547,0.001272669
102548,0.001435462
102549,0.0010690412
102550,0.0015127764
102551,0.0031020783
102552,0.0039359913
102553,0.0044367076
102554,0.0036486299
102555,0.0027652108
102556,0.0025826825
102557,0.001718918
102558,0.002157541
102559,0.002628069
102560,0.0020460153
102561,0.0014502875
102562,0.001119495
102563,0.0012510114
102564,0.0
102565,0.0016371764
102566,0.0012965257
102567,0.0006249587
102568,0.00041885307
102569,0.0006266794
102570,0.00096420577
102571,0.0011711307
102572,0.0011280674
102573,0.0010967504
102574,0.00083460833
102575,0.00079484965
102576,0.0010354356
102577,0.0014526936
102578,0.0015005489
102579,0.0012748168
102580,0.0013636783
102581,0.001944927
102582,0.0031467716
102583,0.0030893397
102584,0.0015531768
102585,0.0008952437
102586,0.0012287352
102587,0.0010773937
102588,0.00062519155
102589,0.001019745
102590,0.0008891437
102591,0.0007151311
102592,0.0006483639
102593,0.0010192882
102594,0.0011168402
102595,0.0012536607
102596,0.0015260505
102597,0.0012007998
102598,0.0011005385
102599,0.0011247342
102600,0.001431442
102601,0.0012355851
102602,0.0008432811
102603,0.0005532758
102604,0.0004531629
102605,0.0009097553
102606,0.0021168785
102607,0.0023247504
102608,0.0019313975
102609,0.0015993548
102610,0.0017036628
102611,0.002412771
102612,0.0032679646
102613,0.0034430553
102614,0.0030295614
102615,0.0022147463
102616,0.0020370912
102617,0.0013470149
102618,0.0011687924
102619,0.0010045627
102620,0.0008692824
102621,0.00061249355
102622,0.00042942038
102623,0.0008124499
102624,0.00074853655
102625,0.0016339021
102626,0.0040110233
102627,0.0038399205
102628,0.0020479206
102629,0.0019072418
102630,0.002209128
102631,0.0030487713
102632,0.002948709
102633,0.0023249884
102634,0.0021171535
102635,0.0028437283
102636,0.0037778756
102637,0.003912295
102638,0.0034707875
102639,0.0020245803
102640,0.0024110698
102641,0.0022339018
102642,0.0023369372
102643,0.0033139072
102644,0.00324687
102645,0.0023900715
102646,0.0014079076
102647,0.005059744
102648,0.007409721
102649,0.011581813
102650,0.010289318
102651,0.004100535
102652,0.0043843403
102653,0.0025520183
102654,0.0015625923
102655,0.0017933784
102656,0.0019375809
102657,0.0021507721
102658,0.0032497817
102659,0.006430068
102660,0.0073065623
102661,0.0074339826
102662,0.008159954
102663,0.0074853306
102664,0.0058376435
102665,0.0050248527
102666,0.0048189154
102667,0.0045650755
102668,0.0038130719
102669,0.003102885
102670,0.0026784174
102671,0.0023638445
102672,0.0019418721
102673,0.0019556715
102674,0.002106155
102675,0.003165022
102676,0.002497249
102677,0.0009958333
102678,0.0010365031
102679,0.0015414021
102680,0.0015212753
102681,0.0016595994
102682,0.001391251
102683,0.0009625442
102684,0.0009006241
102685,0.0011623251
102686,0.0010345076
102687,0.00074366055
102688,0.0013306241
102689,0.0016468362
102690,0.0013598955
102691,0.001522977
102692,0.0011746542
102693,0.00069695263
102694,0.0008402731
102695,0.00057322095
102696,0.0006090627
102697,0.0010310132
102698,0.0016030082
102699,0.0012630508
102700,0.00058567716
102701,0.0008121633
102702,0.00093459303
102703,0.0008420377
102704,0.000735119
102705,0.0007458099
102706,0.0007431516
102707,0.00084317755
102708,0.00077685073
102709,0.00078930135
102710,0.00046850945
102711,0.00076556706
102712,0.001132162
102713,0.00094163546
102714,0.00060156215
102715,0.0006770846
102716,0.0012213228
102717,0.0013178992
102718,0.002113948
102719,0.0030900273
102720,0.0025913224
102721,0.0014532144
102722,0.00083167397
102723,0.0011102277
102724,0.0010700753
102725,0.0011476345
102726,0.0011122443
102727,0.0015746339
102728,0.0019727554
102729,0.002512273
102730,0.003929257
102731,0.005094345
102732,0.0050696335
102733,0.004954826
102734,0.004898814
102735,0.004810023
102736,0.0048161545
102737,0.004778188
102738,0.004196167
102739,0.0034173727
102740,0.0027480333
102741,0.001369301
102742,0.00074193656
102743,0.00092195795
102744,0.00105581
102745,0.001095529
102746,0.0013147375
102747,0.0010746618
102748,0.0008958287
102749,0.0015705994
102750,0.0013673655
102751,0.0008456247
102752,0.0007034782
102753,0.0014805155
102754,0.0016397164
102755,0.0017453647
102756,0.0018856184
102757,0.0018626038
102758,0.0015641003
102759,0.001326023
102760,0.0009979353
102761,0.00054596836
102762,0.0008544922
102763,0.0011560484
102764,0.0015645096
102765,0.0016483024
102766,0.0018113186
102767,0.001717241
102768,0.0014145481
102769,0.0013687058
102770,0.0012775535
102771,0.0012224424
102772,0.0009354646
102773,0.0014191904
102774,0.0017975281
102775,0.0017253568
102776,0.0012640182
102777,0.0015054866
102778,0.0019187131
102779,0.0013768679
102780,0.00078215246
102781,0.0012080008
102782,0.0011560988
102783,0.001315667
102784,0.0012659968
102785,0.0013203702
102786,0.001523512
102787,0.00153102
102788,0.0013815947
102789,0.0009823864
102790,0.00078043895
102791,0.0007869749
102792,0.0011072877
102793,0.0011226104
102794,0.00063945976
102795,0.0009098513
102796,0.001497287
102797,0.0017046363
102798,0.0017449477
102799,0.0019301162
102800,0.002575562
102801,0.0019264788
102802,0.0014228565
102803,0.0014744484
102804,0.0018505175
102805,0.0020259598
102806,0.0018067334
102807,0.0015309061
102808,0.0018559826
102809,0.0018224514
102810,0.0016958378
102811,0.0015900288
102812,0.0017855228
102813,0.0019757776
102814,0.0016523761
102815,0.0013055184
102816,0.0011704346
102817,0.0012477967
102818,0.0012381969
102819,0.0008359324
102820,0.0008649863
102821,0.0011210019
102822,0.0011327788
102823,0.0010172876
102824,0.0012567213
102825,0.001242889
102826,0.0014259418
102827,0.0013539328
102828,0.0010167438
102829,0.0012611138
102830,0.0013458909
102831,0.0012640413
102832,0.0010922299
102833,0.0011264666
102834,0.0012197491
102835,0.0013668332
102836,0.001986194
102837,0.0019704232
102838,0.0011610475
102839,0.0009097553
102840,0.0017170545
102841,0.0022180686
102842,0.00256637
102843,0.0032496743
102844,0.0040393807
102845,0.0030249371
102846,0.0027383575
102847,0.002814833
102848,0.0031105296
102849,0.0024390446
102850,0.001449605
102851,0.0017647665
102852,0.002097903
102853,0.0024115285
102854,0.0030689898
102855,0.005110111
102856,0.0040939506
102857,0.0006512751
102858,0.002682999
102859,0.004759642
102860,0.0036121216
102861,0.0032489668
102862,0.002905167
102863,0.0010152257
102864,0.00082739367
102865,0.0008035169
102866,0.0017697071
102867,0.0022202719
102868,0.0022803722
102869,0.0016972617
102870,0.0014440934
102871,0.0012155903
102872,0.0012514998
102873,0.0010635551
102874,0.0015156786
102875,0.0016276558
102876,0.0015300122
102877,0.0012501037
102878,0.000884944
102879,0.00084765285
102880,0.0012131457
102881,0.0015442882
102882,0.0015073993
102883,0.0012619674
102884,0.002227378
102885,0.0037624596
102886,0.0052796127
102887,0.0053696577
102888,0.0055982657
102889,0.005429508
102890,0.0044328817
102891,0.0023150782
102892,0.0026733053
102893,0.0023120213
102894,0.0017082008
102895,0.0013591676
102896,0.0013433152
102897,0.0
102898,0.001875947
102899,0.001466353
102900,0.00084902515
102901,0.0006231866
102902,0.0006534611
102903,0.0009403055
102904,0.0012416005
102905,0.0011494083
102906,0.0011669233
102907,0.0013406693
102908,0.0013241341
102909,0.0010845285
102910,0.0010481189
102911,0.0013732698
102912,0.0014810854
102913,0.001564584
102914,0.0019964683
102915,0.0034403917
102916,0.0033798735
102917,0.001386767
102918,0.00074032653
102919,0.0013374527
102920,0.0015381321
102921,0.0012372328
102922,0.0015437416
102923,0.001489218
102924,0.0010571874
102925,0.00081072864
102926,0.0005718484
102927,0.00050498295
102928,0.00091806694
102929,0.0012093734
102930,0.0007155786
102931,0.0011626256
102932,0.0012848227
102933,0.0014314216
102934,0.0011880808
102935,0.000838366
102936,0.0009784085
102937,0.00081280805
102938,0.0009251093
102939,0.0025766692
102940,0.002633556
102941,0.0016024271
102942,0.0016806502
102943,0.0019447475
102944,0.002252959
102945,0.0025238656
102946,0.002545338
102947,0.0022483037
102948,0.0016027903
102949,0.002023962
102950,0.0018193347
102951,0.0014814587
102952,0.0011580355
102953,0.00077309523
102954,0.00049591064
102955,0.000503251
102956,0.00072451134
102957,0.0011008558
102958,0.0019965412
102959,0.0042685424
102960,0.0038474621
102961,0.0020709976
102962,0.0019535422
102963,0.0021219593
102964,0.0030085945
102965,0.0029625343
102966,0.002138804
102967,0.0016443249
102968,0.0016799574
102969,0.0011563001
102970,0.00079631293
102971,0.0005432429
102972,0.0005718484
102973,0.001241155
102974,0.0014525935
102975,0.0021291615
102976,0.0033082995
102977,0.0033056855
102978,0.0028874713
102979,0.0019906873
102980,0.0044006268
102981,0.0063110543
102982,0.012495474
102983,0.011805117
102984,0.004304507
102985,0.004955995
102986,0.0032373546
102987,0.0014443352
102988,0.0017970585
102989,0.0020429832
102990,0.001983892
102991,0.0029964005
102992,0.0057329102
102993,0.0073635476
102994,0.006637652
102995,0.0068864403
102996,0.008235566
102997,0.0067005414
102998,0.004332784
102999,0.0039795027
103000,0.0034280187
103001,0.0030151557
103002,0.0026984662
103003,0.0027588992
103004,0.002513593
103005,0.0021451763
103006,0.002342957
103007,0.002514901
103008,0.0036092761
103009,0.0029447586
103010,0.0010125848
103011,0.001477938
103012,0.001962861
103013,0.0018434582
103014,0.0016098385
103015,0.0010446142
103016,0.00073186535
103017,0.0008428323
103018,0.00072759786
103019,0.00071354216
103020,0.00070285733
103021,0.0012074225
103022,0.0016729785
103023,0.0013056076
103024,0.0011009352
103025,0.0007458489
103026,0.00083506154
103027,0.0010047075
103028,0.0011308503
103029,0.0011505218
103030,0.0013908534
103031,0.0013995521
103032,0.0010762045
103033,0.00077192736
103034,0.0007301932
103035,0.0005994782
103036,0.00042093245
103037,0.0006838849
103038,0.00088062516
103039,0.00086770736
103040,0.00080293714
103041,0.0006666013
103042,0.0007563497
103043,0.00079484965
103044,0.0009670991
103045,0.0010992949
103046,0.0011051567
103047,0.0012702426
103048,0.0013632941
103049,0.0015022547
103050,0.0014138897
103051,0.0015310011
103052,0.0029096315
103053,0.0032093283
103054,0.0026462562
103055,0.0019084774
103056,0.0010251533
103057,0.0011308503
103058,0.0011490791
103059,0.0012487993
103060,0.0018860968
103061,0.0023724595
103062,0.0042245286
103063,0.0051497114
103064,0.004831612
103065,0.0034643752
103066,0.0020347754
103067,0.002127589
103068,0.0017600767
103069,0.0013989697
103070,0.0010149676
103071,0.0011247342
103072,0.0021406128
103073,0.0027630525
103074,0.0017344921
103075,0.0010091587
103076,0.00086235785
103077,0.0012011391
103078,0.0014542755
103079,0.0017363704
103080,0.0012478901
103081,0.0011134212
103082,0.0014478975
103083,0.001223537
103084,0.00075692666
103085,0.0007477974
103086,0.0010144226
103087,0.0018620725
103088,0.0027705315
103089,0.0022633984
103090,0.0015467927
103091,0.0011605711
103092,0.0008998159
103093,0.00065926975
103094,0.00029321105
103095,0.00060281873
103096,0.0010877976
103097,0.0016731351
103098,0.0017806098
103099,0.0024522422
103100,0.0023546543
103101,0.0017360183
103102,0.0013988864
103103,0.0012081454
103104,0.0014340015
103105,0.0015675203
103106,0.0022933153
103107,0.0022428343
103108,0.001440744
103109,0.0015310391
103110,0.0020232284
103111,0.0019315783
103112,0.0016037162
103113,0.0011918716
103114,0.0012650079
103115,0.0009636623
103116,0.0012115133
103117,0.0011257946
103118,0.00097531
103119,0.0011844988
103120,0.0011304899
103121,0.0010903096
103122,0.0009018512
103123,0.0011875416
103124,0.001226127
103125,0.001133498
103126,0.0009302857
103127,0.00061666087
103128,0.0009854627
103129,0.0017529353
103130,0.0021416186
103131,0.0020855616
103132,0.00209782
103133,0.0019232582
103134,0.0015263938
103135,0.00088727596
103136,0.0009670991
103137,0.0015869507
103138,0.0017988391
103139,0.0019044167
103140,0.0018045251
103141,0.0022960168
103142,0.0020955156
103143,0.0018779627
103144,0.0014583723
103145,0.0011835156
103146,0.0013586964
103147,0.0015464352
103148,0.001762192
103149,0.0017373423
103150,0.0011390817
103151,0.0010297988
103152,0.0010124985
103153,0.0012203931
103154,0.0018253396
103155,0.0017725663
103156,0.0013925056
103157,0.0013484186
103158,0.0014314216
103159,0.0013929862
103160,0.0011580355
103161,0.0009497907
103162,0.0013254302
103163,0.0016606688
103164,0.0015265845
103165,0.0010845285
103166,0.0009347799
103167,0.0009808149
103168,0.0013163304
103169,0.0019930543
103170,0.0017437465
103171,0.0015931008
103172,0.0014118091
103173,0.0018913668
103174,0.0023177166
103175,0.0025692715
103176,0.0035658993
103177,0.0042143203
103178,0.002915966
103179,0.0021546523
103180,0.0019806472
103181,0.0031138118
103182,0.0035046088
103183,0.0032375073
103184,0.0018323099
103185,0.001658424
103186,0.0024528236
103187,0.0030370646
103188,0.0048999367
103189,0.0046086847
103190,0.0029460036
103191,0.0024206953
103192,0.004096587
103193,0.0039288495
103194,0.0037472213
103195,0.002823113
103196,0.00091259804
103197,0.0018611813
103198,0.002503046
103199,0.0026332797
103200,0.0020462286
103201,0.00095851434
103202,0.00029301245
103203,0.00092824997
103204,0.0012358442
103205,0.0010352951
103206,0.00088717754
103207,0.0015921689
103208,0.0017456649
103209,0.001657599
103210,0.0012365975
103211,0.0011899165
103212,0.0009065827
103213,0.00083058845
103214,0.0015925162
103215,0.0020056893
103216,0.001976514
103217,0.0019384818
103218,0.0026321742
103219,0.0041828845
103220,0.0046447353
103221,0.0050655617
103222,0.0054764017
103223,0.005268968
103224,0.0033288125
103225,0.002899732
103226,0.0025227698
103227,0.0016998489
103228,0.0018038477
103229,0.0019445829
103230,0.0
103231,0.002287801
103232,0.0020786566
103233,0.001403705
103234,0.0008757867
103235,0.0005819883
103236,0.00091638527
103237,0.0010610895
103238,0.0010127572
103239,0.0007869009
103240,0.0010102828
103241,0.0010561959
103242,0.0011020184
103243,0.0012349961
103244,0.0015233209
103245,0.0020444642
103246,0.002256212
103247,0.0027315363
103248,0.003609631
103249,0.0035328958
103250,0.0020363482
103251,0.0014212192
103252,0.0017174443
103253,0.0020263907
103254,0.0016457578
103255,0.0013288076
103256,0.0012295403
103257,0.0011673721
103258,0.0012873572
103259,0.0011815467
103260,0.00082093134
103261,0.001143086
103262,0.0013266375
103263,0.0008922804
103264,0.0012534981
103265,0.0013007838
103266,0.0011987379
103267,0.0009538269
103268,0.00079981383
103269,0.0011004327
103270,0.00094678294
103271,0.0011072615
103272,0.0024415613
103273,0.0024828492
103274,0.001974068
103275,0.002225705
103276,0.0021720873
103277,0.0020046153
103278,0.0014939788
103279,0.0016997805
103280,0.001685371
103281,0.0018395861
103282,0.0021665331
103283,0.0020807276
103284,0.0015470373
103285,0.0011349606
103286,0.0006222986
103287,0.0004547017
103288,0.000573982
103289,0.00093053596
103290,0.0015153906
103291,0.00369362
103292,0.004845212
103293,0.003776188
103294,0.002238353
103295,0.0020446635
103296,0.0022451947
103297,0.0031283495
103298,0.0029990897
103299,0.0018269812
103300,0.0013379966
103301,0.0010065887
103302,0.00073035265
103303,0.00071537524
103304,0.0006296909
103305,0.00072663726
103306,0.0006650714
103307,0.0014532345
103308,0.0029797058
103309,0.0035742635
103310,0.0034191776
103311,0.0032114224
103312,0.0022331069
103313,0.0039229332
103314,0.006551047
103315,0.012374577
103316,0.012547453
103317,0.0077291415
103318,0.0053562806
103319,0.0034295465
103320,0.0011651262
103321,0.0016102542
103322,0.0017588692
103323,0.0011648014
103324,0.0019403577
103325,0.0037836337
103326,0.0061830864
103327,0.006224062
103328,0.0060550724
103329,0.007890944
103330,0.0073562516
103331,0.00482092
103332,0.0036151337
103333,0.003290357
103334,0.0033193214
103335,0.0033297304
103336,0.0037071714
103337,0.0025844623
103338,0.0022319858
103339,0.0033204611
103340,0.0031511523
103341,0.0033083698
103342,0.0026031332
103343,0.00089325843
103344,0.0013190912
103345,0.00174393
103346,0.0018574873
103347,0.0017675514
103348,0.0013877741
103349,0.0010016613
103350,0.000685585
103351,0.0005696558
103352,0.0004906003
103353,0.0005757034
103354,0.0009800135
103355,0.0015755947
103356,0.001304961
103357,0.0010004984
103358,0.000743504
103359,0.00081734284
103360,0.0006295522
103361,0.0008659615
103362,0.0009938147
103363,0.0014298959
103364,0.0015876475
103365,0.001124993
103366,0.0004931446
103367,0.00056858186
103368,0.00061576354
103369,0.0005960701
103370,0.0008110158
103371,0.0009872625
103372,0.0009019803
103373,0.00066747394
103374,0.00027969823
103375,0.00072775787
103376,0.0007699643
103377,0.00089289993
103378,0.00096568366
103379,0.0013249251
103380,0.0015710256
103381,0.0018735096
103382,0.0023347943
103383,0.0024838455
103384,0.0025212928
103385,0.0034068727
103386,0.003737173
103387,0.0035447222
103388,0.00270198
103389,0.0014750798
103390,0.0015783814
103391,0.0016740916
103392,0.001530944
103393,0.0018668179
103394,0.002224698
103395,0.0045440136
103396,0.005015078
103397,0.0034421
103398,0.0019066924
103399,0.0016226415
103400,0.0018337072
103401,0.0016009553
103402,0.0011856286
103403,0.0011379058
103404,0.0013153572
103405,0.0016295859
103406,0.0020622523
103407,0.0019393074
103408,0.0014441741
103409,0.0011266733
103410,0.0018263757
103411,0.0020494547
103412,0.001954421
103413,0.0013498208
103414,0.0014616017
103415,0.0016696525
103416,0.0015246768
103417,0.001224702
103418,0.0011072877
103419,0.0014261255
103420,0.0025313958
103421,0.0031513185
103422,0.0020731466
103423,0.00095428445
103424,0.00050040917
103425,0.00063158304
103426,0.00047572196
103427,0.0006883388
103428,0.0009215159
103429,0.0015664616
103430,0.0017470147
103431,0.0016450858
103432,0.0027048974
103433,0.0029871198
103434,0.002135522
103435,0.0018073937
103436,0.00091609935
103437,0.0013198853
103438,0.001972608
103439,0.0029301047
103440,0.00255464
103441,0.0010393913
103442,0.0017600933
103443,0.0025760366
103444,0.0024849584
103445,0.0016011916
103446,0.0012720971
103447,0.0010481466
103448,0.0011890113
103449,0.001593868
103450,0.0017065814
103451,0.0016255087
103452,0.0016470837
103453,0.0013253645
103454,0.0012240127
103455,0.0008774799
103456,0.0013089916
103457,0.0012686378
103458,0.0006230465
103459,0.0006144387
103460,0.00071166345
103461,0.0010241023
103462,0.0020916788
103463,0.0029060482
103464,0.002519237
103465,0.0021942568
103466,0.0015490113
103467,0.0010341137
103468,0.0006187811
103469,0.0007477974
103470,0.0010693679
103471,0.0010865394
103472,0.00096066773
103473,0.0011221177
103474,0.0016714644
103475,0.0016421286
103476,0.0015819361
103477,0.001586749
103478,0.0014264723
103479,0.0016405149
103480,0.0020425273
103481,0.002498216
103482,0.0019944557
103483,0.0008135596
103484,0.0009790033
103485,0.0012614138
103486,0.0016687982
103487,0.0018624632
103488,0.0015040941
103489,0.00115431
103490,0.0008233739
103491,0.00085795927
103492,0.0007180148
103493,0.00073969725
103494,0.00059072406
103495,0.0011729931
103496,0.0015970056
103497,0.001490058
103498,0.0010369804
103499,0.00069108163
103500,0.0007006593
103501,0.0011335236
103502,0.0016544708
103503,0.0017144931
103504,0.0019378362
103505,0.0021981662
103506,0.0024761118
103507,0.0022501412
103508,0.0023584703
103509,0.0037687123
103510,0.0044411467
103511,0.0034733946
103512,0.0026139668
103513,0.001782815
103514,0.0026708548
103515,0.0036094454
103516,0.0038526403
103517,0.002415315
103518,0.0018949027
103519,0.002433394
103520,0.0029298167
103521,0.0044529526
103522,0.004744398
103523,0.004137102
103524,0.0027043163
103525,0.0029391395
103526,0.0035296238
103527,0.004763101
103528,0.003423465
103529,0.0016138288
103530,0.0025381243
103531,0.0027882906
103532,0.0022260973
103533,0.0015365419
103534,0.00083443394
103535,0.00081366696
103536,0.00095991004
103537,0.0010631445
103538,0.00074307324
103539,0.00055158994
103540,0.0014891006
103541,0.0016879766
103542,0.0010801994
103543,0.0006601962
103544,0.0012098064
103545,0.0008924435
103546,0.0009031734
103547,0.0016961123
103548,0.002663107
103549,0.0031778696
103550,0.0026229809
103551,0.0019279134
103552,0.002084752
103553,0.0024424193
103554,0.0030010203
103555,0.004483378
103556,0.004574431
103557,0.0034660718
103558,0.0030176546
103559,0.002120203
103560,0.0021620148
103561,0.0024742305
103562,0.0026655537
103563,0.0
103564,0.002553204
103565,0.002054589
103566,0.0016489202
103567,0.0015531582
103568,0.0011740347
103569,0.00071935117
103570,0.0009534607
103571,0.0007260362
103572,0.00032016198
103573,0.0006741985
103574,0.0008727574
103575,0.0010776098
103576,0.0014417537
103577,0.0015085572
103578,0.0023557786
103579,0.0030034727
103580,0.0033880698
103581,0.0039331806
103582,0.0043180217
103583,0.0032198937
103584,0.0025290148
103585,0.0024289528
103586,0.0026355665
103587,0.002357878
103588,0.0018299418
103589,0.0009852264
103590,0.0007176499
103591,0.0012163322
103592,0.0012125698
103593,0.0009025932
103594,0.0010217124
103595,0.0012747712
103596,0.0013260669
103597,0.0013318703
103598,0.0011339088
103599,0.00081406033
103600,0.00064961956
103601,0.0006990791
103602,0.0010710811
103603,0.0011832942
103604,0.00150392
103605,0.0021429094
103606,0.0022339409
103607,0.0018871613
103608,0.0025577822
103609,0.0023767003
103610,0.0012000239
103611,0.00095763337
103612,0.0009989263
103613,0.0011518112
103614,0.0014682373
103615,0.0018539586
103616,0.0015664431
103617,0.0011615487
103618,0.00095535134
103619,0.0006690853
103620,0.0006383209
103621,0.001009937
103622,0.0013812997
103623,0.0018619944
103624,0.004322845
103625,0.0049422225
103626,0.0035158845
103627,0.0021897426
103628,0.0019547783
103629,0.001874162
103630,0.0030916468
103631,0.0029055576
103632,0.0018272041
103633,0.0011924087
103634,0.0010345076
103635,0.0008602629
103636,0.00091771816
103637,0.00097010384
103638,0.0012792381
103639,0.0016947219
103640,0.0026832377
103641,0.003607905
103642,0.0038051256
103643,0.0040538297
103644,0.0036871056
103645,0.0027281141
103646,0.0031290657
103647,0.006249168
103648,0.011195291
103649,0.011838372
103650,0.010345217
103651,0.008004508
103652,0.0035903982
103653,0.0022171629
103654,0.002321255
103655,0.0025479437
103656,0.002286223
103657,0.0015673718
103658,0.002651234
103659,0.005128769
103660,0.0059695174
103661,0.005481857
103662,0.0064328965
103663,0.007214802
103664,0.00614397
103665,0.0040756324
103666,0.0036026419
103667,0.003652058
103668,0.0042543095
103669,0.0047543067
103670,0.0026057146
103671,0.0024724184
103672,0.004018852
103673,0.0034653244
103674,0.0025714568
103675,0.0016095492
103676,0.0012017447
103677,0.0014021905
103678,0.001359981
103679,0.0015454562
103680,0.0015717293
103681,0.0012876058
103682,0.0011565266
103683,0.0008559895
103684,0.0010373732
103685,0.0008081758
103686,0.0007091234
103687,0.0011676464
103688,0.0017140857
103689,0.0012161408
103690,0.00082637294
103691,0.00060426537
103692,0.0007548861
103693,0.00073969725
103694,0.0009752802
103695,0.0009773073
103696,0.0012315034
103697,0.0015405711
103698,0.0013233866
103699,0.0009558995
103700,0.0007899279
103701,0.00069762045
103702,0.0006021908
103703,0.0006741985
103704,0.00055380154
103705,0.0006352588
103706,0.00063686026
103707,0.00057832623
103708,0.0006507386
103709,0.0009388806
103710,0.0012962563
103711,0.0014894916
103712,0.0018032667
103713,0.0019413923
103714,0.0018893499
103715,0.0022409002
103716,0.0024322218
103717,0.0025697926
103718,0.0026838558
103719,0.0027888229
103720,0.003312941
103721,0.0033891175
103722,0.0027682825
103723,0.0022401595
103724,0.0019876587
103725,0.0018935198
103726,0.0021164936
103727,0.002437529
103728,0.004609215
103729,0.004492625
103730,0.0018275226
103731,0.0018603212
103732,0.0018564216
103733,0.0019812789
103734,0.0017086267
103735,0.001234171
103736,0.0014571345
103737,0.0013211195
103738,0.0013438567
103739,0.0016813254
103740,0.00200743
103741,0.0020150992
103742,0.0017689505
103743,0.0015716738
103744,0.0014666903
103745,0.0012682477
103746,0.0011588144
103747,0.0013444197
103748,0.0017578761
103749,0.0017574622
103750,0.0016850602
103751,0.0015374887
103752,0.0022607995
103753,0.002957697
103754,0.0028688654
103755,0.0013199955
103756,0.00049679016
103757,0.0005903791
103758,0.0006498883
103759,0.0007889325
103760,0.0010188884
103761,0.0010477023
103762,0.001663278
103763,0.0017159863
103764,0.0012365269
103765,0.0026575602
103766,0.0031288983
103767,0.0025304875
103768,0.0021850858
103769,0.0013938425
103770,0.0012158536
103771,0.0018885796
103772,0.0029239599
103773,0.0030383675
103774,0.0014945436
103775,0.0018839507
103776,0.00279166
103777,0.002733592
103778,0.0021583098
103779,0.0022495978
103780,0.0015606169
103781,0.0015600199
103782,0.0018131332
103783,0.0020338884
103784,0.0019754977
103785,0.002014637
103786,0.001615397
103787,0.0014442748
103788,0.0011199629
103789,0.001337322
103790,0.0014369008
103791,0.0007743742
103792,0.0007612591
103793,0.0011425002
103794,0.0020987077
103795,0.0027267055
103796,0.0031199094
103797,0.0021870828
103798,0.0015100613
103799,0.00080050493
103800,0.0006798728
103801,0.0006349838
103802,0.0005234899
103803,0.0007699643
103804,0.0010206578
103805,0.0009239446
103806,0.0011048407
103807,0.0018325164
103808,0.0016517242
103809,0.0012551455
103810,0.001257763
103811,0.0013965544
103812,0.0020056022
103813,0.0026652042
103814,0.0025389497
103815,0.0019033314
103816,0.0010093029
103817,0.0009492696
103818,0.0007890063
103819,0.0013830264
103820,0.0014508492
103821,0.001140435
103822,0.00046307346
103823,0.00039972493
103824,0.0006048912
103825,0.00072643696
103826,0.0008746561
103827,0.0007607237
103828,0.0008826718
103829,0.0011778214
103830,0.0013663222
103831,0.0011569543
103832,0.0006662082
103833,0.00040392583
103834,0.00094733614
103835,0.0015346846
103836,0.0017519721
103837,0.0026758083
103838,0.0030969798
103839,0.0032874811
103840,0.002487721
103841,0.0027138453
103842,0.004036815
103843,0.004006987
103844,0.0031919146
103845,0.0023387922
103846,0.0011609471
103847,0.0012645937
103848,0.0025536143
103849,0.00380257
103850,0.0028320062
103851,0.0017635293
103852,0.0017269417
103853,0.0018639939
103854,0.0027948795
103855,0.0035675312
103856,0.003938763
103857,0.0031903551
103858,0.0018664593
103859,0.0036931233
103860,0.0055535496
103861,0.003689039
103862,0.002061617
103863,0.0023173776
103864,0.0018124108
103865,0.0010216269
103866,0.001654629
103867,0.0010329029
103868,0.0009859055
103869,0.0010346483
103870,0.00074146566
103871,0.00038466073
103872,0.00034136744
103873,0.0013553937
103874,0.0015668332
103875,0.0011235174
103876,0.0009870266
103877,0.0009157816
103878,0.0006941072
103879,0.0013543626
103880,0.0019331296
103881,0.002951087
103882,0.0036023995
103883,0.0025408634
103884,0.0011901611
103885,0.0015475639
103886,0.0025319476
103887,0.003750893
103888,0.0037797317
103889,0.0030321542
103890,0.0032500862
103891,0.0029300253
103892,0.0018585838
103893,0.0016967128
103894,0.0018010542
103895,0.0015327679
103896,0.0
103897,0.002101133
103898,0.0017688188
103899,0.0019569658
103900,0.0022842744
103901,0.0019427112
103902,0.0011821376
103903,0.0007325013
103904,0.00062136253
103905,0.00069196546
103906,0.00091790844
103907,0.000989765
103908,0.000858434
103909,0.0010527459
103910,0.0012378677
103911,0.0021615706
103912,0.003924328
103913,0.004816336
103914,0.004387877
103915,0.0048845764
103916,0.0036055085
103917,0.002566404
103918,0.0025843948
103919,0.002293328
103920,0.0019487392
103921,0.0016111757
103922,0.0007907749
103923,0.0004255397
103924,0.0011936041
103925,0.0011316736
103926,0.0010008474
103927,0.0007261965
103928,0.0009689331
103929,0.0010696673
103930,0.0009353401
103931,0.0007772627
103932,0.0006355794
103933,0.0007657951
103934,0.0008836275
103935,0.0009156227
103936,0.0008979379
103937,0.0011761646
103938,0.0014468519
103939,0.0017289292
103940,0.0017423439
103941,0.0027057258
103942,0.0026770153
103943,0.0010928957
103944,0.00071594457
103945,0.0006847355
103946,0.00066982437
103947,0.0009057798
103948,0.0013800982
103949,0.0012415536
103950,0.0012266254
103951,0.0012734006
103952,0.001138008
103953,0.0011302325
103954,0.0015936854
103955,0.001829035
103956,0.0039443085
103957,0.005178083
103958,0.004574711
103959,0.0022369744
103960,0.002064946
103961,0.0015975158
103962,0.0016160635
103963,0.0028431858
103964,0.0027897933
103965,0.002287152
103966,0.001711741
103967,0.001198398
103968,0.0008784081
103969,0.0009519944
103970,0.0014083623
103971,0.00175159
103972,0.002620983
103973,0.0030959272
103974,0.0039119455
103975,0.004134083
103976,0.0038974185
103977,0.0032919932
103978,0.002177788
103979,0.002010747
103980,0.0064857122
103981,0.009634195
103982,0.009762874
103983,0.011144973
103984,0.009408869
103985,0.0035489153
103986,0.002730492
103987,0.002939397
103988,0.0035583908
103989,0.0036958097
103990,0.0025802134
103991,0.0019365441
103992,0.0023014103
103993,0.0047036996
103994,0.0054918076
103995,0.0052343654
103996,0.0061238618
103997,0.0059116436
103998,0.004047507
103999,0.0038787124
104000,0.0032426184
104001,0.004650171
104002,0.005937272
104003,0.003546454
104004,0.0027093375
104005,0.00418566
104006,0.0032917545
104007,0.0016312102
104008,0.0013605374
104009,0.0016608265
104010,0.0015899922
104011,0.001097334
104012,0.0009920853
104013,0.0010258345
104014,0.0012268152
104015,0.0009875572
104016,0.00089644577
104017,0.00097109337
104018,0.0010241307
104019,0.0011379058
104020,0.001619823
104021,0.00199466
104022,0.0015249822
104023,0.0013769103
104024,0.0009839553
104025,0.0010754741
104026,0.00085340155
104027,0.00072903646
104028,0.0006093494
104029,0.0006205658
104030,0.0012099267
104031,0.0013104359
104032,0.0011370614
104033,0.0007788711
104034,0.0006754492
104035,0.0006598875
104036,0.0008255978
104037,0.00059621653
104038,0.0008130229
104039,0.0007369379
104040,0.0005909211
104041,0.0006099223
104042,0.001226388
104043,0.001474922
104044,0.001325562
104045,0.001582488
104046,0.0014518319
104047,0.0011462641
104048,0.0010437781
104049,0.0012730806
104050,0.0019132904
104051,0.0024397129
104052,0.0026877027
104053,0.0031453746
104054,0.0032950153
104055,0.0032813137
104056,0.0026230698
104057,0.0020087052
104058,0.002020292
104059,0.0022030068
104060,0.0024325328
104061,0.0042531122
104062,0.0042283507
104063,0.0019573523
104064,0.0019742893
104065,0.001964521
104066,0.00185755
104067,0.0015388131
104068,0.0012874024
104069,0.0016434927
104070,0.0012928841
104071,0.0011130291
104072,0.001435462
104073,0.0020563307
104074,0.0025446862
104075,0.002221307
104076,0.0014391271
104077,0.0009782597
104078,0.0009394694
104079,0.0013288732
104080,0.0016712032
104081,0.002075602
104082,0.0023399491
104083,0.0023952168
104084,0.0025378375
104085,0.0026301057
104086,0.00263402
104087,0.0018626819
104088,0.0009950439
104089,0.00095388794
104090,0.00085520715
104091,0.0007733211
104092,0.00090487965
104093,0.0009288142
104094,0.0013529005
104095,0.0017596632
104096,0.0012472601
104097,0.0004990114
104098,0.0022481743
104099,0.0028458561
104100,0.0025398666
104101,0.002360333
104102,0.0018114471
104103,0.0017806425
104104,0.0021380282
104105,0.0027130195
104106,0.0027779797
104107,0.0015084222
104108,0.0011320078
104109,0.0025047315
104110,0.00275644
104111,0.0028640325
104112,0.0031080865
104113,0.0024799288
104114,0.0015466986
104115,0.0017669585
104116,0.0021207796
104117,0.00202366
104118,0.0016528516
104119,0.0012318578
104120,0.0012162605
104121,0.0011593165
104122,0.0013825634
104123,0.0015140071
104124,0.0011097032
104125,0.0011999755
104126,0.002159267
104127,0.0027384106
104128,0.0026138555
104129,0.002482732
104130,0.0018774823
104131,0.0017619277
104132,0.0014933554
104133,0.0012858869
104134,0.00081695104
104135,0.00065736874
104136,0.00063544203
104137,0.0008744897
104138,0.0012111048
104139,0.0018236008
104140,0.0040386817
104141,0.0039069653
104142,0.0034104502
104143,0.001904432
104144,0.00073567306
104145,0.0017410239
104146,0.0031936923
104147,0.0027643794
104148,0.0014377917
104149,0.0004895908
104150,0.0006334695
104151,0.00063763664
104152,0.001101173
104153,0.0010886267
104154,0.00062295306
104155,0.0005489454
104156,0.00049514713
104157,0.00056421425
104158,0.00095866615
104159,0.0009299728
104160,0.000992144
104161,0.001139005
104162,0.0012067715
104163,0.0011951393
104164,0.0009816751
104165,0.0005740327
104166,0.00062774663
104167,0.0008369762
104168,0.0016047683
104169,0.00229755
104170,0.0031111843
104171,0.003104198
104172,0.002901488
104173,0.0025840343
104174,0.0029299755
104175,0.003814659
104176,0.0035234094
104177,0.002764495
104178,0.0020318124
104179,0.0012404983
104180,0.0013191353
104181,0.0017720244
104182,0.0028907252
104183,0.0035671806
104184,0.0027828785
104185,0.0011132905
104186,0.0011221695
104187,0.0018420841
104188,0.0030018154
104189,0.0035719257
104190,0.0035461176
104191,0.0023163727
104192,0.003392139
104193,0.0052188127
104194,0.0037590005
104195,0.0024527288
104196,0.0027984283
104197,0.002222067
104198,0.0021521114
104199,0.0026228256
104200,0.001615379
104201,0.0013750701
104202,0.0013654911
104203,0.0013668332
104204,0.0012283088
104205,0.001262682
104206,0.0016117897
104207,0.001783892
104208,0.0012580175
104209,0.0009484108
104210,0.0008582306
104211,0.00088969996
104212,0.0013426867
104213,0.001681187
104214,0.0027336346
104215,0.0032607696
104216,0.001955984
104217,0.0017323262
104218,0.0022049875
104219,0.0031180151
104220,0.004267799
104221,0.0037848565
104222,0.0018554807
104223,0.002854077
104224,0.0027135345
104225,0.0012221804
104226,0.0010492845
104227,0.0011450956
104228,0.0005640595
104229,0.0
104230,0.0021223298
104231,0.0017705784
104232,0.0014043475
104233,0.0019215172
104234,0.0018333262
104235,0.001249801
104236,0.0009996254
104237,0.0009963299
104238,0.0013963667
104239,0.0014557956
104240,0.0013134973
104241,0.0009269636
104242,0.00080046855
104243,0.001117231
104244,0.001976617
104245,0.0044349427
104246,0.0057905545
104247,0.004691116
104248,0.005092151
104249,0.0035856937
104250,0.0023984709
104251,0.002901157
104252,0.0018332786
104253,0.0018150584
104254,0.0017090014
104255,0.0011314678
104256,0.00096724957
104257,0.0012193673
104258,0.0011482936
104259,0.0010531605
104260,0.0006222986
104261,0.00060431357
104262,0.0005514844
104263,0.000492495
104264,0.00077512546
104265,0.00069645134
104266,0.0009025932
104267,0.0009805775
104268,0.00096078886
104269,0.00077999133
104270,0.00077365973
104271,0.0014110255
104272,0.0015288134
104273,0.0014041817
104274,0.0027343903
104275,0.0025757316
104276,0.001185113
104277,0.0005629232
104278,0.0005532758
104279,0.00077632605
104280,0.000831569
104281,0.00094816525
104282,0.0010811959
104283,0.0014401985
104284,0.0017279694
104285,0.0013304929
104286,0.001464963
104287,0.0019437745
104288,0.003851371
104289,0.0052345544
104290,0.005087479
104291,0.00362062
104292,0.0017752569
104293,0.0012549832
104294,0.0009491163
104295,0.0015340586
104296,0.0021223982
104297,0.0024642
104298,0.0026028538
104299,0.0021805791
104300,0.0018258019
104301,0.0015053513
104302,0.0014149391
104303,0.0020805597
104304,0.0025647252
104305,0.0030853709
104306,0.0031720027
104307,0.0038221134
104308,0.004030581
104309,0.003811377
104310,0.0027225183
104311,0.0020324856
104312,0.0019549867
104313,0.0063061826
104314,0.010480214
104315,0.009371139
104316,0.010064566
104317,0.009866028
104318,0.004471287
104319,0.0032386128
104320,0.003126991
104321,0.0036403965
104322,0.003942116
104323,0.0030852577
104324,0.0017431289
104325,0.0008189081
104326,0.0036625385
104327,0.0052215112
104328,0.0053554326
104329,0.005527553
104330,0.0054176813
104331,0.0053433166
104332,0.0051551904
104333,0.0035500794
104334,0.005095299
104335,0.006019394
104336,0.0041230507
104337,0.0037037549
104338,0.004087804
104339,0.0032691576
104340,0.0018900429
104341,0.0016503141
104342,0.001878753
104343,0.0015329198
104344,0.0012248921
104345,0.0007436214
104346,0.00081659475
104347,0.0011793277
104348,0.00087429
104349,0.0006962423
104350,0.00086851197
104351,0.0013342719
104352,0.0017631
104353,0.0023139967
104354,0.0024258834
104355,0.0019741566
104356,0.0014742904
104357,0.0013312364
104358,0.0014792174
104359,0.001233369
104360,0.0006825217
104361,0.0006821805
104362,0.0007203215
104363,0.0006151014
104364,0.00085884077
104365,0.0010363347
104366,0.00073638477
104367,0.00045290595
104368,0.00051818136
104369,0.0005465544
104370,0.00066423946
104371,0.0009118323
104372,0.0005969971
104373,0.00032134156
104374,0.00049083756
104375,0.0013200837
104376,0.0015025066
104377,0.0012760491
104378,0.0012911722
104379,0.0009399959
104380,0.0008393721
104381,0.000651141
104382,0.0011743073
104383,0.0017047045
104384,0.0019454956
104385,0.0020329866
104386,0.0019221078
104387,0.0022117351
104388,0.0035101103
104389,0.0036798287
104390,0.0031739564
104391,0.002180459
104392,0.0019908627
104393,0.0020666649
104394,0.003275881
104395,0.00413962
104396,0.002890111
104397,0.001992952
104398,0.0023708397
104399,0.0022580302
104400,0.0021609375
104401,0.0021821535
104402,0.002378157
104403,0.0022151012
104404,0.0014104479
104405,0.0015416663
104406,0.0020107615
104407,0.0028560136
104408,0.0026083046
104409,0.0013340537
104410,0.0010037512
104411,0.0011217545
104412,0.0015364282
104413,0.0019243172
104414,0.002304898
104415,0.002920504
104416,0.0029530094
104417,0.0028707518
104418,0.0021611261
104419,0.0019476187
104420,0.0013504459
104421,0.0010338322
104422,0.001085387
104423,0.0009120557
104424,0.0011494842
104425,0.0011378801
104426,0.0010147095
104427,0.0015312482
104428,0.0018108364
104429,0.0010013126
104430,0.0006022391
104431,0.0015052547
104432,0.0021401776
104433,0.0023255767
104434,0.0023927733
104435,0.0017625223
104436,0.0017155114
104437,0.0019041569
104438,0.002216244
104439,0.002333697
104440,0.0015151409
104441,0.000966768
104442,0.0019323466
104443,0.002161382
104444,0.002452978
104445,0.0030083235
104446,0.0028423257
104447,0.0023771042
104448,0.002247501
104449,0.0021429772
104450,0.001754628
104451,0.0011761646
104452,0.0010161139
104453,0.0012021563
104454,0.0012986118
104455,0.0015874275
104456,0.0018279208
104457,0.0018194946
104458,0.0018847538
104459,0.0021573522
104460,0.0021969478
104461,0.0014900776
104462,0.0012091567
104463,0.001652288
104464,0.0021998603
104465,0.0018827145
104466,0.0016433334
104467,0.001029007
104468,0.0008525144
104469,0.0006713
104470,0.00071293005
104471,0.0012906988
104472,0.0032118845
104473,0.004738413
104474,0.004530306
104475,0.00416205
104476,0.003735249
104477,0.0018860659
104478,0.0017770267
104479,0.0035212776
104480,0.0028502196
104481,0.0011552173
104482,0.0012851171
104483,0.0015242568
104484,0.0014819105
104485,0.0014144453
104486,0.0011349862
104487,0.0005747421
104488,0.00046832304
104489,0.0005945546
104490,0.0007595751
104491,0.0008807243
104492,0.0006310298
104493,0.0011852602
104494,0.0013504028
104495,0.001126079
104496,0.00089657557
104497,0.0007437388
104498,0.001080415
104499,0.0012407094
104500,0.0010120961
104501,0.0015619404
104502,0.0019497246
104503,0.0021266176
104504,0.0025183475
104505,0.0022718308
104506,0.0024644951
104507,0.0024899193
104508,0.0026741219
104509,0.0021916158
104510,0.0019743629
104511,0.0015678545
104512,0.0007682615
104513,0.00073519815
104514,0.0013915439
104515,0.002741852
104516,0.0044219564
104517,0.0035457565
104518,0.0013627816
104519,0.0010734696
104520,0.0012611138
104521,0.002019413
104522,0.0031238154
104523,0.00402182
104524,0.003042139
104525,0.0029326463
104526,0.0043182103
104527,0.0036242034
104528,0.0028295182
104529,0.0026299509
104530,0.0021300225
104531,0.0018606497
104532,0.002225339
104533,0.0017623571
104534,0.0017942707
104535,0.0017065473
104536,0.002659903
104537,0.0028521998
104538,0.0027558594
104539,0.0023234482
104540,0.0015985903
104541,0.0013826054
104542,0.0012751136
104543,0.0010045917
104544,0.0007125626
104545,0.0010494508
104546,0.0014308115
104547,0.0024489881
104548,0.0029746324
104549,0.0024870187
104550,0.002455231
104551,0.0026426576
104552,0.0028737814
104553,0.0033006456
104554,0.0030881711
104555,0.0020971817
104556,0.0023685675
104557,0.002338232
104558,0.00085840013
104559,0.0004670785
104560,0.0009989263
104561,0.0011051567
104562,0.0
104563,0.0017114859
104564,0.0014620197
104565,0.00091851066
104566,0.0012839616
104567,0.0013510708
104568,0.0012013329
104569,0.001180635
104570,0.0010613637
104571,0.001336582
104572,0.0012124497
104573,0.0010481745
104574,0.0010986594
104575,0.0015693388
104576,0.0017952275
104577,0.0020809795
104578,0.004971316
104579,0.006627055
104580,0.00524894
104581,0.004692971
104582,0.0030566559
104583,0.0021909915
104584,0.0028671199
104585,0.0021339676
104586,0.0021258374
104587,0.0017867449
104588,0.0015077081
104589,0.0011838598
104590,0.0010585355
104591,0.001110149
104592,0.0010810882
104593,0.0006943587
104594,0.0003924506
104595,0.0006973283
104596,0.0009076094
104597,0.001283372
104598,0.00079755456
104599,0.00057499524
104600,0.00068838114
104601,0.0010272803
104602,0.0009786761
104603,0.00082078954
104604,0.0016276201
104605,0.001665918
104606,0.0019634243
104607,0.0030457247
104608,0.0030346198
104609,0.0018802395
104610,0.0010918301
104611,0.00080615666
104612,0.00068030076
104613,0.00058353646
104614,0.0004401969
104615,0.0009150822
104616,0.0010493122
104617,0.0014474351
104618,0.0015391157
104619,0.0022465168
104620,0.0043603107
104621,0.0053970404
104622,0.005106169
104623,0.0034583046
104624,0.0012395829
104625,0.0011552173
104626,0.0010849579
104627,0.0012729891
104628,0.0017903899
104629,0.0018333262
104630,0.0020886713
104631,0.0028448743
104632,0.003013408
104633,0.0027943694
104634,0.0024325568
104635,0.0024943687
104636,0.0029856386
104637,0.0031522051
104638,0.0028187283
104639,0.0030841539
104640,0.003325891
104641,0.0039739115
104642,0.003130916
104643,0.0028182429
104644,0.002483611
104645,0.0022206912
104646,0.005393777
104647,0.010777596
104648,0.011202552
104649,0.010385935
104650,0.010121487
104651,0.006972674
104652,0.004137011
104653,0.003399758
104654,0.003688889
104655,0.0042938245
104656,0.0042280066
104657,0.0027244953
104658,0.0017494619
104659,0.0012751364
104660,0.0033266959
104661,0.0051298076
104662,0.0057718325
104663,0.004837331
104664,0.0054941494
104665,0.0055634766
104666,0.0039576045
104667,0.005400534
104668,0.0058484175
104669,0.004817188
104670,0.004752084
104671,0.004126903
104672,0.0033164532
104673,0.0023915202
104674,0.0018299418
104675,0.0018653206
104676,0.0015253448
104677,0.0015984447
104678,0.0013399962
104679,0.0010338322
104680,0.0011512805
104681,0.0009629674
104682,0.0008461752
104683,0.0008306936
104684,0.0014699212
104685,0.0021655387
104686,0.0026788737
104687,0.0023277157
104688,0.0017551256
104689,0.0012537536
104690,0.001269899
104691,0.0017642222
104692,0.0017935407
104693,0.0010681152
104694,0.00074252475
104695,0.00065621664
104696,0.0007392643
104697,0.0012528478
104698,0.0013565741
104699,0.00096827204
104700,0.0006393232
104701,0.0008408271
104702,0.00085049786
104703,0.0010903096
104704,0.0010322264
104705,0.00077200274
104706,0.00066239666
104707,0.0006296909
104708,0.001289142
104709,0.0016206852
104710,0.0018674725
104711,0.0017699209
104712,0.0016362695
104713,0.0009858465
104714,0.0008329328
104715,0.0015980622
104716,0.0018486292
104717,0.0015384726
104718,0.0014469323
104719,0.0013301866
104720,0.0017687365
104721,0.0031154098
104722,0.0036569957
104723,0.003524227
104724,0.0024036588
104725,0.0019404027
104726,0.0019913013
104727,0.0039717136
104728,0.0048019267
104729,0.005103078
104730,0.004797585
104731,0.004818281
104732,0.003940972
104733,0.002958484
104734,0.0023954355
104735,0.0027677987
104736,0.0034325833
104737,0.0026360415
104738,0.0016945158
104739,0.0023556428
104740,0.0030605665
104741,0.0023920434
104742,0.0011862421
104743,0.0010981559
104744,0.0014193545
104745,0.0015320652
104746,0.002091832
104747,0.0025874223
104748,0.003033229
104749,0.0029732133
104750,0.0025563368
104751,0.0019411824
104752,0.0016175396
104753,0.0012482165
104754,0.0008530946
104755,0.00088625855
104756,0.0007397366
104757,0.0012472135
104758,0.0015440243
104759,0.0015600945
104760,0.0016516185
104761,0.0017650303
104762,0.0006247724
104763,0.0008608378
104764,0.0014511502
104765,0.001785865
104766,0.0020531437
104767,0.003465484
104768,0.0035446153
104769,0.0033673039
104770,0.001857926
104771,0.0019762488
104772,0.0016158834
104773,0.0008228082
104774,0.00063287193
104775,0.0009957749
104776,0.0013253205
104777,0.0016449265
104778,0.002826338
104779,0.0033751945
104780,0.003202874
104781,0.002347809
104782,0.0017645026
104783,0.0012134815
104784,0.000660108
104785,0.0010178024
104786,0.0013307335
104787,0.0036502408
104788,0.004947467
104789,0.0051867426
104790,0.0041798432
104791,0.0031321058
104792,0.0020450477
104793,0.0015709329
104794,0.00090152846
104795,0.0013414724
104796,0.001749046
104797,0.001954421
104798,0.0019846694
104799,0.0014853042
104800,0.0011414044
104801,0.00081123103
104802,0.0005466609
104803,0.0005099153
104804,0.0010507812
104805,0.0031463737
104806,0.0042045717
104807,0.0029538567
104808,0.003063684
104809,0.00355592
104810,0.0020033517
104811,0.001840709
104812,0.003120693
104813,0.0026599576
104814,0.0013834892
104815,0.0018916284
104816,0.0019199414
104817,0.0016860444
104818,0.0012627512
104819,0.0007486143
104820,0.0006620451
104821,0.0005776213
104822,0.0006892262
104823,0.0008686125
104824,0.0010176594
104825,0.00066072494
104826,0.0013617347
104827,0.001439491
104828,0.0010053735
104829,0.00076404493
104830,0.0010152543
104831,0.0015480716
104832,0.0020587635
104833,0.0019043556
104834,0.0026152693
104835,0.0030110409
104836,0.0034421424
104837,0.0035790969
104838,0.0033113682
104839,0.0025419055
104840,0.0018657887
104841,0.0016016823
104842,0.0017397362
104843,0.0017176647
104844,0.0013762971
104845,0.0006290897
104846,0.0004959693
104847,0.0026646473
104848,0.0036699926
104849,0.0047434405
104850,0.0036473933
104851,0.0013516739
104852,0.0014078042
104853,0.0013844987
104854,0.0018436791
104855,0.0029251243
104856,0.0038955065
104857,0.0033445652
104858,0.0025210618
104859,0.0028834166
104860,0.0030491818
104861,0.0030128285
104862,0.003193601
104863,0.002933331
104864,0.0023021563
104865,0.0015874458
104866,0.0012156141
104867,0.0016482141
104868,0.002303572
104869,0.0029024307
104870,0.002858
104871,0.0026657612
104872,0.002900033
104873,0.0021054503
104874,0.0015419496
104875,0.0014067288
104876,0.0010446142
104877,0.0006187811
104878,0.00075781054
104879,0.0011369078
104880,0.0018304029
104881,0.002480844
104882,0.0026999218
104883,0.002527599
104884,0.002357594
104885,0.0019599972
104886,0.0024513875
104887,0.0024982744
104888,0.0024069862
104889,0.0027139848
104890,0.002177173
104891,0.0009011733
104892,0.00073353364
104893,0.0013876483
104894,0.0017335522
104895,0.0
104896,0.0013130098
104897,0.0015354808
104898,0.0011961616
104899,0.0012656519
104900,0.0013756625
104901,0.0013071893
104902,0.0014833827
104903,0.0010632267
104904,0.0008672377
104905,0.00072362705
104906,0.00078256166
104907,0.0012946613
104908,0.0017030477
104909,0.0014535148
104910,0.0020926804
104911,0.005244686
104912,0.0067972555
104913,0.005162891
104914,0.003784618
104915,0.0021177446
104916,0.0018163087
104917,0.0030112246
104918,0.0029353842
104919,0.0024245635
104920,0.001960962
104921,0.0014614224
104922,0.0012101432
104923,0.0009085389
104924,0.0011807582
104925,0.0012833041
104926,0.00095519895
104927,0.0008577557
104928,0.0011119302
104929,0.0011662747
104930,0.0016120425
104931,0.0011269574
104932,0.00081334496
104933,0.00044026301
104934,0.0010659331
104935,0.0013265716
104936,0.0010723846
104937,0.0018278252
104938,0.0018492903
104939,0.0022766425
104940,0.0030796682
104941,0.0032586446
104942,0.0020951128
104943,0.0010037512
104944,0.0005154784
104945,0.00030249372
104946,0.00047012177
104947,0.00058637245
104948,0.00089469086
104949,0.00096914335
104950,0.0012495448
104951,0.0017680124
104952,0.0028822252
104953,0.0047703916
104954,0.004697818
104955,0.0031067098
104956,0.0009376088
104957,0.0014254315
104958,0.002490597
104959,0.0029545268
104960,0.0029163952
104961,0.0022828213
104962,0.0014930435
104963,0.0020425844
104964,0.0026925926
104965,0.0037975614
104966,0.0037006182
104967,0.0024621794
104968,0.0024481798
104969,0.0026992427
104970,0.0026173827
104971,0.0024734186
104972,0.0034316166
104973,0.0035052316
104974,0.0036648104
104975,0.0031740756
104976,0.002858
104977,0.0023423112
104978,0.0024143027
104979,0.0029288628
104980,0.009354366
104981,0.012168758
104982,0.012343797
104983,0.010276438
104984,0.007328342
104985,0.005245435
104986,0.0045325924
104987,0.0035284527
104988,0.0044316147
104989,0.0050743963
104990,0.004143611
104991,0.0021703716
104992,0.0014376095
104993,0.001529803
104994,0.004140112
104995,0.005171627
104996,0.004283475
104997,0.005269333
104998,0.0054025594
104999,0.0040728534
105000,0.005870456
105001,0.0052352827
105002,0.0039820033
105003,0.0052668964
105004,0.0049868645
105005,0.0041599865
105006,0.0033424238
105007,0.0020789786
105008,0.0016445726
105009,0.0013037338
105010,0.0015848586
105011,0.001505274
105012,0.0011535534
105013,0.0010190883
105014,0.00089332357
105015,0.0009736076
105016,0.0010964053
105017,0.0016798708
105018,0.0023132798
105019,0.0026722492
105020,0.0018201823
105021,0.0008005413
105022,0.0007000775
105023,0.0007469407
105024,0.0015819545
105025,0.0020574343
105026,0.0013702783
105027,0.0008319889
105028,0.0008066258
105029,0.0009833339
105030,0.0012043333
105031,0.001203076
105032,0.0009709435
105033,0.0008832651
105034,0.001289458
105035,0.00143684
105036,0.0014092713
105037,0.0010037222
105038,0.0006374084
105039,0.00065488473
105040,0.0007072329
105041,0.0013433802
105042,0.0018724063
105043,0.002338319
105044,0.0019128795
105045,0.0020130328
105046,0.0013668332
105047,0.0010658785
105048,0.0020397897
105049,0.0018818331
105050,0.0010350139
105051,0.00095119915
105052,0.0012597514
105053,0.0016996434
105054,0.0019723866
105055,0.002780807
105056,0.0034324392
105057,0.0032253035
105058,0.0025132226
105059,0.0040001753
105060,0.006871938
105061,0.0072699324
105062,0.006700785
105063,0.0053920713
105064,0.0046330467
105065,0.0039376104
105066,0.003173498
105067,0.0027385913
105068,0.0030290906
105069,0.0040655294
105070,0.0035086258
105071,0.0025203344
105072,0.0022518737
105073,0.00322901
105074,0.002764053
105075,0.0010949975
105076,0.0010100523
105077,0.001462577
105078,0.0013729731
105079,0.001663103
105080,0.0019340478
105081,0.0020358337
105082,0.002350683
105083,0.002549725
105084,0.0024795649
105085,0.0020141313
105086,0.0012207509
105087,0.0007578873
105088,0.0007607237
105089,0.0006953221
105090,0.0010390552
105091,0.0015246386
105092,0.0016130893
105093,0.0012569065
105094,0.0010122686
105095,0.00058919477
105096,0.00083065854
105097,0.0013331807
105098,0.0014181442
105099,0.0020062407
105100,0.0035517188
105101,0.0042020027
105102,0.0041656913
105103,0.0030309444
105104,0.0023367754
105105,0.001646359
105106,0.00096691854
105107,0.0006844804
105108,0.00061845174
105109,0.0009021094
105110,0.001350058
105111,0.0024182412
105112,0.003356396
105113,0.0034299537
105114,0.0029102014
105115,0.0021023655
105116,0.0019348151
105117,0.0016940349
105118,0.0031144193
105119,0.004169595
105120,0.0052953493
105121,0.0054100854
105122,0.004969612
105123,0.004422042
105124,0.0036078326
105125,0.002313506
105126,0.0013203262
105127,0.0014530743
105128,0.001685181
105129,0.0015005877
105130,0.0015883439
105131,0.0021964177
105132,0.0018980947
105133,0.0014054455
105134,0.001180635
105135,0.00084397104
105136,0.000706533
105137,0.0010951835
105138,0.0034293768
105139,0.0038173285
105140,0.0028386782
105141,0.002914888
105142,0.0030117463
105143,0.0013945941
105144,0.001226032
105145,0.0022514472
105146,0.00228212
105147,0.0015523708
105148,0.0016737785
105149,0.0010711898
105150,0.0008920195
105151,0.00075692666
105152,0.00037632333
105153,0.00053138065
105154,0.0005228223
105155,0.00087900425
105156,0.0011627257
105157,0.0013980332
105158,0.0010553413
105159,0.0013251009
105160,0.0018546649
105161,0.0014149802
105162,0.00095288054
105163,0.001494719
105164,0.0022951167
105165,0.0027454162
105166,0.002658896
105167,0.0030893772
105168,0.004079558
105169,0.004792092
105170,0.0049346024
105171,0.0043954714
105172,0.0032590288
105173,0.0013334645
105174,0.0009907644
105175,0.001228451
105176,0.0017039703
105177,0.0016262784
105178,0.000674069
105179,0.0026340422
105180,0.0041007623
105181,0.0043100542
105182,0.0038197218
105183,0.0024548993
105184,0.0021127637
105185,0.0036830145
105186,0.003915448
105187,0.003987014
105188,0.0038539772
105189,0.004250463
105190,0.0041151303
105191,0.0027422977
105192,0.002207797
105193,0.0024769227
105194,0.0029020596
105195,0.0028111602
105196,0.0024955817
105197,0.0018389056
105198,0.0018045898
105199,0.0015303736
105200,0.0012384789
105201,0.002022466
105202,0.002562693
105203,0.0020438805
105204,0.0020269651
105205,0.0029302635
105206,0.002411118
105207,0.0014264723
105208,0.0010101099
105209,0.0010790402
105210,0.0012760946
105211,0.0015199737
105212,0.0013774808
105213,0.0011020184
105214,0.0016590205
105215,0.0020672139
105216,0.0022510076
105217,0.0019999058
105218,0.0015036296
105219,0.0015761672
105220,0.001880874
105221,0.002357026
105222,0.0033053246
105223,0.0025729504
105224,0.00080065033
105225,0.0009247632
105226,0.0018055087
105227,0.0021699693
105228,0.0
105229,0.0011068671
105230,0.0013840991
105231,0.0014195185
105232,0.0012824647
105233,0.0013269007
105234,0.0011950175
105235,0.0012862489
105236,0.0010574627
105237,0.00088092254
105238,0.0007703044
105239,0.0007580025
105240,0.0012098546
105241,0.0017461482
105242,0.001700277
105243,0.0038087722
105244,0.0057981694
105245,0.006052231
105246,0.004410424
105247,0.0027032723
105248,0.0016035347
105249,0.002122741
105250,0.003413956
105251,0.0033584158
105252,0.002411275
105253,0.0020032937
105254,0.0021448506
105255,0.0021760766
105256,0.0019500529
105257,0.002033502
105258,0.001980074
105259,0.0017125569
105260,0.0021938854
105261,0.0023425098
105262,0.0024596604
105263,0.0024764878
105264,0.0016950825
105265,0.00128799
105266,0.0010334098
105267,0.001268913
105268,0.0013551575
105269,0.0010400071
105270,0.0011594923
105271,0.0013807096
105272,0.001393028
105273,0.0024727008
105274,0.003470578
105275,0.0026352906
105276,0.0009616064
105277,0.0004786495
105278,0.00065341656
105279,0.00087684946
105280,0.0009686327
105281,0.00092385005
105282,0.0011273188
105283,0.0015002968
105284,0.0016686412
105285,0.0024893815
105286,0.0037170502
105287,0.0028215146
105288,0.0013432285
105289,0.0024103092
105290,0.0031979906
105291,0.0040623927
105292,0.0043962398
105293,0.003944744
105294,0.0030741915
105295,0.00195235
105296,0.0020100956
105297,0.003255258
105298,0.0044403076
105299,0.0037539878
105300,0.0017944654
105301,0.001610218
105302,0.0016286032
105303,0.0019420969
105304,0.0029134399
105305,0.0035524562
105306,0.0032590376
105307,0.0029977113
105308,0.0028165178
105309,0.0021036803
105310,0.0018875005
105311,0.0012796703
105312,0.0019195623
105313,0.005753975
105314,0.010150653
105315,0.012651087
105316,0.01194521
105317,0.008137564
105318,0.0071839653
105319,0.007195219
105320,0.006145424
105321,0.0063871155
105322,0.0066814246
105323,0.004777384
105324,0.0032100808
105325,0.0017343244
105326,0.0009446904
105327,0.0024248275
105328,0.004393571
105329,0.004476199
105330,0.0053578233
105331,0.0060618743
105332,0.0042520445
105333,0.005122995
105334,0.0051003057
105335,0.004432678
105336,0.0051047034
105337,0.0050425506
105338,0.0047123106
105339,0.004348166
105340,0.0033903625
105341,0.0019972117
105342,0.0015202992
105343,0.001497287
105344,0.0012704717
105345,0.0010346202
105346,0.0009958625
105347,0.0007541918
105348,0.0009028833
105349,0.0011634264
105350,0.001687718
105351,0.0022959027
105352,0.0025729844
105353,0.0019020465
105354,0.0016017186
105355,0.0014140955
105356,0.0012841655
105357,0.0013404522
105358,0.0020087922
105359,0.0014309742
105360,0.00094558334
105361,0.000987292
105362,0.0009833339
105363,0.0010447536
105364,0.0009170837
105365,0.00083258335
105366,0.00067867315
105367,0.0007071506
105368,0.0010337196
105369,0.000967761
105370,0.0008413116
105371,0.00048660947
105372,0.00044773563
105373,0.0010324237
105374,0.001635202
105375,0.002061363
105376,0.002370017
105377,0.00242114
105378,0.0027935358
105379,0.0021281636
105380,0.0013935294
105381,0.0018702134
105382,0.0016217803
105383,0.0009767115
105384,0.0008456935
105385,0.0014864599
105386,0.0019452712
105387,0.0019238332
105388,0.002476429
105389,0.0034038643
105390,0.004340321
105391,0.0051713283
105392,0.005902169
105393,0.0075310203
105394,0.006622552
105395,0.004652749
105396,0.0036562395
105397,0.0019547187
105398,0.0026640357
105399,0.003489762
105400,0.0032447628
105401,0.0028996316
105402,0.003516315
105403,0.0037571494
105404,0.0033443128
105405,0.0035118675
105406,0.004284895
105407,0.0033428068
105408,0.0017521549
105409,0.001362098
105410,0.0016007189
105411,0.0013237824
105412,0.0011322391
105413,0.0008368719
105414,0.0006423207
105415,0.0011766842
105416,0.0015177318
105417,0.0018110775
105418,0.0016999859
105419,0.0010443635
105420,0.0006827349
105421,0.0007877142
105422,0.0012064821
105423,0.0011515332
105424,0.001352879
105425,0.0016132336
105426,0.001563784
105427,0.0015608965
105428,0.0008459688
105429,0.00066612085
105430,0.0010603486
105431,0.0014133132
105432,0.0019785597
105433,0.0023918
105434,0.0027292874
105435,0.0029959148
105436,0.002783715
105437,0.0018680958
105438,0.0010349015
105439,0.000944906
105440,0.0006162832
105441,0.0008398574
105442,0.001610995
105443,0.0018384466
105444,0.0021136866
105445,0.0028854245
105446,0.0035261589
105447,0.0036147311
105448,0.0029166648
105449,0.002263707
105450,0.0026389104
105451,0.003922444
105452,0.004789996
105453,0.004655575
105454,0.0037315383
105455,0.0018633225
105456,0.0024126144
105457,0.0025446403
105458,0.0021565831
105459,0.0016298715
105460,0.00215084
105461,0.0024173625
105462,0.0014312183
105463,0.0013676209
105464,0.0032676617
105465,0.0030105286
105466,0.0017155114
105467,0.0010645945
105468,0.0007085896
105469,0.0006395508
105470,0.00095808913
105471,0.0024195889
105472,0.002606876
105473,0.0016766451
105474,0.0016980503
105475,0.0017475478
105476,0.0012816248
105477,0.0016321199
105478,0.0022189736
105479,0.0021031266
105480,0.001400633
105481,0.0013629738
105482,0.00087741355
105483,0.00090368884
105484,0.0007786469
105485,0.00051225006
105486,0.0008187659
105487,0.0010370085
105488,0.0011095458
105489,0.00090487965
105490,0.0015131419
105491,0.00153711
105492,0.0011644766
105493,0.0018659758
105494,0.0016914558
105495,0.0013910836
105496,0.0021375108
105497,0.0024765467
105498,0.002831893
105499,0.0026628773
105500,0.0029156767
105501,0.0039487993
105502,0.003630245
105503,0.0032488592
105504,0.003509281
105505,0.003888739
105506,0.0022841215
105507,0.0011717518
105508,0.0015399853
105509,0.0019609474
105510,0.0018133579
105511,0.0029416932
105512,0.004411037
105513,0.004717379
105514,0.0037733044
105515,0.0021396473
105516,0.0012537536
105517,0.002301208
105518,0.005144215
105519,0.005223478
105520,0.0047451523
105521,0.0045969808
105522,0.004046155
105523,0.0038080693
105524,0.0020351186
105525,0.0013523196
105526,0.0019018782
105527,0.002650608
105528,0.003033085
105529,0.003020691
105530,0.002607077
105531,0.0026776784
105532,0.002265378
105533,0.0014442949
105534,0.0016278883
105535,0.0019243777
105536,0.0015376401
105537,0.0011702109
105538,0.0020782645
105539,0.002025141
105540,0.0013583322
105541,0.0010822989
105542,0.0010417406
105543,0.0014222222
105544,0.0014455237
105545,0.0014528539
105546,0.0010078601
105547,0.0019783683
105548,0.0026609201
105549,0.0027522452
105550,0.0023860864
105551,0.0012207509
105552,0.0009992177
105553,0.0013834892
105554,0.002329378
105555,0.0038084283
105556,0.0031726449
105557,0.0008445226
105558,0.00088825944
105559,0.001686148
105560,0.0018330881
105561,0.0
105562,0.0012549136
105563,0.0013856123
105564,0.0013774808
105565,0.0011113805
105566,0.001244457
105567,0.0014200924
105568,0.0013482891
105569,0.0009270264
105570,0.00081552484
105571,0.0007302331
105572,0.0005718484
105573,0.0009773073
105574,0.0016402843
105575,0.001933536
105576,0.0044957465
105577,0.00611354
105578,0.0052704928
105579,0.0034371756
105580,0.002075616
105581,0.002064199
105582,0.0029277299
105583,0.0037386601
105584,0.0037114162
105585,0.002346321
105586,0.0028991196
105587,0.002887159
105588,0.0024762645
105589,0.0021427872
105590,0.002553603
105591,0.002949844
105592,0.003037783
105593,0.0033666124
105594,0.0032667709
105595,0.0034852556
105596,0.0032728324
105597,0.002692798
105598,0.0018292418
105599,0.0017428115
105600,0.0014795125
105601,0.001220417
105602,0.00075715734
105603,0.00062714366
105604,0.0010661515
105605,0.0012979392
105606,0.002090677
105607,0.0034647617
105608,0.0029331425
105609,0.0009304421
105610,0.0006831611
105611,0.00087611895
105612,0.00083457347
105613,0.00059465243
105614,0.00069108163
105615,0.0011173352
105616,0.0015517896
105617,0.0014015886
105618,0.0017565014
105619,0.0027212352
105620,0.002903022
105621,0.0031577584
105622,0.0033758152
105623,0.00403035
105624,0.0038326678
105625,0.0038273942
105626,0.0032615014
105627,0.0033344207
105628,0.0025168678
105629,0.0023690837
105630,0.0029228947
105631,0.0041809776
105632,0.0037524446
105633,0.0015448158
105634,0.0013775019
105635,0.0013753875
105636,0.0019510377
105637,0.0028270176
105638,0.0027954627
105639,0.0019408076
105640,0.0015913827
105641,0.001667926
105642,0.001656598
105643,0.0014187392
105644,0.0008975489
105645,0.0012186749
105646,0.0020171346
105647,0.0064970376
105648,0.01169721
105649,0.012286054
105650,0.008246006
105651,0.008243426
105652,0.008669618
105653,0.008102288
105654,0.00792726
105655,0.0072954367
105656,0.004942888
105657,0.0040433058
105658,0.0026970962
105659,0.0014128806
105660,0.0013191794
105661,0.0036692708
105662,0.00415079
105663,0.0050212373
105664,0.0062291333
105665,0.004497423
105666,0.0045177164
105667,0.004492042
105668,0.004006384
105669,0.004297896
105670,0.004524482
105671,0.0041948766
105672,0.004233874
105673,0.0038664173
105674,0.002438102
105675,0.0023396756
105676,0.0017764369
105677,0.0014406228
105678,0.0014775244
105679,0.0017595971
105680,0.0013663222
105681,0.0013447877
105682,0.0015913644
105683,0.0015795979
105684,0.001601646
105685,0.0020081112
105686,0.0020496962
105687,0.0021454205
105688,0.0016784321
105689,0.001627781
105690,0.0012738347
105691,0.0016722651
105692,0.0014215263
105693,0.0009319423
105694,0.0006687372
105695,0.00041864457
105696,0.0007166353
105697,0.00085924735
105698,0.0009400578
105699,0.00095513806
105700,0.0006965349
105701,0.0006237934
105702,0.00074032653
105703,0.00084217597
105704,0.0006655526
105705,0.0010008474
105706,0.0017887636
105707,0.0019084316
105708,0.0018928588
105709,0.002117456
105710,0.0024228825
105711,0.0027694388
105712,0.0026591807
105713,0.001585281
105714,0.002025112
105715,0.0020643398
105716,0.0010540168
105717,0.0017373423
105718,0.0022740716
105719,0.0023663426
105720,0.0021458818
105721,0.0021194068
105722,0.0023529232
105723,0.00336014
105724,0.004585793
105725,0.0060614618
105726,0.006504626
105727,0.004285982
105728,0.0017712523
105729,0.00177232
105730,0.0017738958
105731,0.002159469
105732,0.0031435513
105733,0.0036559768
105734,0.00406437
105735,0.0043749902
105736,0.0050517884
105737,0.0050357007
105738,0.0046259933
105739,0.0049944515
105740,0.003920848
105741,0.0030305122
105742,0.0021746852
105743,0.0023539742
105744,0.001926101
105745,0.0014944269
105746,0.0011721988
105747,0.0011111448
105748,0.0011768326
105749,0.0010580955
105750,0.0011212875
105751,0.0015370911
105752,0.001003055
105753,0.00086841144
105754,0.0010934017
105755,0.0011672225
105756,0.00092230516
105757,0.00090809027
105758,0.0012027856
105759,0.0016914903
105760,0.0018621662
105761,0.0015899739
105762,0.00120189
105763,0.0009600616
105764,0.0011911876
105765,0.0016276021
105766,0.0018770637
105767,0.0011710562
105768,0.001485265
105769,0.0015819913
105770,0.0012662266
105771,0.0011380592
105772,0.0010626243
105773,0.00056509045
105774,0.0012789879
105775,0.0020790065
105776,0.0020267067
105777,0.0019331145
105778,0.0020001968
105779,0.002372754
105780,0.0025014991
105781,0.0021314705
105782,0.0016558599
105783,0.0024453846
105784,0.0029283857
105785,0.003058331
105786,0.0020292182
105787,0.002103002
105788,0.0019855783
105789,0.0017734363
105790,0.0018850472
105791,0.0016733786
105792,0.00170786
105793,0.0022896829
105794,0.0028459686
105795,0.002530315
105796,0.0031292983
105797,0.004327091
105798,0.0033744355
105799,0.0013834051
105800,0.0008892091
105801,0.0008486137
105802,0.0009465063
105803,0.0013586535
105804,0.001956088
105805,0.0016348104
105806,0.00066612085
105807,0.0010904964
105808,0.0017049094
105809,0.0017588692
105810,0.0018800691
105811,0.0024564518
105812,0.0026286116
105813,0.00218406
105814,0.0018392538
105815,0.0012528478
105816,0.0012864525
105817,0.0014616813
105818,0.001534931
105819,0.0016605987
105820,0.0016182052
105821,0.0014823622
105822,0.0012672836
105823,0.0018617755
105824,0.0021802455
105825,0.0013945315
105826,0.001545362
105827,0.0017882265
105828,0.001702911
105829,0.0020993315
105830,0.002356705
105831,0.0028264925
105832,0.0023837187
105833,0.00272805
105834,0.0035847926
105835,0.0027442605
105836,0.0010583431
105837,0.0026792213
105838,0.0038603907
105839,0.0024682241
105840,0.0013104804
105841,0.0012886904
105842,0.0016646597
105843,0.0016727698
105844,0.0029471493
105845,0.004314205
105846,0.0036606786
105847,0.0017906337
105848,0.0010970422
105849,0.0014071632
105850,0.0030310692
105851,0.005212619
105852,0.003916927
105853,0.0026770697
105854,0.0035832173
105855,0.003987109
105856,0.00440376
105857,0.003003686
105858,0.0015899739
105859,0.0018296873
105860,0.0023010182
105861,0.0028076172
105862,0.0028298062
105863,0.0025518243
105864,0.0028762917
105865,0.0028519856
105866,0.0020581556
105867,0.0014730463
105868,0.0020877374
105869,0.0020708009
105870,0.0017493288
105871,0.0021734
105872,0.0021730117
105873,0.0014703171
105874,0.00088934
105875,0.00082492776
105876,0.0010577379
105877,0.0010617749
105878,0.0010196308
105879,0.0011750258
105880,0.0023414162
105881,0.002386501
105882,0.0019018169
105883,0.0019219413
105884,0.0015101962
105885,0.0012359148
105886,0.0016387933
105887,0.0022797212
105888,0.0038531162
105889,0.003464098
105890,0.0011361652
105891,0.0011176737
105892,0.0020027414
105893,0.0023204023
105894,0.0
105895,0.0022624854
105896,0.0017939463
105897,0.0012915328
105898,0.00090783386
105899,0.0010726016
105900,0.0014805547
105901,0.0011328046
105902,0.0008737239
105903,0.00078586466
105904,0.0007238683
105905,0.0006237001
105906,0.0007636639
105907,0.0012304868
105908,0.0018910897
105909,0.004869066
105910,0.006015636
105911,0.0044515147
105912,0.0030369398
105913,0.0021299268
105914,0.0021096207
105915,0.003465593
105916,0.0034285535
105917,0.0030385877
105918,0.002511288
105919,0.0038853248
105920,0.0037188348
105921,0.0027722851
105922,0.0019445829
105923,0.0023861472
105924,0.0028184701
105925,0.0032853028
105926,0.0032095006
105927,0.0028661352
105928,0.002908851
105929,0.0035392416
105930,0.003726645
105931,0.0029885906
105932,0.0022450653
105933,0.0018892112
105934,0.0014488017
105935,0.0011961616
105936,0.0008501214
105937,0.0014665712
105938,0.0016676642
105939,0.0019869849
105940,0.0030807925
105941,0.002739569
105942,0.0011584376
105943,0.00092777953
105944,0.00081338076
105945,0.00073154713
105946,0.0006088238
105947,0.0007593452
105948,0.001477997
105949,0.0019488287
105950,0.0015137381
105951,0.0014477366
105952,0.002249352
105953,0.0031402628
105954,0.0041453387
105955,0.0049309856
105956,0.0052913358
105957,0.0046040094
105958,0.0037765119
105959,0.0035901957
105960,0.003747128
105961,0.0030751287
105962,0.002474054
105963,0.0023767983
105964,0.003500429
105965,0.0031765045
105966,0.0015920775
105967,0.0012504528
105968,0.0015606355
105969,0.0018967908
105970,0.0026654445
105971,0.0029708142
105972,0.0022904072
105973,0.0012028824
105974,0.0015343811
105975,0.002206439
105976,0.0022202719
105977,0.001269578
105978,0.00060973136
105979,0.0016177915
105980,0.0032637138
105981,0.008554195
105982,0.009550634
105983,0.0059071127
105984,0.006778175
105985,0.006752053
105986,0.006603848
105987,0.008142433
105988,0.008404789
105989,0.0068888236
105990,0.0049171136
105991,0.003120954
105992,0.0015985538
105993,0.00083735865
105994,0.0031642863
105995,0.004050289
105996,0.004704677
105997,0.0058603683
105998,0.005244442
105999,0.004215025
106000,0.0033288738
106001,0.0037063155
106002,0.004389137
106003,0.0049122046
106004,0.003718279
106005,0.0034067018
106006,0.0032116943
106007,0.0023604315
106008,0.002617027
106009,0.002391447
106010,0.0019841853
106011,0.0018828381
106012,0.0021324805
106013,0.0018021205
106014,0.0017348276
106015,0.0014627959
106016,0.0009658946
106017,0.0010477301
106018,0.0014642873
106019,0.0017676831
106020,0.0016545235
106021,0.0012959645
106022,0.0009131082
106023,0.0009650204
106024,0.0011845233
106025,0.0011327531
106026,0.0009132038
106027,0.00082711224
106028,0.0007741862
106029,0.0006941072
106030,0.00049432355
106031,0.0006350297
106032,0.0009573294
106033,0.00069456827
106034,0.0009634811
106035,0.0012682019
106036,0.0012388784
106037,0.0011111972
106038,0.0012181493
106039,0.0018665061
106040,0.0015838116
106041,0.00091364986
106042,0.0012428188
106043,0.0018095342
106044,0.0022597695
106045,0.002798189
106046,0.0018369262
106047,0.001618367
106048,0.0019119665
106049,0.0008091116
106050,0.0022449875
106051,0.0027290846
106052,0.0023540854
106053,0.0037254265
106054,0.00441012
106055,0.004915995
106056,0.004799605
106057,0.004682236
106058,0.0047232546
106059,0.0042134156
106060,0.003167669
106061,0.0016352197
106062,0.0018178944
106063,0.0019210627
106064,0.0019738174
106065,0.0026501687
106066,0.0036618868
106067,0.0043095746
106068,0.004361719
106069,0.0046197227
106070,0.0046332353
106071,0.0056170328
106072,0.0061565195
106073,0.0063150926
106074,0.0056443443
106075,0.004646552
106076,0.0036290744
106077,0.002634639
106078,0.0020934173
106079,0.0017208132
106080,0.0012384554
106081,0.0015194184
106082,0.0015582279
106083,0.001415268
106084,0.0016133058
106085,0.0013341191
106086,0.0008961535
106087,0.0007413872
106088,0.0008265138
106089,0.000745927
106090,0.0008501214
106091,0.0006697809
106092,0.001335362
106093,0.0016176836
106094,0.0019201081
106095,0.0015790635
106096,0.0013959499
106097,0.0011302066
106098,0.0010611168
106099,0.0010952367
106100,0.00067116995
106101,0.0011953827
106102,0.0017650139
106103,0.0016807021
106104,0.0013185395
106105,0.0009232828
106106,0.0012206793
106107,0.0019466173
106108,0.0020910527
106109,0.0017195613
106110,0.0010861107
106111,0.000903882
106112,0.00079675135
106113,0.0012838256
106114,0.0012265779
106115,0.0016509312
106116,0.002882589
106117,0.0031253896
106118,0.0027565775
106119,0.0021021578
106120,0.0019783978
106121,0.0020241346
106122,0.0020583253
106123,0.0022833187
106124,0.0019272944
106125,0.0014310352
106126,0.001468812
106127,0.0029388226
106128,0.003885692
106129,0.0044582174
106130,0.004452306
106131,0.0028192962
106132,0.0005794323
106133,0.00078274764
106134,0.0009241965
106135,0.0012176476
106136,0.0013830264
106137,0.001079903
106138,0.0010871821
106139,0.001423981
106140,0.0017491957
106141,0.002251305
106142,0.0018405351
106143,0.0015103118
106144,0.002205159
106145,0.0022231145
106146,0.0022399519
106147,0.0019632317
106148,0.0019851532
106149,0.0020875982
106150,0.0023221076
106151,0.0021457053
106152,0.0018265351
106153,0.0014168712
106154,0.0011851866
106155,0.0009505258
106156,0.001593174
106157,0.0022218705
106158,0.0019640024
106159,0.0014212192
106160,0.0016467655
106161,0.0016624203
106162,0.0020279842
106163,0.002258404
106164,0.0027952127
106165,0.002930035
106166,0.0034315062
106167,0.0033524917
106168,0.0017316205
106169,0.0007795061
106170,0.0022247764
106171,0.0036274942
106172,0.0025606253
106173,0.0012309597
106174,0.0013350351
106175,0.0013381706
106176,0.0010884127
106177,0.00234026
106178,0.0035258536
106179,0.0026870202
106180,0.0014298959
106181,0.0010925762
106182,0.0017267732
106183,0.0040422473
106184,0.0050181877
106185,0.0031440882
106186,0.0018199744
106187,0.00288068
106188,0.004272652
106189,0.00499388
106190,0.0034164102
106191,0.0017416422
106192,0.001222109
106193,0.0016361806
106194,0.0018563746
106195,0.002346259
106196,0.002792421
106197,0.0033080266
106198,0.0033931856
106199,0.0022778823
106200,0.0012035597
106201,0.0014460068
106202,0.0015759455
106203,0.0015829845
106204,0.0021665331
106205,0.002102421
106206,0.0016320486
106207,0.0012377972
106208,0.0010287808
106209,0.0008363849
106210,0.00074087665
106211,0.0007263969
106212,0.0018697465
106213,0.0027452041
106214,0.0019588536
106215,0.0013225066
106216,0.002193461
106217,0.0021229193
106218,0.0013079462
106219,0.0018926435
106220,0.00255464
106221,0.003809162
106222,0.0037803478
106223,0.0020565004
106224,0.0016101999
106225,0.0022197212
106226,0.0022306424
106227,0.0
106228,0.0018078124
106229,0.001320745
106230,0.0009782895
106231,0.0007753132
106232,0.0008204349
106233,0.0011825316
106234,0.0010352951
106235,0.00097474287
106236,0.00077317056
106237,0.0007592685
106238,0.000807239
106239,0.00091870077
106240,0.0010965115
106241,0.001737828
106242,0.0039742114
106243,0.0057426286
106244,0.004826827
106245,0.0032966577
106246,0.00283403
106247,0.0029221976
106248,0.0037326769
106249,0.0035396116
106250,0.0030282065
106251,0.0034341768
106252,0.003853645
106253,0.0035150484
106254,0.0020278553
106255,0.0020162687
106256,0.001795892
106257,0.001987893
106258,0.0022868211
106259,0.0022483685
106260,0.0022672398
106261,0.0021527335
106262,0.0029254127
106263,0.0029751314
106264,0.002840308
106265,0.0023358783
106266,0.0020359193
106267,0.0015592362
106268,0.001413972
106269,0.0010322264
106270,0.0016424299
106271,0.0017839737
106272,0.0020637617
106273,0.0027730619
106274,0.0021790972
106275,0.00091667107
106276,0.00058537896
106277,0.00072739786
106278,0.0010000038
106279,0.0011639516
106280,0.0011252
106281,0.0014256152
106282,0.0018524037
106283,0.0017366386
106284,0.0013643397
106285,0.0025188327
106286,0.0038776468
106287,0.0046497076
106288,0.004843578
106289,0.0049693426
106290,0.004604256
106291,0.004179286
106292,0.0043559433
106293,0.004320151
106294,0.0035354814
106295,0.0024134587
106296,0.0018078446
106297,0.002431755
106298,0.0032365902
106299,0.002473748
106300,0.002084054
106301,0.0026626259
106302,0.0031258739
106303,0.0034200032
106304,0.003323545
106305,0.0027735552
106306,0.0013419712
106307,0.0018126356
106308,0.0026450683
106309,0.0028378477
106310,0.0016716559
106311,0.0010971483
106312,0.0018671297
106313,0.0035847845
106314,0.006746262
106315,0.006443831
106316,0.0033846404
106317,0.0039516655
106318,0.00429688
106319,0.005452936
106320,0.007883177
106321,0.009280982
106322,0.008509525
106323,0.0055137672
106324,0.0033956035
106325,0.0024167004
106326,0.0013120119
106327,0.0031483895
106328,0.0043146773
106329,0.0052091223
106330,0.00499907
106331,0.0048119407
106332,0.004861445
106333,0.003900561
106334,0.003285834
106335,0.0037271057
106336,0.004558089
106337,0.003884486
106338,0.0031674944
106339,0.0023820822
106340,0.001971929
106341,0.0024492496
106342,0.0025859484
106343,0.0019606058
106344,0.0014867143
106345,0.0016181872
106346,0.0013412337
106347,0.0014532545
106348,0.0010630351
106349,0.0007885266
106350,0.00069636776
106351,0.0007601496
106352,0.0010935613
106353,0.0011456801
106354,0.00084820203
106355,0.000861142
106356,0.0010755552
106357,0.0009971184
106358,0.00095425395
106359,0.00066533394
106360,0.0008692824
106361,0.00089469086
106362,0.0005996724
106363,0.00042908138
106364,0.0007990129
106365,0.00094265485
106366,0.0009558995
106367,0.0012889839
106368,0.0013042695
106369,0.0012172412
106370,0.0015592922
106371,0.0014349145
106372,0.0015874458
106373,0.0014048863
106374,0.0013891575
106375,0.001712013
106376,0.0018978339
106377,0.001986399
106378,0.00262572
106379,0.0018787684
106380,0.0014503076
106381,0.0018744415
106382,0.0009959502
106383,0.002815722
106384,0.0031379543
106385,0.0020658057
106386,0.0046639508
106387,0.0052436423
106388,0.005079676
106389,0.004979593
106390,0.0046103834
106391,0.0037994615
106392,0.0027194163
106393,0.0016060555
106394,0.0019086452
106395,0.0018780092
106396,0.0019318495
106397,0.0016942582
106398,0.0015660529
106399,0.0021615706
106400,0.0030767657
106401,0.0037792698
106402,0.0046647494
106403,0.0055863215
106404,0.006952828
106405,0.008010425
106406,0.008591741
106407,0.0077182553
106408,0.0064630564
106409,0.004765441
106410,0.0036973371
106411,0.0027553947
106412,0.0017905687
106413,0.0016892003
106414,0.0019507692
106415,0.0016413131
106416,0.0011376499
106417,0.0011268283
106418,0.0010903364
106419,0.0011106732
106420,0.0010505042
106421,0.0010021261
106422,0.0007699265
106423,0.0005925933
106424,0.00037126237
106425,0.00076206157
106426,0.0011551165
106427,0.0015281851
106428,0.0017099718
106429,0.0019150237
106430,0.0019673782
106431,0.0019451665
106432,0.001568838
106433,0.0011276545
106434,0.0021195854
106435,0.002320327
106436,0.0020748307
106437,0.0014678804
106438,0.00075969007
106439,0.0014092919
106440,0.0021743374
106441,0.0021881072
106442,0.001488612
106443,0.0010139921
106444,0.0009808149
106445,0.0010495064
106446,0.0010789054
106447,0.0007993042
106448,0.0015459646
106449,0.0027722116
106450,0.002750267
106451,0.0025595566
106452,0.0023828761
106453,0.0021714442
106454,0.0017923882
106455,0.0015613999
106456,0.0020540224
106457,0.0020475083
106458,0.0018327546
106459,0.0013281503
106460,0.0018718622
106461,0.00285636
106462,0.0029368114
106463,0.002648422
106464,0.00082443363
106465,0.0007538058
106466,0.00086512085
106467,0.000979865
106468,0.0011543856
106469,0.0010362223
106470,0.0011841302
106471,0.001572988
106472,0.001814064
106473,0.001695134
106474,0.0018181665
106475,0.00112688
106476,0.0008308687
106477,0.0012305577
106478,0.0012796021
106479,0.001768358
106480,0.0021102414
106481,0.0023606783
106482,0.002162903
106483,0.0019744367
106484,0.0017916411
106485,0.0014394101
106486,0.0012392072
106487,0.0010305897
106488,0.0011462134
106489,0.0013131427
106490,0.0017504598
106491,0.0016313529
106492,0.0010460621
106493,0.0011252516
106494,0.0018283825
106495,0.0018539743
106496,0.0019331145
106497,0.002471241
106498,0.003119872
106499,0.0037653283
106500,0.0029755519
106501,0.0020956683
106502,0.001432194
106503,0.0022557862
106504,0.0028924362
106505,0.0016569492
106506,0.00058393535
106507,0.0008541856
106508,0.0009951023
106509,0.0009762048
106510,0.001517847
106511,0.0029994294
106512,0.003229803
106513,0.0012540785
106514,0.0013298147
106515,0.002859181
106516,0.00425915
106517,0.003589774
106518,0.0015217726
106519,0.0016585469
106520,0.0035651322
106521,0.0047141695
106522,0.00475509
106523,0.0032232634
106524,0.0017065814
106525,0.0010297139
106526,0.0010477578
106527,0.0014357459
106528,0.0020467548
106529,0.0027335708
106530,0.0031804785
106531,0.0036946363
106532,0.0026758409
106533,0.0012639492
106534,0.0012949086
106535,0.001259867
106536,0.0015973154
106537,0.0020100523
106538,0.0018997958
106539,0.0014022113
106540,0.0014386214
106541,0.0016742306
106542,0.0012461396
106543,0.0008591796
106544,0.00086400995
106545,0.00289916
106546,0.0029317134
106547,0.0012734692
106548,0.0015183453
106549,0.002462156
106550,0.0019249675
106551,0.0009570254
106552,0.0021313066
106553,0.0033059937
106554,0.0043563177
106555,0.004236245
106556,0.002616226
106557,0.0017616468
106558,0.002036148
106559,0.0024646958
106560,0.0
106561,0.0009981394
106562,0.0009817937
106563,0.00087873935
106564,0.00088155
106565,0.0007857165
106566,0.00067324814
106567,0.0009020126
106568,0.0011354476
106569,0.0008264786
106570,0.0007024431
106571,0.0007218149
106572,0.00085873913
106573,0.0009934045
106574,0.0017870055
106575,0.0033677188
106576,0.0052130935
106577,0.0046483055
106578,0.0030874643
106579,0.0032802848
106580,0.0033980624
106581,0.0038061887
106582,0.0030699854
106583,0.0028931405
106584,0.0031425233
106585,0.003368047
106586,0.002552212
106587,0.0013109689
106588,0.001339062
106589,0.0014316452
106590,0.0016074864
106591,0.0015151409
106592,0.0013204144
106593,0.0013571747
106594,0.0013720613
106595,0.0015338878
106596,0.001852608
106597,0.0017805771
106598,0.0020019275
106599,0.0018720488
106600,0.0018844604
106601,0.0018694975
106602,0.0017797106
106603,0.0021686142
106604,0.0020825174
106605,0.0024156645
106606,0.002528451
106607,0.0015441751
106608,0.0009883527
106609,0.001013619
106610,0.0011887664
106611,0.0016508254
106612,0.0013906233
106613,0.0013516308
106614,0.0016640128
106615,0.0025396259
106616,0.0034828833
106617,0.0044231475
106618,0.004902217
106619,0.005548642
106620,0.0052978825
106621,0.0052299094
106622,0.0048327744
106623,0.003974563
106624,0.0032346745
106625,0.0031489257
106626,0.0037172928
106627,0.003458557
106628,0.0025103143
106629,0.001138008
106630,0.0015550496
106631,0.0028096482
106632,0.0034716846
106633,0.0039413855
106634,0.0039500743
106635,0.00401607
106636,0.0033691013
106637,0.0031117643
106638,0.002662287
106639,0.0015467362
106640,0.0013404088
106641,0.0024153872
106642,0.00279414
106643,0.0018248772
106644,0.0012956725
106645,0.0018846921
106646,0.0041106157
106647,0.0056421836
106648,0.004132013
106649,0.0016353977
106650,0.0015685597
106651,0.0025314763
106652,0.003883242
106653,0.005948071
106654,0.009653916
106655,0.010066132
106656,0.005848044
106657,0.0031384828
106658,0.002504685
106659,0.0010262316
106660,0.0025341422
106661,0.004155948
106662,0.004974833
106663,0.0040848907
106664,0.0040068994
106665,0.0045758816
106666,0.0043496583
106667,0.0037334098
106668,0.0033439994
106669,0.0039510024
106670,0.0041069817
106671,0.003550637
106672,0.0022994115
106673,0.0016706632
106674,0.0019996148
106675,0.0023431187
106676,0.0018404244
106677,0.0019049209
106678,0.0018271564
106679,0.0011134212
106680,0.00092366105
106681,0.00075642666
106682,0.0007210888
106683,0.0005898859
106684,0.00091822544
106685,0.001133883
106686,0.0009157816
106687,0.00088638987
106688,0.0011691409
106689,0.0011042873
106690,0.0009461372
106691,0.00065216824
106692,0.00070061773
106693,0.0009824457
106694,0.000877314
106695,0.0005287451
106696,0.0005914134
106697,0.0010325928
106698,0.00079686096
106699,0.00080329954
106700,0.00100682
106701,0.0007682615
106702,0.0009895298
106703,0.0015679658
106704,0.0014861465
106705,0.0014976368
106706,0.0012274556
106707,0.0015457198
106708,0.0018014421
106709,0.0020295193
106710,0.0018584585
106711,0.0018344212
106712,0.0013371916
106713,0.0011790809
106714,0.0014307505
106715,0.001123362
106716,0.0033622354
106717,0.003838776
106718,0.0039758664
106719,0.005273805
106720,0.004364207
106721,0.0018096949
106722,0.0015226138
106723,0.0012340295
106724,0.0014563353
106725,0.0018258657
106726,0.0025193065
106727,0.0032788739
106728,0.0028574197
106729,0.0018389373
106730,0.0012202023
106731,0.0006019974
106732,0.0010703744
106733,0.0020061827
106734,0.0033790036
106735,0.0045785904
106736,0.005761769
106737,0.0062485533
106738,0.006897306
106739,0.0070257406
106740,0.0074937744
106741,0.006831581
106742,0.005006598
106743,0.0040479023
106744,0.002699857
106745,0.001408011
106746,0.0014516114
106747,0.001706752
106748,0.0013034659
106749,0.0011544109
106750,0.0013100584
106751,0.001666739
106752,0.0018112864
106753,0.0016405149
106754,0.00135092
106755,0.00091256615
106756,0.0008378451
106757,0.00062932103
106758,0.0006282564
106759,0.00079084845
106760,0.0010815726
106761,0.0015400987
106762,0.0019775738
106763,0.0027573586
106764,0.0032103981
106765,0.0031043575
106766,0.0026249108
106767,0.0027052201
106768,0.002517365
106769,0.0019613926
106770,0.001233888
106771,0.0009628163
106772,0.0016631205
106773,0.002218895
106774,0.0020555663
106775,0.0013467123
106776,0.0010268836
106777,0.0010962992
106778,0.0010365313
106779,0.001188448
106780,0.001233888
106781,0.0019259651
106782,0.0028667038
106783,0.0028962975
106784,0.0022539406
106785,0.0022479154
106786,0.0019563262
106787,0.0014666903
106788,0.0012325428
106789,0.0017715316
106790,0.0018300371
106791,0.0017085926
106792,0.0014080729
106793,0.0015767026
106794,0.0013178992
106795,0.0010418245
106796,0.00048666928
106797,0.00049982726
106798,0.00061173283
106799,0.00058328704
106800,0.001054762
106801,0.0014551358
106802,0.0016848702
106803,0.0015635234
106804,0.0013084356
106805,0.0010705375
106806,0.00085795927
106807,0.0010526353
106808,0.0010318315
106809,0.00092803047
106810,0.00091714715
106811,0.0012217517
106812,0.0016207391
106813,0.0020767373
106814,0.0024703927
106815,0.0024880602
106816,0.0023161212
106817,0.0017864517
106818,0.001597789
106819,0.0017179188
106820,0.0018924283
106821,0.0019245138
106822,0.0019055015
106823,0.0015326161
106824,0.0012705404
106825,0.00070169696
106826,0.00076556706
106827,0.0019714863
106828,0.0019284718
106829,0.0015254783
106830,0.0018217007
106831,0.0031617836
106832,0.0038806028
106833,0.0025381586
106834,0.0023170258
106835,0.00212174
106836,0.0020726833
106837,0.0027636
106838,0.0019065855
106839,0.0003218845
106840,0.0008670027
106841,0.001061062
106842,0.0011623001
106843,0.001294369
106844,0.0025363693
106845,0.0031075526
106846,0.0012996646
106847,0.0015121414
106848,0.0033968033
106849,0.0041785548
106850,0.0027250827
106851,0.0012918483
106852,0.0021185277
106853,0.0043415613
106854,0.004954262
106855,0.0038777895
106856,0.0021916423
106857,0.001652834
106858,0.0012061925
106859,0.0011546629
106860,0.0010237612
106861,0.0013383881
106862,0.0023010182
106863,0.0032001105
106864,0.004105571
106865,0.003036384
106866,0.0013855493
106867,0.0009650807
106868,0.0011225067
106869,0.0016370163
106870,0.0018657107
106871,0.0018597891
106872,0.0014040988
106873,0.0017368397
106874,0.0019924555
106875,0.0014591704
106876,0.0010611991
106877,0.00084335014
106878,0.0030663712
106879,0.0031552229
106880,0.0011423473
106881,0.0017461149
106882,0.002506497
106883,0.0015384537
106884,0.0007546547
106885,0.0021167
106886,0.0035797718
106887,0.004533157
106888,0.004584193
106889,0.0029628584
106890,0.0016781373
106891,0.0019125143
106892,0.0023571742
106893,0.0
106894,0.00160888
106895,0.0013359068
106896,0.00105716
106897,0.00075249193
106898,0.0008855686
106899,0.00077846
106900,0.0012755244
106901,0.0014288167
106902,0.001094519
106903,0.0008447638
106904,0.00091157696
106905,0.00082792115
106906,0.00069849595
106907,0.0013706393
106908,0.0023039381
106909,0.004500955
106910,0.0044842735
106911,0.0027943277
106912,0.0026464432
106913,0.002651069
106914,0.0028694435
106915,0.0027904608
106916,0.002749124
106917,0.002389621
106918,0.002310951
106919,0.0017622911
106920,0.0012282614
106921,0.0010902295
106922,0.0012124497
106923,0.0009861712
106924,0.000831464
106925,0.00075857824
106926,0.0011360883
106927,0.0014086103
106928,0.0013991985
106929,0.0011257171
106930,0.00076206157
106931,0.00140987
106932,0.0018045091
106933,0.0021855785
106934,0.0017968479
106935,0.001975365
106936,0.002203799
106937,0.0021123781
106938,0.002513871
106939,0.0026014221
106940,0.0015659228
106941,0.001053934
106942,0.0014072253
106943,0.001525402
106944,0.001656879
106945,0.0012095177
106946,0.001448862
106947,0.001961185
106948,0.0029248158
106949,0.0038307463
106950,0.005143587
106951,0.005446132
106952,0.005758121
106953,0.0051200115
106954,0.005317945
106955,0.0050484403
106956,0.004484689
106957,0.0030653935
106958,0.0022813675
106959,0.0028252462
106960,0.0033427111
106961,0.002812785
106962,0.0016961123
106963,0.0012044299
106964,0.0022606065
106965,0.0032016106
106966,0.003575387
106967,0.0034760914
106968,0.0038916569
106969,0.004000874
106970,0.0034249525
106971,0.0020680868
106972,0.0015715442
106973,0.001050144
106974,0.0021966563
106975,0.002616215
106976,0.0017425778
106977,0.0006983293
106978,0.0016296752
106979,0.0038302753
106980,0.0047416734
106981,0.0031574173
106982,0.0012059512
106983,0.0010555619
106984,0.001759531
106985,0.0031575372
106986,0.005534525
106987,0.010367544
106988,0.0115115885
106989,0.0062533487
106990,0.0026448152
106991,0.0024556105
106992,0.0009531859
106993,0.0019932003
106994,0.0033734522
106995,0.004620592
106996,0.0044869534
106997,0.0033597501
106998,0.003393477
106999,0.0039469493
107000,0.004357747
107001,0.004462185
107002,0.0041964166
107003,0.0040828097
107004,0.0036939746
107005,0.0028695958
107006,0.0021512187
107007,0.002485251
107008,0.003005536
107009,0.0027888229
107010,0.0023696118
107011,0.0021060447
107012,0.0012538
107013,0.0007375695
107014,0.0007415834
107015,0.00072735787
107016,0.0007024017
107017,0.00089800276
107018,0.0010515564
107019,0.00088622567
107020,0.00096420577
107021,0.0010956087
107022,0.0007729823
107023,0.0008518314
107024,0.0010206578
107025,0.00094632176
107026,0.0010594699
107027,0.00074853655
107028,0.00044773563
107029,0.0006690853
107030,0.0013072117
107031,0.001021228
107032,0.0010803611
107033,0.0012675362
107034,0.0010012835
107035,0.0009287515
107036,0.0012918707
107037,0.0016021729
107038,0.0015072061
107039,0.0009782597
107040,0.0013111243
107041,0.0015221933
107042,0.0016033895
107043,0.0012900672
107044,0.00087598606
107045,0.00093237945
107046,0.0010461456
107047,0.0011590404
107048,0.0012760719
107049,0.0039404402
107050,0.0045017307
107051,0.004618557
107052,0.0049141594
107053,0.0034205222
107054,0.0014276145
107055,0.001143086
107056,0.0015677431
107057,0.0019742008
107058,0.0019437894
107059,0.0025272996
107060,0.0037913946
107061,0.0037954454
107062,0.003141106
107063,0.002639958
107064,0.0019115249
107065,0.0012939192
107066,0.001136703
107067,0.0016393969
107068,0.0029486697
107069,0.0038616043
107070,0.004576734
107071,0.005073186
107072,0.0059655085
107073,0.0072392584
107074,0.0065507363
107075,0.0051793195
107076,0.004579925
107077,0.003152242
107078,0.0012123778
107079,0.0010111467
107080,0.0014304861
107081,0.001816485
107082,0.0020739466
107083,0.0018976959
107084,0.001808762
107085,0.0016821388
107086,0.0016712728
107087,0.0013201939
107088,0.0011361652
107089,0.0010336069
107090,0.00096408505
107091,0.0009389426
107092,0.0011965508
107093,0.0014552558
107094,0.0018407722
107095,0.001827459
107096,0.0021335722
107097,0.0030378597
107098,0.0030381568
107099,0.0030276587
107100,0.002496095
107101,0.002198047
107102,0.001368727
107103,0.0010773396
107104,0.0012668931
107105,0.001508017
107106,0.0018226111
107107,0.0020230848
107108,0.0014480583
107109,0.0014305471
107110,0.001393592
107111,0.0014247167
107112,0.001992368
107113,0.0024361555
107114,0.0031913584
107115,0.003694518
107116,0.0035260268
107117,0.0027722956
107118,0.0016558599
107119,0.00062505185
107120,0.00085466244
107121,0.0014380548
107122,0.0015550683
107123,0.0012646627
107124,0.0010723303
107125,0.0010031131
107126,0.0012432168
107127,0.0013097251
107128,0.0013319795
107129,0.0009655028
107130,0.00075631123
107131,0.0007231845
107132,0.00091282127
107133,0.0013798873
107134,0.0021105034
107135,0.0023170258
107136,0.0021106
107137,0.0014133338
107138,0.0010963257
107139,0.0011169965
107140,0.0010033451
107141,0.0013235845
107142,0.0014980836
107143,0.0013169273
107144,0.0013507046
107145,0.0015690791
107146,0.0020063422
107147,0.0026512668
107148,0.00304212
107149,0.00317971
107150,0.0024253076
107151,0.001415227
107152,0.001142653
107153,0.0013122115
107154,0.0014620397
107155,0.0020396898
107156,0.0019950538
107157,0.0015563777
107158,0.0007937137
107159,0.0011548897
107160,0.0020304655
107161,0.0019025666
107162,0.0012530802
107163,0.0016697571
107164,0.0029761875
107165,0.003092381
107166,0.0015873725
107167,0.0021452305
107168,0.0024022902
107169,0.0021108205
107170,0.0021914565
107171,0.0017373256
107172,0.0006757077
107173,0.00054857414
107174,0.000730751
107175,0.0008407233
107176,0.00088671816
107177,0.0020546457
107178,0.0029393572
107179,0.001570136
107180,0.0016713947
107181,0.0037361996
107182,0.0033329977
107183,0.0013427951
107184,0.0016510899
107185,0.0025519384
107186,0.003990064
107187,0.003917484
107188,0.0019054404
107189,0.001156904
107190,0.0007536514
107191,0.0006827349
107192,0.000910331
107193,0.0012743601
107194,0.0012415536
107195,0.001916558
107196,0.0024699569
107197,0.0037835336
107198,0.003686553
107199,0.0025132226
107200,0.0012607676
107201,0.0013331807
107202,0.0017636117
107203,0.0016853192
107204,0.0015053899
107205,0.0009649601
107206,0.0012784416
107207,0.0019970369
107208,0.0018026049
107209,0.0011785377
107210,0.0013709578
107211,0.0029426229
107212,0.0028659524
107213,0.0011991991
107214,0.0015365608
107215,0.0022696133
107216,0.001523894
107217,0.0012237986
107218,0.002027482
107219,0.003466307
107220,0.0045871637
107221,0.0045285327
107222,0.0028262967
107223,0.0011076557
107224,0.0013974294
107225,0.0020720796
107226,0.0
107227,0.0018530793
107228,0.0019029032
107229,0.0016140813
107230,0.0014654
107231,0.0014399156
107232,0.0013120119
107233,0.0014891984
107234,0.0016462529
107235,0.0012241078
107236,0.0012331802
107237,0.0012498476
107238,0.0008858972
107239,0.0007563882
107240,0.0011526953
107241,0.0018657575
107242,0.004213685
107243,0.004901006
107244,0.0035466675
107245,0.0016931584
107246,0.001827013
107247,0.00247356
107248,0.002681903
107249,0.00257054
107250,0.0022748264
107251,0.0018271564
107252,0.0014847162
107253,0.0011364726
107254,0.0011943597
107255,0.0011989321
107256,0.0009518109
107257,0.0010902295
107258,0.0015711923
107259,0.0016050766
107260,0.001308747
107261,0.0009499745
107262,0.0010850115
107263,0.0010389992
107264,0.001180635
107265,0.001377185
107266,0.0016294072
107267,0.001200824
107268,0.0022679972
107269,0.0030142386
107270,0.0024658765
107271,0.0021028914
107272,0.002011789
107273,0.0013037338
107274,0.001033804
107275,0.0014165837
107276,0.0016678037
107277,0.0013685144
107278,0.0010086971
107279,0.0009121515
107280,0.0013539542
107281,0.0017984669
107282,0.0026984878
107283,0.0035838264
107284,0.0038537658
107285,0.0037759722
107286,0.003991267
107287,0.003498749
107288,0.003070061
107289,0.0034656855
107290,0.0033751687
107291,0.0026502237
107292,0.0022943558
107293,0.0030085945
107294,0.0033413612
107295,0.002691717
107296,0.0019708516
107297,0.001891536
107298,0.0015985903
107299,0.0022850004
107300,0.0031897987
107301,0.0033985164
107302,0.00367371
107303,0.0031726633
107304,0.0019970806
107305,0.0016071424
107306,0.0012029308
107307,0.0018287485
107308,0.0023444348
107309,0.0018893499
107310,0.0008969975
107311,0.0020041796
107312,0.0040612463
107313,0.0043969876
107314,0.002604441
107315,0.00087412354
107316,0.0009107785
107317,0.0020996088
107318,0.0031855532
107319,0.0049949293
107320,0.010808227
107321,0.011513962
107322,0.0062679085
107323,0.0036791246
107324,0.001769444
107325,0.0013585464
107326,0.001794287
107327,0.0027841332
107328,0.0035191611
107329,0.0038812777
107330,0.003252378
107331,0.002664953
107332,0.00322199
107333,0.0041408148
107334,0.004965271
107335,0.004860128
107336,0.0035140961
107337,0.003143866
107338,0.00314093
107339,0.0026151245
107340,0.0027667682
107341,0.0032753393
107342,0.0034910797
107343,0.0034369046
107344,0.0029114613
107345,0.0021049664
107346,0.0016543652
107347,0.0013365383
107348,0.00045928702
107349,0.0005282495
107350,0.0006077233
107351,0.0008792691
107352,0.0009282186
107353,0.0009202517
107354,0.00094107894
107355,0.0006075796
107356,0.00063567096
107357,0.00096048595
107358,0.0008056149
107359,0.0008178056
107360,0.00047455815
107361,0.00043993234
107362,0.0008283077
107363,0.0015237794
107364,0.0013378661
107365,0.0011084436
107366,0.0014130042
107367,0.0010642117
107368,0.0006589165
107369,0.00054889236
107370,0.0013074788
107371,0.0013411685
107372,0.0008144892
107373,0.0016304428
107374,0.0016787963
107375,0.0013352095
107376,0.0007921722
107377,0.00046464204
107378,0.00047363734
107379,0.000611114
107380,0.0010377099
107381,0.0033029376
107382,0.0048747594
107383,0.004736699
107384,0.0042731557
107385,0.003892614
107386,0.0019059443
107387,0.0012735834
107388,0.0012696927
107389,0.002066017
107390,0.0019634392
107391,0.0008793353
107392,0.0011245272
107393,0.002879346
107394,0.0035661769
107395,0.0039748265
107396,0.0041467356
107397,0.0036058878
107398,0.003038329
107399,0.0026228589
107400,0.0025332808
107401,0.0040006917
107402,0.0043741455
107403,0.004748935
107404,0.0049573574
107405,0.0058413916
107406,0.0072601214
107407,0.0069595426
107408,0.0069415793
107409,0.006190632
107410,0.0033596288
107411,0.00143459
107412,0.0011031007
107413,0.0011848428
107414,0.0021823535
107415,0.0025191794
107416,0.0017126249
107417,0.0011440531
107418,0.0011408943
107419,0.0011505471
107420,0.0009381674
107421,0.0009751011
107422,0.00095058704
107423,0.0009036244
107424,0.0011176477
107425,0.0015507765
107426,0.002137388
107427,0.002652057
107428,0.002702303
107429,0.0023771655
107430,0.0021852723
107431,0.002084096
107432,0.0020014332
107433,0.0018570799
107434,0.0016791256
107435,0.0014168096
107436,0.00095443695
107437,0.0014449598
107438,0.00175036
107439,0.0018189187
107440,0.0020093427
107441,0.0015437981
107442,0.0013519968
107443,0.0015016346
107444,0.0017449145
107445,0.0019398927
107446,0.0020811472
107447,0.0028524245
107448,0.0037012866
107449,0.00424836
107450,0.0034696301
107451,0.0018867602
107452,0.00084068865
107453,0.0009680616
107454,0.0016001007
107455,0.0015406467
107456,0.00094709033
107457,0.00069590786
107458,0.00061500684
107459,0.00073246163
107460,0.0009423769
107461,0.001191896
107462,0.0012488692
107463,0.0011598436
107464,0.0012041157
107465,0.0012122337
107466,0.0018306732
107467,0.0025161738
107468,0.0024024358
107469,0.002280168
107470,0.0016683795
107471,0.0013103471
107472,0.0012787147
107473,0.000976175
107474,0.0014685346
107475,0.0018626194
107476,0.0017217601
107477,0.0016092055
107478,0.0020565712
107479,0.002382119
107480,0.0024255957
107481,0.0024422526
107482,0.0029273918
107483,0.0030593397
107484,0.0017196289
107485,0.00083676755
107486,0.0007836395
107487,0.0010776368
107488,0.0020805597
107489,0.002231112
107490,0.0016975189
107491,0.00083725434
107492,0.0014908196
107493,0.0020153013
107494,0.0016709593
107495,0.0011580355
107496,0.0015975886
107497,0.0028176233
107498,0.00256058
107499,0.0011862421
107500,0.0013603875
107501,0.0015586201
107502,0.0013846038
107503,0.0013118344
107504,0.0014968204
107505,0.00068981707
107506,0.00042853842
107507,0.0006449885
107508,0.0011951393
107509,0.0013272734
107510,0.0022739307
107511,0.0034356003
107512,0.0025571564
107513,0.0017680454
107514,0.003801108
107515,0.0032596448
107516,0.001522155
107517,0.002094168
107518,0.0026504982
107519,0.0031657943
107520,0.0028142643
107521,0.0025278637
107522,0.002075013
107523,0.0015478273
107524,0.0014045961
107525,0.0012931542
107526,0.001339627
107527,0.001169987
107528,0.0014667697
107529,0.0020948627
107530,0.003390534
107531,0.0038647007
107532,0.002986272
107533,0.0018250685
107534,0.0016108144
107535,0.0015892598
107536,0.0012405686
107537,0.0009153366
107538,0.0012524297
107539,0.0013962626
107540,0.0018740378
107541,0.0017060186
107542,0.0013315425
107543,0.0018810288
107544,0.0024131811
107545,0.0021198187
107546,0.0010669157
107547,0.0011286348
107548,0.0018514923
107549,0.0015397964
107550,0.0015701175
107551,0.0020907326
107552,0.0027641582
107553,0.003970614
107554,0.0044685137
107555,0.0029509587
107556,0.0012422098
107557,0.0010192597
107558,0.0013209874
107559,0.0
107560,0.0012934243
107561,0.0016456518
107562,0.0017456315
107563,0.0018276979
107564,0.0019037747
107565,0.0014500667
107566,0.0009429327
107567,0.0011076294
107568,0.0008437641
107569,0.0013830264
107570,0.0014900385
107571,0.0012418114
107572,0.0010343388
107573,0.0007851978
107574,0.0012149436
107575,0.002823608
107576,0.0039884807
107577,0.0037095023
107578,0.0023456262
107579,0.0017257279
107580,0.0020874864
107581,0.0024054502
107582,0.0025314188
107583,0.001886899
107584,0.00153495
107585,0.0011997572
107586,0.0011502436
107587,0.0009120238
107588,0.0007762136
107589,0.00084086176
107590,0.0011494842
107591,0.0018544922
107592,0.0018707269
107593,0.0012985445
107594,0.0009871741
107595,0.0010823258
107596,0.0010575453
107597,0.0009929651
107598,0.0013326786
107599,0.0013436401
107600,0.0011015694
107601,0.002533947
107602,0.0033302635
107603,0.0025139404
107604,0.0017026545
107605,0.0022269078
107606,0.002529337
107607,0.0023706679
107608,0.0020554245
107609,0.0019287134
107610,0.0012967278
107611,0.0010209715
107612,0.0005815381
107613,0.0009123748
107614,0.001630889
107615,0.0026926468
107616,0.0032079131
107617,0.002849607
107618,0.0023362273
107619,0.0024708875
107620,0.0021204776
107621,0.0014359485
107622,0.002407494
107623,0.003157749
107624,0.002769901
107625,0.002874885
107626,0.0036078729
107627,0.0039806217
107628,0.0034172365
107629,0.0019093769
107630,0.0014628556
107631,0.001490058
107632,0.00265595
107633,0.0029814148
107634,0.0025947795
107635,0.0032525838
107636,0.0029334899
107637,0.00209757
107638,0.0018757298
107639,0.0015457198
107640,0.0017680454
107641,0.0021039154
107642,0.001890705
107643,0.0009986933
107644,0.0022428604
107645,0.0034974513
107646,0.003972637
107647,0.0030236763
107648,0.00086784153
107649,0.00088451634
107650,0.0022942796
107651,0.003180451
107652,0.004847566
107653,0.010395027
107654,0.010691798
107655,0.006792711
107656,0.004688814
107657,0.0014268804
107658,0.0013097251
107659,0.0012418582
107660,0.001762968
107661,0.0027112705
107662,0.003937884
107663,0.0042238813
107664,0.0036916102
107665,0.0030157058
107666,0.003282316
107667,0.004772459
107668,0.0056068054
107669,0.004494652
107670,0.0036368133
107671,0.0026749705
107672,0.0027130088
107673,0.002518671
107674,0.0029463
107675,0.0037677083
107676,0.004419705
107677,0.004363387
107678,0.0035007782
107679,0.0027136847
107680,0.0017649644
107681,0.001119911
107682,0.00086363935
107683,0.0005706767
107684,0.00048409094
107685,0.0006090627
107686,0.00070186285
107687,0.0007186225
107688,0.00054238504
107689,0.00033681854
107690,0.00063791045
107691,0.0009821197
107692,0.0010643757
107693,0.0010012254
107694,0.0007146833
107695,0.0008558535
107696,0.0016039158
107697,0.0014109843
107698,0.0010675974
107699,0.0015216004
107700,0.0017668597
107701,0.0014004252
107702,0.00066769193
107703,0.0010934017
107704,0.0013386055
107705,0.00090655056
107706,0.0018843523
107707,0.0016695305
107708,0.0007933837
107709,0.0005390479
107710,0.00037485102
107711,0.00041773982
107712,0.0011787353
107713,0.0016866485
107714,0.0032342605
107715,0.0045671915
107716,0.004194835
107717,0.003187389
107718,0.0034111072
107719,0.002061137
107720,0.0008538789
107721,0.0013688758
107722,0.0021243857
107723,0.0022876991
107724,0.0018721888
107725,0.0011457562
107726,0.0014477366
107727,0.0023051884
107728,0.0033406469
107729,0.0041247304
107730,0.004177266
107731,0.004512669
107732,0.004129145
107733,0.004308805
107734,0.0051083453
107735,0.004642322
107736,0.004692791
107737,0.0051345997
107738,0.0066401204
107739,0.0074557415
107740,0.007013136
107741,0.0067447904
107742,0.006891658
107743,0.0042440835
107744,0.0020363482
107745,0.0011894762
107746,0.001256814
107747,0.0024350202
107748,0.0022600656
107749,0.0009568733
107750,0.0006808994
107751,0.0007699265
107752,0.00081381004
107753,0.0009287828
107754,0.0010441963
107755,0.0009706737
107756,0.00090552267
107757,0.00093275396
107758,0.0014735993
107759,0.0019305233
107760,0.00222905
107761,0.0026503226
107762,0.0028719276
107763,0.002712054
107764,0.0025155377
107765,0.0019902634
107766,0.0016697745
107767,0.0012155423
107768,0.0007799167
107769,0.00068838114
107770,0.0013597885
107771,0.0014831473
107772,0.0012803979
107773,0.0013854023
107774,0.0009857579
107775,0.000627793
107776,0.0011571808
107777,0.0013501873
107778,0.0010197165
107779,0.0008194055
107780,0.002125988
107781,0.0032080403
107782,0.0038365312
107783,0.0036979984
107784,0.0027508808
107785,0.002045062
107786,0.0015186904
107787,0.0016377629
107788,0.0013789589
107789,0.00067953026
107790,0.00056586246
107791,0.00062982953
107792,0.00073638477
107793,0.00073353364
107794,0.00089426787
107795,0.0010643484
107796,0.001304961
107797,0.0018891342
107798,0.0022235464
107799,0.0021777344
107800,0.0024458724
107801,0.0019954622
107802,0.001711928
107803,0.0017136103
107804,0.0018611188
107805,0.0020260173
107806,0.0013071671
107807,0.0016334568
107808,0.0022422373
107809,0.002086608
107810,0.0019476038
107811,0.0021506234
107812,0.002165149
107813,0.0016546819
107814,0.0014794929
107815,0.0027660527
107816,0.0037502414
107817,0.0024050146
107818,0.0011194691
107819,0.0011782413
107820,0.0010663153
107821,0.0018126998
107822,0.002149757
107823,0.0016984787
107824,0.0010579855
107825,0.001730679
107826,0.001902689
107827,0.0014440129
107828,0.0011795005
107829,0.001496587
107830,0.002546264
107831,0.0019971242
107832,0.0005236011
107833,0.00033793997
107834,0.00087482244
107835,0.0011726953
107836,0.0011348836
107837,0.001071543
107838,0.0005357443
107839,0.00089283474
107840,0.0013085469
107841,0.001952648
107842,0.0019055015
107843,0.0025974924
107844,0.003985042
107845,0.0033665951
107846,0.0022484849
107847,0.004050526
107848,0.0029862428
107849,0.0010997978
107850,0.0017227571
107851,0.0021546523
107852,0.001871769
107853,0.0020537672
107854,0.0035894415
107855,0.0032639098
107856,0.0022978287
107857,0.0023624653
107858,0.0021443486
107859,0.0016200027
107860,0.0014517918
107861,0.001690974
107862,0.0017484968
107863,0.0021379055
107864,0.0028838303
107865,0.0024273107
107866,0.0013843095
107867,0.0012326845
107868,0.0009765327
107869,0.0009255182
107870,0.0014239198
107871,0.0022075598
107872,0.002201196
107873,0.0018760555
107874,0.0014412288
107875,0.00091552734
107876,0.0013915647
107877,0.0018965453
107878,0.0015933566
107879,0.0012718684
107880,0.001393592
107881,0.0018835954
107882,0.0018893499
107883,0.0018908897
107884,0.0019988576
107885,0.002146858
107886,0.003323265
107887,0.0037604712
107888,0.002949617
107889,0.002191297
107890,0.0010354075
107891,0.0010243013
107892,0.0
107893,0.00063126034
107894,0.00085884077
107895,0.0014918734
107896,0.00186998
107897,0.0022130373
107898,0.0016368207
107899,0.0007689809
107900,0.0008299575
107901,0.0006967438
107902,0.0010993214
107903,0.0010493122
107904,0.0011141268
107905,0.0013464746
107906,0.0012670768
107907,0.0011828268
107908,0.0015958024
107909,0.0029819906
107910,0.0030921458
107911,0.002312361
107912,0.002002538
107913,0.0023049992
107914,0.0023430814
107915,0.002312726
107916,0.001858161
107917,0.0012719141
107918,0.0012213944
107919,0.0010993214
107920,0.00072044274
107921,0.00042860632
107922,0.0004840308
107923,0.0010599094
107924,0.0019705265
107925,0.0017775998
107926,0.0010819493
107927,0.00085340155
107928,0.0007468628
107929,0.0006548403
107930,0.0010156842
107931,0.0014012562
107932,0.0014543555
107933,0.0012892999
107934,0.0023728765
107935,0.0033864544
107936,0.0030037442
107937,0.002597806
107938,0.0027994888
107939,0.003094686
107940,0.0029146883
107941,0.0024220173
107942,0.0018419577
107943,0.0011769809
107944,0.001090363
107945,0.0006811558
107946,0.00090574764
107947,0.001934123
107948,0.0027138884
107949,0.0027395582
107950,0.0016801133
107951,0.0014654198
107952,0.0017906012
107953,0.0014958867
107954,0.00074483367
107955,0.0018536916
107956,0.003189379
107957,0.0031452358
107958,0.0038021875
107959,0.004355315
107960,0.003725067
107961,0.0032528073
107962,0.0015618099
107963,0.0010444471
107964,0.0020706041
107965,0.0026668417
107966,0.0021258236
107967,0.0024347093
107968,0.0027760514
107969,0.0023250259
107970,0.00232999
107971,0.0022778823
107972,0.0017753062
107973,0.0017221996
107974,0.0017864191
107975,0.001615397
107976,0.0011438241
107977,0.0022137475
107978,0.0032601627
107979,0.003657139
107980,0.0029353246
107981,0.0011235692
107982,0.00084034237
107983,0.002238834
107984,0.0031882746
107985,0.004997195
107986,0.010926979
107987,0.0099272905
107988,0.00566154
107989,0.0044530444
107990,0.0010398112
107991,0.00074181886
107992,0.0005274224
107993,0.0013467772
107994,0.0023218316
107995,0.0032269994
107996,0.0039739115
107997,0.0040259645
107998,0.003935814
107999,0.0035274958
108000,0.0050009154
108001,0.0060629738
108002,0.005439004
108003,0.004181792
108004,0.002722978
108005,0.003209818
108006,0.004219207
108007,0.004790537
108008,0.004866262
108009,0.00487501
108010,0.0045492947
108011,0.004390768
108012,0.0035250445
108013,0.0027610504
108014,0.0022753382
108015,0.0015288325
108016,0.00062430644
108017,0.00080463896
108018,0.00090256095
108019,0.0009257069
108020,0.00069824595
108021,0.00066847604
108022,0.00060474686
108023,0.0007993771
108024,0.0010461734
108025,0.0010940402
108026,0.001178192
108027,0.0010152257
108028,0.0009564474
108029,0.0014957505
108030,0.0015624992
108031,0.00095449795
108032,0.0012257947
108033,0.0018273793
108034,0.0015606355
108035,0.0009289395
108036,0.0009800135
108037,0.0011880562
108038,0.00089975115
108039,0.0018827299
108040,0.0016902338
108041,0.0008189436
108042,0.000542063
108043,0.00037337292
108044,0.00045290595
108045,0.0013744561
108046,0.00163874
108047,0.0027195127
108048,0.004357787
108049,0.003797477
108050,0.0024769108
108051,0.0031841001
108052,0.0021831002
108053,0.00060020597
108054,0.0012456491
108055,0.0023009423
108056,0.0027221546
108057,0.0027002883
108058,0.0016239862
108059,0.0012243693
108060,0.002268985
108061,0.0029922794
108062,0.003458052
108063,0.0039336095
108064,0.005488558
108065,0.0057001077
108066,0.0048902575
108067,0.0052750465
108068,0.003306425
108069,0.0031711035
108070,0.004946314
108071,0.0059615555
108072,0.007319433
108073,0.007184792
108074,0.0064201024
108075,0.0069559705
108076,0.0047455323
108077,0.0022582107
108078,0.0015994094
108079,0.001970807
108080,0.002230538
108081,0.0018176542
108082,0.00096175773
108083,0.0007508658
108084,0.0007042225
108085,0.0007740734
108086,0.00077256805
108087,0.00091023505
108088,0.00070186285
108089,0.000800214
108090,0.0009859055
108091,0.0019424864
108092,0.0022266593
108093,0.0018397443
108094,0.0017851316
108095,0.0021164936
108096,0.0021957683
108097,0.0020128305
108098,0.0015005877
108099,0.0010912701
108100,0.0008263025
108101,0.0005248779
108102,0.00073961855
108103,0.0013302304
108104,0.0014288371
108105,0.0010741472
108106,0.0010732528
108107,0.0009646886
108108,0.0012430529
108109,0.0015764441
108110,0.0015864922
108111,0.0010865126
108112,0.0011866591
108113,0.0017647336
108114,0.0024375168
108115,0.0033616812
108116,0.0037629006
108117,0.0030081882
108118,0.0022054494
108119,0.0018801311
108120,0.0016182591
108121,0.0011071826
108122,0.0005755012
108123,0.00075195025
108124,0.0006224389
108125,0.0008551391
108126,0.0012769838
108127,0.0015526146
108128,0.0013458693
108129,0.0015127572
108130,0.00249041
108131,0.0025566784
108132,0.0020567835
108133,0.0020733012
108134,0.0011158234
108135,0.0013061871
108136,0.0015587882
108137,0.0017697071
108138,0.0019754092
108139,0.0012005089
108140,0.0012921186
108141,0.0023015116
108142,0.0025005334
108143,0.0018316109
108144,0.0014242058
108145,0.0014828332
108146,0.0010349015
108147,0.0013525347
108148,0.0029098415
108149,0.0042258925
108150,0.0031739564
108151,0.0013970752
108152,0.0011870268
108153,0.0011510781
108154,0.0016255445
108155,0.0015738389
108156,0.0011046563
108157,0.0010679518
108158,0.0016822598
108159,0.0021269186
108160,0.0018057666
108161,0.0016578799
108162,0.0017113669
108163,0.0020684665
108164,0.0016117356
108165,0.0008197961
108166,0.0006598434
108167,0.00069536397
108168,0.0008708211
108169,0.0009825049
108170,0.001027507
108171,0.0010377099
108172,0.0014452417
108173,0.001686821
108174,0.0016233049
108175,0.0018701511
108176,0.003093275
108177,0.004202626
108178,0.0033239215
108179,0.0019190923
108180,0.0035727404
108181,0.0025850479
108182,0.0006103039
108183,0.0013676634
108184,0.002032285
108185,0.0016465711
108186,0.002037134
108187,0.0048047863
108188,0.0042368425
108189,0.0018607278
108190,0.0019070281
108191,0.0015855931
108192,0.0011595425
108193,0.001585281
108194,0.0019723424
108195,0.0021269596
108196,0.0027576857
108197,0.002526286
108198,0.0015181345
108199,0.0008617164
108200,0.0008480648
108201,0.0010143078
108202,0.0021613955
108203,0.0026115943
108204,0.0026609201
108205,0.0019977072
108206,0.0013777765
108207,0.0010785006
108208,0.0008774467
108209,0.0012026404
108210,0.0019373705
108211,0.0018463766
108212,0.0010857355
108213,0.001185113
108214,0.0015097529
108215,0.0015173291
108216,0.0015809055
108217,0.0013867251
108218,0.0015690235
108219,0.0026345062
108220,0.003154937
108221,0.0032027469
108222,0.0030110409
108223,0.0017816719
108224,0.0016122592
108225,0.0
108226,0.00057913084
108227,0.0008163096
108228,0.0012232516
108229,0.0019128186
108230,0.0024293002
108231,0.0016739351
108232,0.0006269116
108233,0.0009311613
108234,0.0010511689
108235,0.0008493336
108236,0.0008706874
108237,0.0009594248
108238,0.0010727645
108239,0.0011454768
108240,0.0012405686
108241,0.0014194775
108242,0.0015216961
108243,0.0018156997
108244,0.0017128118
108245,0.0020630283
108246,0.002223926
108247,0.0025384568
108248,0.002317566
108249,0.0016658307
108250,0.0012926365
108251,0.0012939642
108252,0.0010385229
108253,0.0009129488
108254,0.00069528027
108255,0.0008120199
108256,0.0015201652
108257,0.0017636117
108258,0.0013021255
108259,0.0005825881
108260,0.0005975818
108261,0.00068753504
108262,0.0005711355
108263,0.0010878511
108264,0.001622749
108265,0.0018642282
108266,0.0020581272
108267,0.002648455
108268,0.0034678348
108269,0.0035682654
108270,0.0030018445
108271,0.002728722
108272,0.0021648398
108273,0.0019808824
108274,0.0015828373
108275,0.0008670363
108276,0.003198664
108277,0.0032650777
108278,0.0029698147
108279,0.0021819135
108280,0.0030000503
108281,0.0034548691
108282,0.002887824
108283,0.0022312556
108284,0.0017430787
108285,0.0016428374
108286,0.0010552587
108287,0.00049178535
108288,0.0012870632
108289,0.002795879
108290,0.0037940112
108291,0.0049590007
108292,0.0045591234
108293,0.0030132341
108294,0.0027105727
108295,0.001919168
108296,0.002356347
108297,0.0026033234
108298,0.0023646445
108299,0.0017734363
108300,0.0026908303
108301,0.0027344755
108302,0.0019280342
108303,0.0024493802
108304,0.00274303
108305,0.0018928895
108306,0.0016321556
108307,0.0014911905
108308,0.001149231
108309,0.0011721988
108310,0.0018105471
108311,0.0021978484
108312,0.003176697
108313,0.0029897008
108314,0.001656598
108315,0.0012793519
108316,0.0022590996
108317,0.003173929
108318,0.005413812
108319,0.010879669
108320,0.010150413
108321,0.0053159473
108322,0.0035090488
108323,0.0014632534
108324,0.001265169
108325,0.0012636959
108326,0.000838366
108327,0.00090133474
108328,0.0020150703
108329,0.0030770872
108330,0.0036284649
108331,0.0038930625
108332,0.0033327357
108333,0.0040085916
108334,0.0047403597
108335,0.0056315786
108336,0.0051107835
108337,0.0034051468
108338,0.002990703
108339,0.0039963755
108340,0.004580986
108341,0.0049582496
108342,0.004981095
108343,0.004948743
108344,0.0049460665
108345,0.004135012
108346,0.0029847221
108347,0.0029016784
108348,0.0019902925
108349,0.0011645015
108350,0.000974922
108351,0.0008702193
108352,0.00078267325
108353,0.00077211583
108354,0.0007123175
108355,0.00081334496
108356,0.0011075769
108357,0.0013776076
108358,0.0014366172
108359,0.0017190704
108360,0.002014059
108361,0.0019710434
108362,0.0017761912
108363,0.0014900385
108364,0.00086528907
108365,0.000989265
108366,0.0014072459
108367,0.0011050514
108368,0.0010084375
108369,0.00090233516
108370,0.001035042
108371,0.0009680616
108372,0.0016882869
108373,0.0013464746
108374,0.00045438152
108375,0.00070248457
108376,0.0010090722
108377,0.0011838845
108378,0.0017683745
108379,0.0018461243
108380,0.0022313208
108381,0.00449142
108382,0.0053878003
108383,0.0037809866
108384,0.0031006709
108385,0.0021878278
108386,0.00096794136
108387,0.0013167945
108388,0.0016306035
108389,0.0022565217
108390,0.0025186017
108391,0.0020513283
108392,0.0016982902
108393,0.0028506792
108394,0.002542581
108395,0.0023735021
108396,0.0035478817
108397,0.0059746685
108398,0.0069851344
108399,0.0068186685
108400,0.0058376836
108401,0.0028620502
108402,0.0015043649
108403,0.004295586
108404,0.005776636
108405,0.008291703
108406,0.009039986
108407,0.006618059
108408,0.0061225262
108409,0.005330851
108410,0.0032599126
108411,0.002440047
108412,0.0023365885
108413,0.0017222503
108414,0.0009952486
108415,0.0007481087
108416,0.0006880005
108417,0.00050860085
108418,0.0006105899
108419,0.0006803863
108420,0.00059200363
108421,0.0003932655
108422,0.0008018853
108423,0.001339388
108424,0.0021892374
108425,0.0021506369
108426,0.001233133
108427,0.000998431
108428,0.0012840976
108429,0.0013650222
108430,0.0013136524
108431,0.0010393632
108432,0.000947459
108433,0.00089459325
108434,0.0005388859
108435,0.0006389134
108436,0.001374562
108437,0.0013097251
108438,0.0009591821
108439,0.0009164488
108440,0.00084669096
108441,0.0011760656
108442,0.0016060917
108443,0.0017595971
108444,0.0015577236
108445,0.0017614486
108446,0.0019392024
108447,0.0021070945
108448,0.0025427525
108449,0.0030908089
108450,0.0025101984
108451,0.0017637108
108452,0.0014738758
108453,0.0009570254
108454,0.0006796587
108455,0.0006307069
108456,0.0007325013
108457,0.0011408943
108458,0.0018541312
108459,0.0021120473
108460,0.0018167413
108461,0.0013441598
108462,0.0013203702
108463,0.0024215728
108464,0.00261686
108465,0.0019873658
108466,0.0020948767
108467,0.0015143147
108468,0.001663558
108469,0.0015151409
108470,0.0014795716
108471,0.0018203582
108472,0.0013533738
108473,0.0017380625
108474,0.002612118
108475,0.002420623
108476,0.0012201547
108477,0.0009331907
108478,0.0012710443
108479,0.001192189
108480,0.0011680451
108481,0.0026105018
108482,0.0038358863
108483,0.0034750781
108484,0.0023038245
108485,0.0012591506
108486,0.0005024986
108487,0.0010819762
108488,0.0011469495
108489,0.0010168584
108490,0.0009905
108491,0.0014741522
108492,0.0019907018
108493,0.00203949
108494,0.0017991465
108495,0.001522633
108496,0.00158904
108497,0.0014942515
108498,0.001095157
108499,0.00084669096
108500,0.0007873077
108501,0.0010555068
108502,0.0012292563
108503,0.0013885498
108504,0.0017554241
108505,0.0016882524
108506,0.0015020997
108507,0.00091895415
108508,0.001950799
108509,0.0035056218
108510,0.003980541
108511,0.0026494109
108512,0.0021374426
108513,0.0032850988
108514,0.0022102871
108515,0.0009560213
108516,0.0012479133
108517,0.002134854
108518,0.0018668179
108519,0.0022215298
108520,0.00595737
108521,0.0051106806
108522,0.0013111909
108523,0.0014293055
108524,0.0011435951
108525,0.0010532157
108526,0.0023166868
108527,0.0028641138
108528,0.0028496683
108529,0.002882407
108530,0.0020023927
108531,0.0013873546
108532,0.0009884116
108533,0.0009875278
108534,0.0013468205
108535,0.002306665
108536,0.0022662128
108537,0.0017937191
108538,0.0011312877
108539,0.0006463858
108540,0.0007285173
108541,0.0009942246
108542,0.0014302622
108543,0.0021804725
108544,0.0021448506
108545,0.0012209654
108546,0.0006122084
108547,0.00066947663
108548,0.00088296854
108549,0.001002939
108550,0.0008525827
108551,0.0010793909
108552,0.0022992722
108553,0.002541585
108554,0.0031491476
108555,0.0037269103
108556,0.002283548
108557,0.0010409022
108558,0.0
108559,0.0006717334
108560,0.00080860785
108561,0.0010769344
108562,0.0021007867
108563,0.002736263
108564,0.0018835027
108565,0.0005950928
108566,0.0010313801
108567,0.0013479869
108568,0.0010260614
108569,0.00085323106
108570,0.0008263025
108571,0.0007703044
108572,0.0007369774
108573,0.00083735865
108574,0.0010684966
108575,0.001416522
108576,0.0015456445
108577,0.0015431005
108578,0.0021075227
108579,0.0023141352
108580,0.002431001
108581,0.0021923196
108582,0.0015983718
108583,0.0013503166
108584,0.0010703473
108585,0.0008679421
108586,0.0011782167
108587,0.0014254723
108588,0.0015468867
108589,0.0018573463
108590,0.0015764256
108591,0.000930098
108592,0.0005274224
108593,0.00051446114
108594,0.00049290847
108595,0.0005049253
108596,0.0006535947
108597,0.0010940934
108598,0.0016769402
108599,0.0021259058
108600,0.0023885001
108601,0.003153802
108602,0.0035216247
108603,0.003126628
108604,0.0026766022
108605,0.0019597001
108606,0.0019495604
108607,0.0037187487
108608,0.004336598
108609,0.0053010844
108610,0.0050565624
108611,0.00440705
108612,0.004128708
108613,0.004555394
108614,0.004785638
108615,0.0040066163
108616,0.0029127905
108617,0.002068312
108618,0.0018222278
108619,0.0010699937
108620,0.0005882555
108621,0.0012361268
108622,0.002477099
108623,0.003653062
108624,0.0054094074
108625,0.004734978
108626,0.0021270418
108627,0.0025675378
108628,0.002524834
108629,0.0025827838
108630,0.0022470606
108631,0.0017299389
108632,0.0015494622
108633,0.002539603
108634,0.0023572855
108635,0.0014540753
108636,0.0023639677
108637,0.0032040824
108638,0.0025797284
108639,0.0019673042
108640,0.0015827271
108641,0.00092523516
108642,0.0010684966
108643,0.0013629738
108644,0.001582212
108645,0.0025280595
108646,0.0024186024
108647,0.0019589576
108648,0.0018854332
108649,0.003019766
108650,0.0037437712
108651,0.00666033
108652,0.011227151
108653,0.010163571
108654,0.004618015
108655,0.002064946
108656,0.0015495374
108657,0.0015949267
108658,0.001816485
108659,0.0012301792
108660,0.0007212502
108661,0.0016639428
108662,0.0021940048
108663,0.002818088
108664,0.003172122
108665,0.0026686962
108666,0.0028612672
108667,0.003746359
108668,0.0044942317
108669,0.004695463
108670,0.004540676
108671,0.005031868
108672,0.005396625
108673,0.0052888547
108674,0.005639877
108675,0.006056682
108676,0.0054003396
108677,0.004705642
108678,0.0044232137
108679,0.0037646482
108680,0.003460618
108681,0.0026612591
108682,0.0011460356
108683,0.0012958746
108684,0.0015880874
108685,0.0016513366
108686,0.0012739261
108687,0.0009671894
108688,0.00107542
108689,0.0015507014
108690,0.0016061099
108691,0.001627477
108692,0.0018151547
108693,0.002065383
108694,0.0021138792
108695,0.0017316036
108696,0.0014252476
108697,0.0011598436
108698,0.0014509296
108699,0.0010919634
108700,0.0008672377
108701,0.0008592812
108702,0.00093284756
108703,0.00095848396
108704,0.001262613
108705,0.0016452626
108706,0.0013399962
108707,0.00094963744
108708,0.0010650045
108709,0.001068088
108710,0.0012294219
108711,0.0014538952
108712,0.0016717429
108713,0.0023505595
108714,0.0047218925
108715,0.006455861
108716,0.005467966
108717,0.0038778945
108718,0.0026923225
108719,0.0013973044
108720,0.0016258488
108721,0.0016281386
108722,0.0021039015
108723,0.0025127593
108724,0.0025150748
108725,0.0022808444
108726,0.003568347
108727,0.0029153074
108728,0.0015901752
108729,0.0029354931
108730,0.0057093212
108731,0.00759777
108732,0.007910251
108733,0.0060238405
108734,0.0030606997
108735,0.0015579665
108736,0.004229032
108737,0.0064811334
108738,0.0086014
108739,0.010196797
108740,0.00801511
108741,0.0051445034
108742,0.0056403726
108743,0.004375064
108744,0.0028900101
108745,0.0022780867
108746,0.0012650309
108747,0.0008702528
108748,0.00096251396
108749,0.0006648964
108750,0.0004897691
108751,0.00063567096
108752,0.00064885744
108753,0.00088250695
108754,0.0011244495
108755,0.0012465366
108756,0.0014951472
108757,0.0017406727
108758,0.0013244858
108759,0.0013081686
108760,0.001816485
108761,0.0018137753
108762,0.0012878771
108763,0.0010567469
108764,0.0013229247
108765,0.0011091785
108766,0.0006609892
108767,0.00054372486
108768,0.0007059973
108769,0.0015343431
108770,0.0016094587
108771,0.0013894927
108772,0.0012725318
108773,0.00088822667
108774,0.0010976522
108775,0.0012588963
108776,0.001053934
108777,0.0012932668
108778,0.0015347224
108779,0.0016579853
108780,0.0017820313
108781,0.0021685471
108782,0.0029736343
108783,0.0025163474
108784,0.0018131814
108785,0.0012898868
108786,0.0006211283
108787,0.0007383583
108788,0.00088398973
108789,0.0011957235
108790,0.0015555548
108791,0.001903316
108792,0.0016679957
108793,0.0011156409
108794,0.0014061079
108795,0.0021189535
108796,0.0024820168
108797,0.0018888724
108798,0.0015301835
108799,0.0018391273
108800,0.0013049387
108801,0.0014572344
108802,0.0012479833
108803,0.0009925253
108804,0.0012485196
108805,0.0015057959
108806,0.0022206912
108807,0.0025282782
108808,0.0019206689
108809,0.0011944328
108810,0.0017793999
108811,0.002387391
108812,0.0026847448
108813,0.0021273566
108814,0.0021829137
108815,0.0026755254
108816,0.0028409944
108817,0.0024816769
108818,0.0017559876
108819,0.00076799624
108820,0.00082188804
108821,0.0009836298
108822,0.0011383661
108823,0.00086033053
108824,0.0013798451
108825,0.001938677
108826,0.001961155
108827,0.0013223086
108828,0.00075136946
108829,0.0009108104
108830,0.0014743496
108831,0.0014250026
108832,0.0011272156
108833,0.00083885185
108834,0.0009506789
108835,0.0013788957
108836,0.0016400182
108837,0.0019244684
108838,0.001295313
108839,0.0010077446
108840,0.00080550654
108841,0.0017109587
108842,0.003068136
108843,0.0035575156
108844,0.0023874643
108845,0.0018418786
108846,0.0020839842
108847,0.0017418595
108848,0.0015391913
108849,0.0010135041
108850,0.0019480371
108851,0.0022831783
108852,0.0025299813
108853,0.006642035
108854,0.005589801
108855,0.0008635383
108856,0.0010570498
108857,0.0009004948
108858,0.0012650079
108859,0.0028775057
108860,0.0036183123
108861,0.003075564
108862,0.002647356
108863,0.0013487207
108864,0.00093059853
108865,0.0010487018
108866,0.0012036564
108867,0.0015931191
108868,0.0021929964
108869,0.0016570371
108870,0.0007457319
108871,0.0009642359
108872,0.0008134881
108873,0.00054650113
108874,0.00062248565
108875,0.0010726831
108876,0.001983408
108877,0.0021318663
108878,0.0017282389
108879,0.0011330614
108880,0.00073230267
108881,0.0007026502
108882,0.00051750697
108883,0.00076674466
108884,0.00093798124
108885,0.002301031
108886,0.003619824
108887,0.00399204
108888,0.0033399411
108889,0.0022758753
108890,0.001419539
108891,0.0
108892,0.0010098218
108893,0.00079257623
108894,0.00081126695
108895,0.0020742696
108896,0.0025856781
108897,0.0018659914
108898,0.0012562813
108899,0.0012761859
108900,0.0015205098
108901,0.0011231547
108902,0.00069770386
108903,0.00040067034
108904,0.00053088745
108905,0.00084744685
108906,0.001158312
108907,0.0012865883
108908,0.0013968045
108909,0.0014119946
108910,0.0012957399
108911,0.0015866939
108912,0.0018872537
108913,0.0018233454
108914,0.001736471
108915,0.0010249546
108916,0.0009468752
108917,0.00073733274
108918,0.00077598856
108919,0.0016236635
108920,0.0018321829
108921,0.0016091875
108922,0.0017036798
108923,0.0011402308
108924,0.0008886198
108925,0.0006741985
108926,0.0006075796
108927,0.0009053298
108928,0.001288713
108929,0.001466472
108930,0.0014922831
108931,0.0018918437
108932,0.0021256595
108933,0.002290979
108934,0.0029617285
108935,0.0032476676
108936,0.003369179
108937,0.0032031375
108938,0.0031902366
108939,0.0046162694
108940,0.005521658
108941,0.005348886
108942,0.0047405744
108943,0.0040809987
108944,0.003179664
108945,0.0036345557
108946,0.0044657253
108947,0.005060463
108948,0.0048142388
108949,0.0043700985
108950,0.0031623542
108951,0.0022862612
108952,0.0014136427
108953,0.0006758369
108954,0.0015025066
108955,0.00233442
108956,0.0033453568
108957,0.005025021
108958,0.0044837804
108959,0.0022058715
108960,0.0018251801
108961,0.0019167098
108962,0.0017939463
108963,0.0017566008
108964,0.0010546241
108965,0.0013013654
108966,0.0021051047
108967,0.0018106115
108968,0.0014319095
108969,0.0025542753
108970,0.0037419982
108971,0.0038288464
108972,0.0030417182
108973,0.0024160016
108974,0.0014322957
108975,0.0009013993
108976,0.001047869
108977,0.0013857173
108978,0.0019371151
108979,0.0021860844
108980,0.002540829
108981,0.0026310573
108982,0.0037983812
108983,0.005373851
108984,0.008759219
108985,0.0106313275
108986,0.008434419
108987,0.0041706837
108988,0.0017661183
108989,0.0011232324
108990,0.0013987408
108991,0.0020641848
108992,0.0019106417
108993,0.0012460462
108994,0.0015454185
108995,0.002641578
108996,0.0024177236
108997,0.002361085
108998,0.0029301147
108999,0.0028842643
109000,0.002399854
109001,0.0031324774
109002,0.0040067905
109003,0.0041755657
109004,0.004882234
109005,0.004988154
109006,0.005105821
109007,0.005056568
109008,0.006436804
109009,0.006406593
109010,0.005874133
109011,0.005832716
109012,0.005005412
109013,0.0036723868
109014,0.002836001
109015,0.0013238264
109016,0.001933506
109017,0.002022207
109018,0.0015579665
109019,0.0012737205
109020,0.0010956352
109021,0.0011961616
109022,0.0015191502
109023,0.0015224991
109024,0.0013928609
109025,0.001082272
109026,0.0007661371
109027,0.0008501556
109028,0.0011533262
109029,0.0014071218
109030,0.0011980336
109031,0.0010729001
109032,0.00075249193
109033,0.0008417612
109034,0.0006021424
109035,0.000948963
109036,0.0011090473
109037,0.0012111048
109038,0.001446369
109039,0.0008438331
109040,0.00096417556
109041,0.0011712549
109042,0.0012880126
109043,0.0015525771
109044,0.0012702197
109045,0.0015330528
109046,0.0017975281
109047,0.0037317022
109048,0.0068819085
109049,0.0075612995
109050,0.0058069015
109051,0.004591672
109052,0.0030410006
109053,0.0018818331
109054,0.0017133554
109055,0.001976293
109056,0.002792473
109057,0.0031426346
109058,0.0030240326
109059,0.0039651203
109060,0.003557769
109061,0.0015440809
109062,0.002201791
109063,0.005913106
109064,0.008617613
109065,0.008977652
109066,0.00612638
109067,0.002523508
109068,0.0017926967
109069,0.0048082196
109070,0.007877663
109071,0.009317409
109072,0.011150795
109073,0.008752539
109074,0.0041035647
109075,0.0052358997
109076,0.004323134
109077,0.0019302821
109078,0.0015592922
109079,0.0011337803
109080,0.0008073471
109081,0.00080889574
109082,0.0006079627
109083,0.0005026144
109084,0.0007640068
109085,0.0010749056
109086,0.0014517317
109087,0.0016290856
109088,0.0014752377
109089,0.0013449824
109090,0.001273172
109091,0.0013758952
109092,0.002069409
109093,0.0021501496
109094,0.001575687
109095,0.0009736076
109096,0.0009147323
109097,0.0015622012
109098,0.0015195141
109099,0.00089381216
109100,0.00039021947
109101,0.0005057892
109102,0.0012237749
109103,0.001210528
109104,0.00085547933
109105,0.0008849111
109106,0.0010994272
109107,0.0012129057
109108,0.0011530486
109109,0.0011001946
109110,0.0012617137
109111,0.0013334645
109112,0.0011244495
109113,0.0014721568
109114,0.0020309386
109115,0.0024501644
109116,0.0018178463
109117,0.0016007008
109118,0.001271113
109119,0.0008187659
109120,0.00067047577
109121,0.0011095458
109122,0.0015640818
109123,0.0013416025
109124,0.0012515696
109125,0.0009057798
109126,0.001284664
109127,0.0021177446
109128,0.002341379
109129,0.002021185
109130,0.0015363146
109131,0.0013328096
109132,0.0012090363
109133,0.00037110553
109134,0.00069301616
109135,0.0008913667
109136,0.0009402745
109137,0.00095848396
109138,0.0012338172
109139,0.0017518227
109140,0.0015804636
109141,0.0013344027
109142,0.0015287373
109143,0.0020130328
109144,0.0023401356
109145,0.0027531546
109146,0.0023205027
109147,0.0021836734
109148,0.0020456596
109149,0.001777829
109150,0.0018742551
109151,0.0015408922
109152,0.0010273653
109153,0.0008955362
109154,0.0011565518
109155,0.0015003161
109156,0.0014518119
109157,0.0013576464
109158,0.0016889591
109159,0.0018057344
109160,0.0013347516
109161,0.0009062616
109162,0.001248473
109163,0.0018997039
109164,0.0016084096
109165,0.0011857267
109166,0.0006609892
109167,0.0004306386
109168,0.00093487324
109169,0.0012776902
109170,0.0011504459
109171,0.00077369733
109172,0.0005916102
109173,0.0012372093
109174,0.0014818319
109175,0.0022310598
109176,0.0032100717
109177,0.002897754
109178,0.0022429381
109179,0.001900531
109180,0.0016120063
109181,0.0017341733
109182,0.0011722733
109183,0.0018495106
109184,0.0026852435
109185,0.0027903253
109186,0.006479382
109187,0.00560128
109188,0.0008487166
109189,0.001071217
109190,0.0015222315
109191,0.0025515049
109192,0.0036171135
109193,0.0037602622
109194,0.0024273826
109195,0.0016820695
109196,0.00090301223
109197,0.0011560484
109198,0.0010532157
109199,0.0010845017
109200,0.0016717081
109201,0.0018650398
109202,0.0013260669
109203,0.00072955526
109204,0.0009791519
109205,0.00091825717
109206,0.00059719203
109207,0.0006472407
109208,0.0010336069
109209,0.0014606057
109210,0.0017655744
109211,0.001884306
109212,0.0016060917
109213,0.0013597885
109214,0.0012142487
109215,0.0007836395
109216,0.0009816454
109217,0.0008080678
109218,0.002229024
109219,0.003868577
109220,0.0037698243
109221,0.0028024502
109222,0.0022568826
109223,0.0017407563
109224,0.0
109225,0.0016668962
109226,0.001377185
109227,0.0015190352
109228,0.002029003
109229,0.0021066526
109230,0.0014923805
109231,0.001449324
109232,0.001466353
109233,0.0014733031
109234,0.0011541335
109235,0.000545435
109236,0.00037188898
109237,0.0006715601
109238,0.0008061205
109239,0.000994166
109240,0.0011179602
109241,0.0014518319
109242,0.0011828268
109243,0.0010389992
109244,0.0009850195
109245,0.0014065426
109246,0.0009956871
109247,0.0007932002
109248,0.00072044274
109249,0.000742015
109250,0.0006202843
109251,0.0007130117
109252,0.0017595971
109253,0.002228162
109254,0.0018799299
109255,0.0012844829
109256,0.0007486143
109257,0.0011009087
109258,0.0009599404
109259,0.0010417965
109260,0.0012941441
109261,0.0016500847
109262,0.0018259772
109263,0.0017657063
109264,0.0018726239
109265,0.0017936056
109266,0.0018416574
109267,0.0022010505
109268,0.0025616707
109269,0.003125343
109270,0.0041258805
109271,0.004402167
109272,0.00600882
109273,0.006173439
109274,0.0038116444
109275,0.0020095455
109276,0.0020466838
109277,0.002007546
109278,0.002206109
109279,0.0034863243
109280,0.004493059
109281,0.004978611
109282,0.0045721657
109283,0.003682659
109284,0.0029361772
109285,0.0021749127
109286,0.0011545117
109287,0.0016605987
109288,0.0025848227
109289,0.0023148393
109290,0.0038142928
109291,0.004104061
109292,0.002068312
109293,0.0013947192
109294,0.0012849813
109295,0.0009864073
109296,0.00100291
109297,0.0007682615
109298,0.0011415574
109299,0.0016259563
109300,0.0013859064
109301,0.0017150532
109302,0.0025366906
109303,0.0037134076
109304,0.0044970736
109305,0.0042972867
109306,0.0037868859
109307,0.0025513568
109308,0.0015513394
109309,0.0010628434
109310,0.0016901132
109311,0.0017375099
109312,0.0018657263
109313,0.002176451
109314,0.0024253796
109315,0.004691687
109316,0.0070557217
109317,0.009245321
109318,0.009791638
109319,0.0068588513
109320,0.003591622
109321,0.0021417546
109322,0.001523703
109323,0.0016050766
109324,0.0021548278
109325,0.0021018256
109326,0.0016371941
109327,0.0019189254
109328,0.0027230098
109329,0.0020990265
109330,0.0017270597
109331,0.0027141778
109332,0.0030543318
109333,0.0027075214
109334,0.0027779902
109335,0.0031448842
109336,0.0023362397
109337,0.003439461
109338,0.0032911177
109339,0.0031086109
109340,0.0036795835
109341,0.005891286
109342,0.007567867
109343,0.006643836
109344,0.0057582273
109345,0.0053390553
109346,0.004242828
109347,0.0031722598
109348,0.0018895501
109349,0.002159981
109350,0.0017342572
109351,0.0013006496
109352,0.0014752574
109353,0.0015156786
109354,0.0014480784
109355,0.0013720188
109356,0.0012637419
109357,0.0011842285
109358,0.0010613637
109359,0.000495852
109360,0.0006297371
109361,0.0014981225
109362,0.0015642678
109363,0.00067264267
109364,0.00069293217
109365,0.0008241159
109366,0.0010269687
109367,0.0006458903
109368,0.0011354734
109369,0.0013222866
109370,0.0015060278
109371,0.0012873572
109372,0.00070949266
109373,0.0010391952
109374,0.00129565
109375,0.0014760463
109376,0.0012685918
109377,0.0013578393
109378,0.0020344607
109379,0.001634383
109380,0.0025128173
109381,0.00551325
109382,0.0073014065
109383,0.0075468286
109384,0.006616898
109385,0.0041180854
109386,0.0019141723
109387,0.0012112249
109388,0.0012289247
109389,0.0021477388
109390,0.0028972921
109391,0.0033151805
109392,0.0036099374
109393,0.0035409762
109394,0.0029091414
109395,0.0035647566
109396,0.0074419416
109397,0.008779501
109398,0.008906756
109399,0.0066065975
109400,0.0025595794
109401,0.003040608
109402,0.008155244
109403,0.009344716
109404,0.009970685
109405,0.011178159
109406,0.008435637
109407,0.0045367
109408,0.005015954
109409,0.004075654
109410,0.0015276136
109411,0.0013130762
109412,0.0010789054
109413,0.0006015138
109414,0.00048155925
109415,0.0007393824
109416,0.0009172741
109417,0.0013303179
109418,0.0017642222
109419,0.0018152508
109420,0.0016101638
109421,0.0010579855
109422,0.000838366
109423,0.0012031969
109424,0.0015990636
109425,0.001866241
109426,0.0015703399
109427,0.0011600193
109428,0.0010857891
109429,0.0010338604
109430,0.0015542258
109431,0.001711673
109432,0.0013356889
109433,0.000956782
109434,0.00086505356
109435,0.0010450322
109436,0.00095966744
109437,0.0008081758
109438,0.0010763126
109439,0.0012564665
109440,0.001113578
109441,0.0008437641
109442,0.00069116586
109443,0.00091914413
109444,0.00073977595
109445,0.0007391462
109446,0.0012407094
109447,0.0020628027
109448,0.0023745564
109449,0.0016660579
109450,0.0015260315
109451,0.0013403003
109452,0.0012936493
109453,0.0011912121
109454,0.0014620397
109455,0.0014401581
109456,0.00080304587
109457,0.0010727645
109458,0.0013162862
109459,0.0023665023
109460,0.0025278293
109461,0.0025260325
109462,0.002069353
109463,0.0015975705
109464,0.0014608249
109465,0.001350489
109466,0.00095945515
109467,0.0010660697
109468,0.0011692157
109469,0.0010468408
109470,0.00065216824
109471,0.0008670027
109472,0.00149888
109473,0.0014154327
109474,0.0015113328
109475,0.0018207099
109476,0.0014788829
109477,0.0013709578
109478,0.0016170717
109479,0.0013541477
109480,0.0014435895
109481,0.0015461717
109482,0.0013122781
109483,0.0014115204
109484,0.0012038981
109485,0.0010347889
109486,0.0011323934
109487,0.0012620596
109488,0.0013944271
109489,0.0017344754
109490,0.0017363704
109491,0.0016672802
109492,0.001344333
109493,0.0011269574
109494,0.0009883821
109495,0.0013163304
109496,0.0019006076
109497,0.0018383991
109498,0.0014571345
109499,0.00078378804
109500,0.00078241294
109501,0.0012446673
109502,0.0012646167
109503,0.0006027705
109504,0.00053039385
109505,0.0007263568
109506,0.001135499
109507,0.0013383881
109508,0.0015856482
109509,0.0022606193
109510,0.0023832426
109511,0.0023313512
109512,0.0018127641
109513,0.0018094698
109514,0.0017734035
109515,0.0010811959
109516,0.0013790856
109517,0.0035569265
109518,0.0035641277
109519,0.005650657
109520,0.005064252
109521,0.00096625614
109522,0.0016248103
109523,0.0025153873
109524,0.003267911
109525,0.0033344207
109526,0.00294941
109527,0.0016680481
109528,0.0010353794
109529,0.00083624566
109530,0.0011150929
109531,0.0010739033
109532,0.001339301
109533,0.0017863051
109534,0.0018382724
109535,0.0013722098
109536,0.0006260754
109537,0.00092652394
109538,0.0009748921
109539,0.00077204045
109540,0.0007596517
109541,0.000764578
109542,0.0010186313
109543,0.0012290668
109544,0.0014783121
109545,0.0014166246
109546,0.0014583523
109547,0.0013269883
109548,0.000916798
109549,0.00089097477
109550,0.00086387526
109551,0.0023796863
109552,0.004317698
109553,0.0037305087
109554,0.0021174422
109555,0.0020416293
109556,0.0020022618
109557,0.0
109558,0.0020635785
109559,0.0015579665
109560,0.0018416733
109561,0.0018479206
109562,0.0014544956
109563,0.00066572754
109564,0.00087118865
109565,0.00097283005
109566,0.0010318315
109567,0.0007713616
109568,0.0004925541
109569,0.00047621113
109570,0.00062009663
109571,0.00094358064
109572,0.0010329874
109573,0.0011617491
109574,0.001394114
109575,0.0010887603
109576,0.0008655581
109577,0.00062014355
109578,0.001298903
109579,0.00093810534
109580,0.0004438839
109581,0.0009202517
109582,0.0010180597
109583,0.0006531938
109584,0.0006126361
109585,0.0016624554
109586,0.0020562315
109587,0.0019228042
109588,0.0015384348
109589,0.00088606146
109590,0.0012666633
109591,0.0010661243
109592,0.0014417941
109593,0.0018208538
109594,0.0018976652
109595,0.0016162076
109596,0.0013160208
109597,0.0015583774
109598,0.0014631938
109599,0.0015162354
109600,0.0014593897
109601,0.0018289554
109602,0.0028215765
109603,0.0054338486
109604,0.0055103987
109605,0.0062707034
109606,0.005863948
109607,0.0021343494
109608,0.0017361357
109609,0.0014304046
109610,0.0011698378
109611,0.0014389248
109612,0.0027863171
109613,0.0036417474
109614,0.004545032
109615,0.004380522
109616,0.0038087112
109617,0.0033199266
109618,0.0023943419
109619,0.0013888641
109620,0.0014986664
109621,0.0030691985
109622,0.0031176137
109623,0.002756852
109624,0.0028200909
109625,0.001863338
109626,0.0014869296
109627,0.001181325
109628,0.0009057798
109629,0.00072278193
109630,0.00069289014
109631,0.0013171703
109632,0.0012508252
109633,0.0008791036
109634,0.0014487616
109635,0.0019339575
109636,0.0031959242
109637,0.0043948493
109638,0.005098948
109639,0.0048314915
109640,0.0031005675
109641,0.0020113694
109642,0.0012929967
109643,0.0017426612
109644,0.0019361082
109645,0.0017896745
109646,0.0016127285
109647,0.0023225711
109648,0.004961424
109649,0.0077057565
109650,0.0094957305
109651,0.009090483
109652,0.0062429663
109653,0.0037285343
109654,0.0024088114
109655,0.0019642839
109656,0.0017335019
109657,0.0018810288
109658,0.0020190093
109659,0.0022449875
109660,0.0026439016
109661,0.002730055
109662,0.0016398052
109663,0.001009101
109664,0.0022452467
109665,0.0027125475
109666,0.0022677276
109667,0.0026570235
109668,0.0032060165
109669,0.0029041448
109670,0.0034904375
109671,0.003727176
109672,0.0030059814
109673,0.002751928
109674,0.004050332
109675,0.0067403316
109676,0.0070574703
109677,0.006807528
109678,0.005790268
109679,0.0043450254
109680,0.0028154224
109681,0.0020041505
109682,0.0019786183
109683,0.0016907502
109684,0.0016508606
109685,0.0020815807
109686,0.002324162
109687,0.0019754092
109688,0.0013971378
109689,0.0011855058
109690,0.0011098868
109691,0.0010809266
109692,0.00084234873
109693,0.0007398153
109694,0.0015165041
109695,0.0014971314
109696,0.0010847969
109697,0.0009380743
109698,0.0008702862
109699,0.00084227964
109700,0.0005608513
109701,0.0009616064
109702,0.0013191133
109703,0.0016390241
109704,0.0011956262
109705,0.0008510794
109706,0.0012947737
109707,0.0015722477
109708,0.0016104891
109709,0.0010986328
109710,0.0017707758
109711,0.0024229905
109712,0.0014722755
109713,0.0007209677
109714,0.003140754
109715,0.005467716
109716,0.0074431812
109717,0.008369018
109718,0.005976743
109719,0.0028632397
109720,0.0013034659
109721,0.0009865842
109722,0.0020193986
109723,0.0026345726
109724,0.0031704335
109725,0.0027598168
109726,0.002635931
109727,0.002548469
109728,0.0036973609
109729,0.007671731
109730,0.008034908
109731,0.008035194
109732,0.006829203
109733,0.0015785658
109734,0.0060827285
109735,0.010233128
109736,0.009316434
109737,0.00979
109738,0.010393512
109739,0.00664723
109740,0.004419679
109741,0.0042249146
109742,0.0028288185
109743,0.0012597976
109744,0.00090946734
109745,0.001051335
109746,0.0010441963
109747,0.0007894857
109748,0.0009860236
109749,0.00090133474
109750,0.001436293
109751,0.0016480905
109752,0.0016516009
109753,0.001481164
109754,0.0012717769
109755,0.0007719651
109756,0.0011873946
109757,0.001131442
109758,0.001067761
109759,0.0012779407
109760,0.0018103702
109761,0.0014552157
109762,0.0012951108
109763,0.0012917131
109764,0.0016354511
109765,0.0015034748
109766,0.0011688671
109767,0.00090217387
109768,0.0009803994
109769,0.0008134881
109770,0.00093272276
109771,0.0013387359
109772,0.0012755472
109773,0.0013074565
109774,0.001181251
109775,0.0011760656
109776,0.0010139921
109777,0.0009025932
109778,0.0008853057
109779,0.0011376244
109780,0.0019422616
109781,0.0022266463
109782,0.0015709144
109783,0.0016314065
109784,0.001906784
109785,0.0021117304
109786,0.0021882004
109787,0.0020419287
109788,0.0018435686
109789,0.0014039538
109790,0.002320001
109791,0.0027017
109792,0.0034673815
109793,0.002974143
109794,0.0025374016
109795,0.0022761184
109796,0.0022064785
109797,0.0019294677
109798,0.0018359595
109799,0.0014648637
109800,0.00133353
109801,0.0011292535
109802,0.0011848428
109803,0.0009072887
109804,0.0010133318
109805,0.0014256357
109806,0.001192482
109807,0.0011439513
109808,0.0013350786
109809,0.00078058813
109810,0.0009387566
109811,0.001053271
109812,0.00049426465
109813,0.0005667875
109814,0.0009053298
109815,0.0010438339
109816,0.0014316452
109817,0.0010582606
109818,0.001036419
109819,0.000932036
109820,0.0010209429
109821,0.0008817151
109822,0.0011495855
109823,0.001224607
109824,0.0011410473
109825,0.0010819762
109826,0.00076552905
109827,0.00092554966
109828,0.0013436618
109829,0.0018881172
109830,0.0017114179
109831,0.0012743829
109832,0.0011836386
109833,0.0013433152
109834,0.001759994
109835,0.0014668491
109836,0.0007884528
109837,0.00045566075
109838,0.00063567096
109839,0.0011643766
109840,0.0012682707
109841,0.0013873965
109842,0.0017395857
109843,0.0019128186
109844,0.002281648
109845,0.0019237425
109846,0.0015810896
109847,0.0011644766
109848,0.0012197014
109849,0.003393683
109850,0.004700233
109851,0.0041892184
109852,0.004273251
109853,0.0037600456
109854,0.0016306035
109855,0.0027256487
109856,0.0031140829
109857,0.0032783677
109858,0.002822381
109859,0.0021200248
109860,0.0015920593
109861,0.0012286642
109862,0.0011666738
109863,0.0010803611
109864,0.0009246373
109865,0.0010411817
109866,0.0015977708
109867,0.0017556064
109868,0.0013713824
109869,0.00087979855
109870,0.000777899
109871,0.0008384007
109872,0.00089332357
109873,0.0007944101
109874,0.00074697967
109875,0.0011852848
109876,0.001310236
109877,0.0014374679
109878,0.0010952102
109879,0.0009978478
109880,0.0009779027
109881,0.0011771787
109882,0.001123621
109883,0.0010639929
109884,0.0027939943
109885,0.0037635348
109886,0.00236494
109887,0.0020916928
109888,0.0023963223
109889,0.002670735
109890,0.0
109891,0.0019128186
109892,0.0012514998
109893,0.0014787845
109894,0.001189623
109895,0.0008992658
109896,0.00079286995
109897,0.00080203044
109898,0.00081280805
109899,0.00072727783
109900,0.0007260763
109901,0.0006249587
109902,0.00047895344
109903,0.0011525184
109904,0.0013476413
109905,0.0012280719
109906,0.0009512604
109907,0.0011169965
109908,0.001064321
109909,0.0010327337
109910,0.00075946015
109911,0.0012053477
109912,0.0009607586
109913,0.0009792708
109914,0.0012976476
109915,0.0012933792
109916,0.0007453024
109917,0.0010854137
109918,0.0019238786
109919,0.001997095
109920,0.0018014582
109921,0.0013421664
109922,0.0006808994
109923,0.0012588963
109924,0.001166624
109925,0.0013753875
109926,0.001390979
109927,0.00121571
109928,0.001021399
109929,0.000991792
109930,0.0018406932
109931,0.0022874065
109932,0.0023001581
109933,0.0017922907
109934,0.0015727105
109935,0.0025299583
109936,0.0061744573
109937,0.0058438224
109938,0.0056982744
109939,0.006098368
109940,0.0033433726
109941,0.00236494
109942,0.0016021729
109943,0.0014845006
109944,0.0015074571
109945,0.0022083637
109946,0.0031180151
109947,0.004279002
109948,0.0039852397
109949,0.0035918977
109950,0.0033573064
109951,0.002274609
109952,0.0013144276
109953,0.0012703801
109954,0.004015222
109955,0.004109582
109956,0.002596607
109957,0.0021486874
109958,0.0013856753
109959,0.0011788587
109960,0.0011001682
109961,0.0010112906
109962,0.0005999635
109963,0.0010120961
109964,0.0015761303
109965,0.0012108645
109966,0.0013146711
109967,0.0019352512
109968,0.0015662573
109969,0.002101507
109970,0.0030068043
109971,0.0045450195
109972,0.0052318904
109973,0.003882335
109974,0.0024926062
109975,0.0016039702
109976,0.0011314935
109977,0.001524944
109978,0.0013980124
109979,0.001357475
109980,0.0017711538
109981,0.004984506
109982,0.007563097
109983,0.0087483805
109984,0.008177672
109985,0.006367716
109986,0.0054151504
109987,0.0040581496
109988,0.0026758192
109989,0.0026306591
109990,0.0021584984
109991,0.0014160288
109992,0.0013962209
109993,0.0015785474
109994,0.0013599169
109995,0.0010429971
109996,0.001157734
109997,0.0013462584
109998,0.0018161805
109999,0.0016739351
110000,0.0022770131
110001,0.0031044604
110002,0.003235538
110003,0.00292931
110004,0.002680264
110005,0.0010209429
110006,0.0017339383
110007,0.002971774
110008,0.0061884313
110009,0.007437674
110010,0.006350691
110011,0.0054102577
110012,0.004281926
110013,0.0028618062
110014,0.0020314544
110015,0.0017530682
110016,0.0014534347
110017,0.0017062575
110018,0.0024110335
110019,0.0033236677
110020,0.003069682
110021,0.0015155058
110022,0.00088547
110023,0.0007856054
110024,0.0010834546
110025,0.0011339088
110026,0.00066799694
110027,0.0012166433
110028,0.0013374527
110029,0.0013718491
110030,0.0013690459
110031,0.0011702606
110032,0.000944906
110033,0.0007187845
110034,0.0008089677
110035,0.0014735599
110036,0.0017305949
110037,0.0011878357
110038,0.0013880676
110039,0.0017796288
110040,0.0017310657
110041,0.0014558956
110042,0.0014276349
110043,0.0018388424
110044,0.0023687766
110045,0.0019223652
110046,0.0013699172
110047,0.0016754818
110048,0.0032726813
110049,0.0066353804
110050,0.008695227
110051,0.007241887
110052,0.0047787
110053,0.003928627
110054,0.0037455976
110055,0.003957663
110056,0.003794855
110057,0.0036693106
110058,0.002832294
110059,0.00168411
110060,0.0012522205
110061,0.003462308
110062,0.006580113
110063,0.0059832456
110064,0.007713752
110065,0.006962879
110066,0.0034285535
110067,0.0077447034
110068,0.010955994
110069,0.00981012
110070,0.009140225
110071,0.008958852
110072,0.0050769593
110073,0.004402167
110074,0.0031688449
110075,0.0017806098
110076,0.0011320593
110077,0.0014679399
110078,0.0018364826
110079,0.0015396262
110080,0.0012897964
110081,0.0011265441
110082,0.0009412026
110083,0.0016653414
110084,0.0020580424
110085,0.0016385446
110086,0.0015818994
110087,0.0015029907
110088,0.00123688
110089,0.0014794732
110090,0.0010803611
110091,0.0010626517
110092,0.0014634524
110093,0.0017904062
110094,0.0015575554
110095,0.0016565804
110096,0.0019614815
110097,0.0018110453
110098,0.0018628851
110099,0.0015460587
110100,0.0014139926
110101,0.0011911876
110102,0.00088953634
110103,0.00085707684
110104,0.0010779878
110105,0.000974026
110106,0.0010490626
110107,0.0011718263
110108,0.0011656756
110109,0.00095647783
110110,0.0012485662
110111,0.0012803979
110112,0.0014583723
110113,0.0017473146
110114,0.0017406727
110115,0.0012847773
110116,0.0014472541
110117,0.0016361627
110118,0.001978589
110119,0.0022813675
110120,0.0022637327
110121,0.0020816645
110122,0.0018978339
110123,0.0033986706
110124,0.0035929345
110125,0.0033580258
110126,0.0026956175
110127,0.0021803256
110128,0.0024755476
110129,0.0020137122
110130,0.002149229
110131,0.0022285148
110132,0.0021804324
110133,0.0020266206
110134,0.001364041
110135,0.0011178299
110136,0.00084217597
110137,0.0007993042
110138,0.0011548646
110139,0.00088155
110140,0.0008251747
110141,0.0010314366
110142,0.000867439
110143,0.0011332668
110144,0.0010574352
110145,0.00070124055
110146,0.000743504
110147,0.0010512796
110148,0.0012089642
110149,0.0015172907
110150,0.0010336915
110151,0.0009889709
110152,0.0008511478
110153,0.0009850786
110154,0.00092120003
110155,0.00078025245
110156,0.00057250966
110157,0.0003512837
110158,0.00042588153
110159,0.0007829707
110160,0.0011597683
110161,0.0012459761
110162,0.0015757978
110163,0.0014369413
110164,0.0011894518
110165,0.0014175079
110166,0.0018385099
110167,0.0021469528
110168,0.0018454148
110169,0.0014854806
110170,0.0011555448
110171,0.0010370085
110172,0.0007307112
110173,0.0007058324
110174,0.00095945515
110175,0.0011949687
110176,0.0013613072
110177,0.0016953573
110178,0.0015514895
110179,0.001088787
110180,0.0009003332
110181,0.0017474978
110182,0.0042930446
110183,0.0050720843
110184,0.0041433936
110185,0.0031731403
110186,0.0025843836
110187,0.0023346571
110188,0.0031057165
110189,0.0029655488
110190,0.0026705496
110191,0.0026244342
110192,0.0021803388
110193,0.0016445549
110194,0.0010578755
110195,0.00115431
110196,0.0010182026
110197,0.00096595485
110198,0.0010985533
110199,0.0015909254
110200,0.0017576442
110201,0.001224702
110202,0.0008219588
110203,0.0006283954
110204,0.000497083
110205,0.0010738763
110206,0.0013758952
110207,0.0015381889
110208,0.0017770267
110209,0.0016600903
110210,0.0015424779
110211,0.0011915541
110212,0.0009098833
110213,0.0012005089
110214,0.0013905605
110215,0.0014666308
110216,0.0016390063
110217,0.0028330132
110218,0.003508269
110219,0.0018278412
110220,0.0011616489
110221,0.0015857399
110222,0.0018263119
110223,0.0
110224,0.0013684293
110225,0.00056806975
110226,0.0007305917
110227,0.0008736573
110228,0.00086374045
110229,0.0010424668
110230,0.0009527278
110231,0.0008721903
110232,0.00095739024
110233,0.0010941201
110234,0.0014062528
110235,0.0016120245
110236,0.0019830116
110237,0.0020252126
110238,0.0014754744
110239,0.0011295112
110240,0.0010656602
110241,0.0014033732
110242,0.0014048448
110243,0.00089709484
110244,0.0011836877
110245,0.00090023625
110246,0.0012874928
110247,0.0014702182
110248,0.0014469122
110249,0.0014415114
110250,0.002412542
110251,0.0022704597
110252,0.0016948765
110253,0.0014460873
110254,0.0012381264
110255,0.0007819292
110256,0.0013470581
110257,0.00125811
110258,0.0012663417
110259,0.0010519992
110260,0.00062047195
110261,0.0009152094
110262,0.0013058083
110263,0.0018469911
110264,0.0022611343
110265,0.002324863
110266,0.0020735539
110267,0.0016673501
110268,0.0027161287
110269,0.0061319834
110270,0.006113878
110271,0.0051617743
110272,0.0051967213
110273,0.004483495
110274,0.004208038
110275,0.003285834
110276,0.0022665337
110277,0.0023257518
110278,0.0024744067
110279,0.0027346883
110280,0.0036524965
110281,0.0034088541
110282,0.003607534
110283,0.0035928534
110284,0.002069817
110285,0.0013677911
110286,0.0017056091
110287,0.004792675
110288,0.004828629
110289,0.0023374727
110290,0.0020439231
110291,0.0019769408
110292,0.0020837607
110293,0.0018139998
110294,0.0014460671
110295,0.0009925546
110296,0.0012525226
110297,0.001610218
110298,0.0011751001
110299,0.0015960577
110300,0.0023431433
110301,0.001416789
110302,0.0009735777
110303,0.0017653436
110304,0.004081377
110305,0.0060821874
110306,0.004775477
110307,0.0023823753
110308,0.001735549
110309,0.00093770196
110310,0.0014218539
110311,0.0013128767
110312,0.0014597287
110313,0.0020534839
110314,0.0041175485
110315,0.0061974027
110316,0.008234347
110317,0.0077381697
110318,0.0066073816
110319,0.006337543
110320,0.0051003173
110321,0.003153885
110322,0.0032007105
110323,0.0028073788
110324,0.0020680868
110325,0.0012531963
110326,0.0009304421
110327,0.0006723397
110328,0.0007578873
110329,0.0011234138
110330,0.0011850884
110331,0.0013611362
110332,0.0014115411
110333,0.0015835359
110334,0.0021160948
110335,0.0022470218
110336,0.0018272838
110337,0.0016488497
110338,0.00091717887
110339,0.0019085536
110340,0.0036135877
110341,0.005150237
110342,0.006186635
110343,0.0060196165
110344,0.005618478
110345,0.004951483
110346,0.00429257
110347,0.004315601
110348,0.0040273736
110349,0.0032515815
110350,0.0019565194
110351,0.0023562976
110352,0.00396128
110353,0.0039886776
110354,0.0018032991
110355,0.0006611653
110356,0.0005074551
110357,0.0010209715
110358,0.00119492
110359,0.0008212504
110360,0.000669694
110361,0.0006946102
110362,0.0009251093
110363,0.0010975462
110364,0.0011549654
110365,0.0010974666
110366,0.0010343388
110367,0.0012664106
110368,0.0017106865
110369,0.0020165285
110370,0.0018561864
110371,0.0020569814
110372,0.00194726
110373,0.0014215878
110374,0.00085066893
110375,0.0014059631
110376,0.0018018782
110377,0.0022405235
110378,0.0020872774
110379,0.0016156132
110380,0.0012397004
110381,0.0014989382
110382,0.004310372
110383,0.007361591
110384,0.008339294
110385,0.0077418284
110386,0.0072583696
110387,0.005927023
110388,0.004856126
110389,0.004336692
110390,0.0033944375
110391,0.0028587638
110392,0.0017534334
110393,0.0014975201
110394,0.0036415716
110395,0.0063148625
110396,0.005991635
110397,0.0076593724
110398,0.007087026
110399,0.00462369
110400,0.008074909
110401,0.009959981
110402,0.009257323
110403,0.008633516
110404,0.0069240066
110405,0.004390138
110406,0.0036324332
110407,0.0028353133
110408,0.002292211
110409,0.0018091802
110410,0.0025375967
110411,0.0029385453
110412,0.0026884929
110413,0.0026438797
110414,0.002141768
110415,0.0016209905
110416,0.002549645
110417,0.002262807
110418,0.0013894298
110419,0.0013295081
110420,0.0014034768
110421,0.0013004929
110422,0.0015747078
110423,0.0011309017
110424,0.0008741901
110425,0.0011530234
110426,0.0011324448
110427,0.0012472601
110428,0.0011014637
110429,0.0016615798
110430,0.0020563446
110431,0.0024077722
110432,0.0020645796
110433,0.0019666827
110434,0.0015392859
110435,0.0009025932
110436,0.0009106506
110437,0.000944906
110438,0.00082918565
110439,0.0010551759
110440,0.00150821
110441,0.0015516959
110442,0.0016288713
110443,0.0016582836
110444,0.0014682373
110445,0.0013306241
110446,0.0014171588
110447,0.0010521099
110448,0.00058691815
110449,0.0007563882
110450,0.00085921347
110451,0.001533698
110452,0.001937671
110453,0.0021493644
110454,0.0018649149
110455,0.0022032973
110456,0.0031617281
110457,0.002746582
110458,0.0017569818
110459,0.0016742654
110460,0.0018517281
110461,0.0024403569
110462,0.002037734
110463,0.0020395329
110464,0.0021316889
110465,0.0026775044
110466,0.0030746176
110467,0.0024973073
110468,0.0015493871
110469,0.0011942866
110470,0.0010375977
110471,0.0014818516
110472,0.0012418582
110473,0.001120924
110474,0.00095735985
110475,0.0007640068
110476,0.0009392835
110477,0.0009992468
110478,0.0007250735
110479,0.0006222518
110480,0.00067030214
110481,0.0010684149
110482,0.0010209145
110483,0.0008143463
110484,0.0009803994
110485,0.0009643567
110486,0.0007579641
110487,0.0005791811
110488,0.00049591064
110489,0.00063791045
110490,0.00089508115
110491,0.0011750506
110492,0.0015965682
110493,0.0015287182
110494,0.0012579481
110495,0.0010209429
110496,0.001022908
110497,0.0013048495
110498,0.0014580729
110499,0.0020899249
110500,0.0025946111
110501,0.002736348
110502,0.0026360855
110503,0.0021087928
110504,0.0013588249
110505,0.0010929757
110506,0.0008601614
110507,0.00048004597
110508,0.0009189225
110509,0.0012176714
110510,0.0013008734
110511,0.0018599456
110512,0.0018106115
110513,0.001774601
110514,0.0019123774
110515,0.0045920145
110516,0.006106614
110517,0.004213913
110518,0.0033969232
110519,0.0016905093
110520,0.0022828851
110521,0.0028593338
110522,0.0024636567
110523,0.002592232
110524,0.002815877
110525,0.0020452186
110526,0.0012694176
110527,0.00068328885
110528,0.00081638084
110529,0.0005924951
110530,0.00070389174
110531,0.0011320078
110532,0.0013052509
110533,0.0014896478
110534,0.0011765357
110535,0.00080148596
110536,0.00083443394
110537,0.0011597683
110538,0.0017004994
110539,0.0020189518
110540,0.0019506648
110541,0.0018843986
110542,0.001337779
110543,0.00094905496
110544,0.00072735787
110545,0.0009280932
110546,0.0017168003
110547,0.0015024485
110548,0.0020987631
110549,0.002586905
110550,0.002550364
110551,0.0025678326
110552,0.0014025018
110553,0.0007285173
110554,0.000573982
110555,0.00071010774
110556,0.0
110557,0.0010358852
110558,0.0006380473
110559,0.00092872017
110560,0.0012909693
110561,0.0014474954
110562,0.0014612033
110563,0.0013276023
110564,0.0013690459
110565,0.001256235
110566,0.00107993
110567,0.0011888643
110568,0.0014845398
110569,0.0020014332
110570,0.0019193653
110571,0.001203342
110572,0.0012392541
110573,0.0010290636
110574,0.0011451464
110575,0.0011762884
110576,0.0011076031
110577,0.0012014783
110578,0.0007657951
110579,0.0010808189
110580,0.001218651
110581,0.0014053833
110582,0.0028851018
110583,0.0036597084
110584,0.0022109586
110585,0.0011487497
110586,0.0011848919
110587,0.0012977822
110588,0.0012656979
110589,0.001401817
110590,0.0011887909
110591,0.00092104205
110592,0.0006733778
110593,0.0008228789
110594,0.0011463912
110595,0.0014262071
110596,0.0018238242
110597,0.0015827271
110598,0.0016437406
110599,0.0017538815
110600,0.0018766294
110601,0.0028114188
110602,0.0051778806
110603,0.0060976236
110604,0.005795845
110605,0.0045248354
110606,0.004176639
110607,0.00480263
110608,0.0049671223
110609,0.004272175
110610,0.0031260042
110611,0.002227156
110612,0.003250131
110613,0.0034452186
110614,0.0032099811
110615,0.0033246656
110616,0.0031724982
110617,0.0017369402
110618,0.0014231429
110619,0.0035838669
110620,0.005352655
110621,0.00465308
110622,0.0035438435
110623,0.0040825247
110624,0.003719281
110625,0.0027727785
110626,0.0016994551
110627,0.0010838575
110628,0.0012874024
110629,0.0014458055
110630,0.0014133749
110631,0.0009714529
110632,0.0016856991
110633,0.0025041853
110634,0.0014955949
110635,0.0006987459
110636,0.0017141537
110637,0.0033164532
110638,0.005779341
110639,0.005164582
110640,0.0028354777
110641,0.0019571292
110642,0.0011366005
110643,0.001610995
110644,0.0015809423
110645,0.001561549
110646,0.001720272
110647,0.0032686235
110648,0.0052252165
110649,0.0069216313
110650,0.0067398823
110651,0.006008031
110652,0.0068234643
110653,0.006273761
110654,0.004534621
110655,0.00339183
110656,0.0029954677
110657,0.0019843467
110658,0.0013409299
110659,0.00091667107
110660,0.0006323659
110661,0.0008373934
110662,0.0013084356
110663,0.0014127777
110664,0.0014244103
110665,0.0012268389
110666,0.0012107684
110667,0.0013303836
110668,0.0013194663
110669,0.0011739603
110670,0.0013663009
110671,0.001245205
110672,0.0022453375
110673,0.004497145
110674,0.0054679452
110675,0.005236083
110676,0.0045990446
110677,0.0044614673
110678,0.0042972933
110679,0.004282334
110680,0.0043805083
110681,0.004887126
110682,0.0046482114
110683,0.004211184
110684,0.003455105
110685,0.004774075
110686,0.0049811825
110687,0.0021496487
110688,0.00087555405
110689,0.00087352406
110690,0.0007233052
110691,0.00091654406
110692,0.00061854586
110693,0.0005112833
110694,0.00045947707
110695,0.00026855036
110696,0.0005154784
110697,0.0013175679
110698,0.0013203924
110699,0.0011262082
110700,0.0011605711
110701,0.0018086493
110702,0.0020531295
110703,0.0016693039
110704,0.0021349904
110705,0.002066031
110706,0.0014150419
110707,0.0011574825
110708,0.0012997766
110709,0.0016135043
110710,0.001977721
110711,0.0019448523
110712,0.0012780773
110713,0.00084820203
110714,0.0012973336
110715,0.002912371
110716,0.005784505
110717,0.0072037647
110718,0.0072802776
110719,0.006997952
110720,0.005398
110721,0.003979649
110722,0.0030394017
110723,0.0025371378
110724,0.0024160137
110725,0.00183115
110726,0.0014075148
110727,0.003391341
110728,0.0061087967
110729,0.0061968486
110730,0.0065800333
110731,0.0061044977
110732,0.0040472914
110733,0.0066713854
110734,0.008727981
110735,0.010209315
110736,0.00807068
110737,0.0049910354
110738,0.0040900954
110739,0.0028462345
110740,0.002065834
110741,0.0017775507
110742,0.0021142785
110743,0.0026079477
110744,0.0027717182
110745,0.0024109974
110746,0.0032028195
110747,0.0031224363
110748,0.0025848676
110749,0.0029118112
110750,0.0019714863
110751,0.0009523306
110752,0.0012925013
110753,0.001401817
110754,0.0015687452
110755,0.001648832
110756,0.0011671229
110757,0.0010028229
110758,0.0014281648
110759,0.0011560484
110760,0.0012679035
110761,0.0010943062
110762,0.001446027
110763,0.0019431455
110764,0.0022372087
110765,0.0020682134
110766,0.002165149
110767,0.0017308639
110768,0.0009493616
110769,0.0010747974
110770,0.0010673248
110771,0.0010122686
110772,0.0015338688
110773,0.0020107906
110774,0.0018529379
110775,0.0020085024
110776,0.0016826232
110777,0.0011247342
110778,0.0009473054
110779,0.0012373269
110780,0.0012141529
110781,0.00061845174
110782,0.0005311067
110783,0.00088547
110784,0.0013870609
110785,0.0014940568
110786,0.0018160844
110787,0.0017102271
110788,0.0022135766
110789,0.0024926413
110790,0.0019078979
110791,0.0010241591
110792,0.00095119915
110793,0.0015381132
110794,0.001980074
110795,0.0017893817
110796,0.0019854463
110797,0.00182956
110798,0.002587231
110799,0.0033218632
110800,0.0031388816
110801,0.0022372736
110802,0.00137204
110803,0.0010188884
110804,0.0014381359
110805,0.0011320078
110806,0.0009850491
110807,0.0007311492
110808,0.00046620533
110809,0.000872624
110810,0.0010233348
110811,0.00052725687
110812,0.00069636776
110813,0.0007578873
110814,0.0010089857
110815,0.001289458
110816,0.0015376211
110817,0.0013840361
110818,0.0009762048
110819,0.00070119905
110820,0.00066015206
110821,0.00048756547
110822,0.00073357334
110823,0.0012564665
110824,0.0016875628
110825,0.0019603537
110826,0.0016393082
110827,0.0012114412
110828,0.0008967379
110829,0.0010642117
110830,0.0015491429
110831,0.0017479474
110832,0.0022914999
110833,0.0028276455
110834,0.0028384116
110835,0.002787424
110836,0.0023223832
110837,0.0017135763
110838,0.0013424049
110839,0.0014530743
110840,0.0012208701
110841,0.0014700202
110842,0.0019703049
110843,0.003781641
110844,0.0044910247
110845,0.004395008
110846,0.0034254112
110847,0.0039227554
110848,0.00663927
110849,0.0071659675
110850,0.0048237024
110851,0.0036208532
110852,0.0031283495
110853,0.0038784423
110854,0.002941812
110855,0.002420647
110856,0.0028045368
110857,0.002677363
110858,0.0018537702
110859,0.0009521166
110860,0.0006991623
110861,0.0006760091
110862,0.0005088869
110863,0.000995921
110864,0.0014224064
110865,0.0011719505
110866,0.0012587577
110867,0.0009634811
110868,0.00077673834
110869,0.0014386214
110870,0.0017491458
110871,0.0018137912
110872,0.0017371078
110873,0.0012648469
110874,0.001059305
110875,0.0010314083
110876,0.0011414809
110877,0.001335362
110878,0.0020376625
110879,0.0023435408
110880,0.0018028955
110881,0.0026425694
110882,0.0034680697
110883,0.0026731966
110884,0.0020849057
110885,0.0014534747
110886,0.0008123066
110887,0.0007059561
110888,0.0009218317
